c ids of sdd nodes start at 0
c sdd nodes appear bottom-up, children before parents
c
c file syntax:
c sdd count-of-sdd-nodes
c F id-of-false-sdd-node
c T id-of-true-sdd-node
c L id-of-literal-sdd-node id-of-vtree literal
c D id-of-decomposition-sdd-node id-of-vtree number-of-elements {id-of-prime id-of-sub}*
c
sdd 2581
L 1 0 -115
L 3 2 110
L 5 6 -124
L 7 8 -113
L 10 10 -182
L 14 12 144
L 15 14 -53
L 16 12 -144
F 17
D 13 13 2 14 15 16 17
L 19 16 -76
L 20 18 75
L 21 16 76
D 18 17 2 19 20 21 17
L 23 14 53
T 24
D 22 13 2 14 23 16 24
D 12 15 2 13 18 22 17
L 27 20 32
L 30 22 -49
L 31 24 30
L 32 22 49
D 29 23 2 30 31 32 17
L 34 26 -46
L 35 28 -45
L 36 26 46
D 33 27 2 34 35 36 17
L 38 24 -30
D 37 23 2 30 38 32 24
D 28 25 2 29 33 37 17
L 39 20 -32
D 26 21 2 27 28 39 17
L 40 32 -129
L 44 28 45
D 43 27 2 34 44 36 24
D 42 25 2 29 43 37 24
D 41 21 2 27 42 39 24
D 25 29 2 26 40 41 17
L 47 18 -75
D 46 17 2 19 47 21 24
D 45 15 2 13 46 22 24
D 11 19 2 12 25 45 17
L 48 10 182
D 9 11 2 10 11 48 17
L 51 34 111
L 52 36 112
L 53 34 -111
D 50 35 2 51 52 53 17
L 57 42 24
L 58 44 -23
L 59 42 -24
D 56 43 2 57 58 59 17
L 62 48 -109
L 65 50 -73
L 66 52 74
L 67 50 73
D 64 51 2 65 66 67 17
L 68 54 -127
L 70 52 -74
D 69 51 2 65 70 67 24
D 63 53 2 64 68 69 17
L 71 48 109
D 61 49 2 62 63 71 17
L 73 56 -142
L 75 58 181
L 76 60 -143
L 77 58 -181
D 74 59 2 75 76 77 17
L 78 56 142
D 72 57 2 73 74 78 17
L 81 54 127
D 80 53 2 64 81 69 24
D 79 49 2 62 80 71 24
D 60 55 2 61 72 79 17
L 83 44 23
D 82 43 2 59 83 57 17
D 87 51 2 67 70 65 17
D 88 51 2 67 66 65 24
D 86 53 2 87 68 88 17
D 85 49 2 71 86 62 17
L 91 60 143
D 90 59 2 77 91 75 17
D 89 57 2 73 90 78 17
D 93 53 2 87 81 88 24
D 92 49 2 71 93 62 24
D 84 55 2 85 89 92 17
D 94 43 2 59 58 57 83
D 55 45 3 56 60 82 84 94 17
L 97 62 -119
L 101 64 -78
L 102 66 77
L 103 64 78
D 100 65 2 101 102 103 17
L 104 68 -131
L 106 66 -77
D 105 65 2 101 106 103 24
D 99 67 2 100 104 105 17
L 108 72 -125
L 110 74 145
L 111 76 -183
L 112 74 -145
D 109 75 2 110 111 112 17
L 113 72 125
D 107 73 2 108 109 113 17
L 115 68 131
D 114 67 2 100 115 105 24
D 98 71 2 99 107 114 17
L 116 62 119
D 96 63 2 97 98 116 17
L 119 78 -108
L 123 80 -69
L 124 82 70
L 125 80 69
D 122 81 2 123 124 125 17
L 126 84 -107
L 128 82 -70
D 127 81 2 123 128 125 24
D 121 83 2 122 126 127 17
L 129 86 -117
L 131 84 107
D 130 83 2 122 131 127 24
D 120 85 2 121 129 130 17
L 132 78 108
D 118 79 2 119 120 132 17
L 135 90 163
L 138 92 71
L 139 94 -72
L 140 92 -71
D 137 93 2 138 139 140 17
L 143 96 -2
L 144 98 1
L 145 96 2
D 142 97 2 143 144 145 17
L 148 100 -55
L 149 102 56
L 150 100 55
D 147 101 2 148 149 150 17
L 152 104 -37
L 153 106 38
L 154 104 37
D 151 105 2 152 153 154 17
L 156 102 -56
D 155 101 2 148 156 150 24
D 146 103 2 147 151 155 17
L 158 98 -1
D 157 97 2 143 158 145 24
D 141 99 2 142 146 157 17
L 160 94 72
D 159 93 2 138 160 140 24
D 136 95 2 137 141 159 17
L 161 90 -163
D 134 91 2 135 136 161 17
L 166 108 -121
L 167 110 -106
L 168 108 121
D 165 109 2 166 167 168 17
L 170 112 -18
L 172 114 40
L 173 116 -39
L 174 114 -40
D 171 115 2 172 173 174 17
L 175 112 18
D 169 113 2 170 171 175 17
L 177 110 106
D 176 109 2 166 177 168 24
D 164 111 2 165 169 176 17
L 181 118 -67
L 182 120 68
L 183 118 67
D 180 119 2 181 182 183 17
L 184 122 -105
L 186 120 -68
D 185 119 2 181 186 183 24
D 179 121 2 180 184 185 17
L 188 124 141
L 189 126 -139
L 190 124 -141
D 187 125 2 188 189 190 17
L 192 122 105
D 191 121 2 180 192 185 24
D 178 123 2 179 187 191 17
L 196 116 39
D 195 115 2 172 196 174 24
D 194 113 2 170 195 175 24
D 193 111 2 165 194 176 24
D 163 117 2 164 178 193 17
L 202 128 -41
L 203 130 42
L 204 128 41
D 201 129 2 202 203 204 17
L 206 132 17
L 207 134 -104
L 208 132 -17
D 205 133 2 206 207 208 17
L 210 130 -42
D 209 129 2 202 210 204 24
D 200 131 2 201 205 209 17
L 212 136 -122
L 214 138 -103
L 216 140 -65
L 217 142 66
L 218 140 65
D 215 141 2 216 217 218 17
L 219 138 103
D 213 139 2 214 215 219 17
L 220 136 122
D 211 137 2 212 213 220 17
L 223 134 104
D 222 133 2 206 223 208 24
D 221 131 2 201 222 209 24
D 199 135 2 200 211 221 17
L 227 144 148
L 229 146 147
L 230 148 -149
L 231 146 -147
D 228 147 2 229 230 231 17
L 232 144 -148
D 226 145 2 227 228 232 17
L 234 150 14
L 235 152 -13
L 236 150 -14
D 233 151 2 234 235 236 17
L 239 148 149
D 238 147 2 229 239 231 24
D 237 145 2 227 238 232 24
D 225 149 2 226 233 237 17
L 244 154 -150
L 245 156 -151
L 246 154 150
D 243 155 2 244 245 246 17
L 248 158 -153
L 250 160 -81
L 251 162 82
L 252 160 81
D 249 161 2 250 251 252 17
L 253 158 153
D 247 159 2 248 249 253 17
L 255 156 151
D 254 155 2 244 255 246 24
D 242 157 2 243 247 254 17
L 257 164 -84
L 258 166 83
L 259 164 84
D 256 165 2 257 258 259 17
L 263 162 -82
D 262 161 2 250 263 252 24
D 261 159 2 248 262 253 24
D 260 157 2 243 261 254 24
D 241 163 2 242 256 260 17
L 266 168 -140
L 267 170 -152
L 268 168 140
D 265 169 2 266 267 268 17
L 270 172 -85
L 271 174 86
L 272 172 85
D 269 173 2 270 271 272 17
L 274 170 152
D 273 169 2 266 274 268 24
D 264 171 2 265 269 273 17
L 277 166 -83
D 276 165 2 257 277 259 24
D 275 163 2 242 276 260 24
D 240 167 2 241 264 275 17
L 280 152 13
D 279 151 2 234 280 236 24
D 278 149 2 226 279 237 24
D 224 153 2 225 240 278 17
L 285 142 -66
D 284 141 2 216 285 218 24
D 283 139 2 214 284 219 24
D 282 137 2 212 283 220 24
D 281 135 2 200 282 221 24
D 198 143 2 199 224 281 17
L 289 176 -16
L 290 178 15
L 291 176 16
D 288 177 2 289 290 291 17
L 296 180 -160
L 297 182 138
L 298 180 160
D 295 181 2 296 297 298 17
L 300 184 -87
L 301 186 88
L 302 184 87
D 299 185 2 300 301 302 17
L 304 182 -138
D 303 181 2 296 304 298 24
D 294 183 2 295 299 303 17
L 306 188 137
L 308 190 -96
L 309 192 95
L 310 190 96
D 307 191 2 308 309 310 17
L 311 188 -137
D 305 189 2 306 307 311 17
L 314 186 -88
D 313 185 2 300 314 302 24
D 312 183 2 295 313 303 24
D 293 187 2 294 305 312 17
L 316 194 -174
L 320 196 -90
L 321 198 89
L 322 196 90
D 319 197 2 320 321 322 17
L 323 200 -173
L 325 198 -89
D 324 197 2 320 325 322 24
D 318 199 2 319 323 324 17
L 327 202 5
L 328 204 -6
L 329 202 -5
D 326 203 2 327 328 329 17
L 331 200 173
D 330 199 2 319 331 324 24
D 317 201 2 318 326 330 17
L 332 194 174
D 315 195 2 316 317 332 17
L 336 192 -95
D 335 191 2 308 336 310 24
D 334 189 2 306 335 311 24
D 333 187 2 294 334 312 24
D 292 193 2 293 315 333 17
L 338 178 -15
D 337 177 2 289 338 291 24
D 287 179 2 288 292 337 17
L 343 206 19
L 344 208 -20
L 345 206 -19
D 342 207 2 343 344 345 17
L 349 210 -3
L 352 212 4
L 353 214 -35
L 354 212 -4
D 351 213 2 352 353 354 17
L 356 216 52
L 360 218 54
L 361 220 -57
L 362 218 -54
D 359 219 2 360 361 362 17
L 363 222 -58
L 365 220 57
D 364 219 2 360 365 362 24
D 358 221 2 359 363 364 17
L 367 224 -59
L 368 226 -60
L 369 224 59
D 366 225 2 367 368 369 17
L 371 222 58
D 370 221 2 359 371 364 24
D 357 223 2 358 366 370 17
L 372 216 -52
D 355 217 2 356 357 372 17
L 374 214 35
D 373 213 2 352 374 354 24
D 350 215 2 351 355 373 17
L 375 210 3
D 348 211 2 349 350 375 17
L 378 228 7
L 380 230 -8
L 381 232 9
L 382 230 8
D 379 231 2 380 381 382 17
L 383 228 -7
D 377 229 2 378 379 383 17
L 386 234 -165
L 389 236 -50
L 390 238 51
L 391 236 50
D 388 237 2 389 390 391 17
L 395 240 29
L 396 242 -10
L 397 240 -29
D 394 241 2 395 396 397 17
L 399 244 11
L 400 246 -12
L 401 244 -11
D 398 245 2 399 400 401 17
L 403 242 10
D 402 241 2 395 403 397 24
D 393 243 2 394 398 402 17
L 406 248 -47
L 407 250 -48
L 408 248 47
D 405 249 2 406 407 408 17
L 411 252 62
L 412 254 -31
L 413 252 -62
D 410 253 2 411 412 413 17
L 414 256 -61
L 416 254 31
D 415 253 2 411 416 413 24
D 409 255 2 410 414 415 17
L 418 250 48
D 417 249 2 406 418 408 24
D 404 251 2 405 409 417 17
L 421 246 12
D 420 245 2 399 421 401 24
D 419 243 2 394 420 402 24
D 392 247 2 393 404 419 17
L 423 238 -51
D 422 237 2 389 423 391 24
D 387 239 2 388 392 422 17
L 424 234 165
D 385 235 2 386 387 424 17
L 427 258 -164
L 428 260 169
L 429 258 164
D 426 259 2 427 428 429 17
L 432 262 171
L 433 264 -177
L 434 262 -171
D 431 263 2 432 433 434 17
L 436 266 167
L 437 268 -168
L 438 266 -167
D 435 267 2 436 437 438 17
L 440 264 177
D 439 263 2 432 440 434 24
D 430 265 2 431 435 439 17
L 442 260 -169
D 441 259 2 427 442 429 24
D 425 261 2 426 430 441 17
L 448 256 61
D 447 255 2 410 448 415 24
D 446 251 2 405 447 417 24
D 445 247 2 393 446 419 24
D 444 239 2 388 445 422 24
D 443 235 2 386 444 424 24
D 384 257 2 385 425 443 17
L 451 232 -9
D 450 231 2 380 451 382 24
D 449 229 2 378 450 383 24
D 376 233 2 377 384 449 17
L 457 226 60
D 456 225 2 367 457 369 24
D 455 223 2 358 456 370 24
D 454 217 2 356 455 372 24
D 453 215 2 351 454 373 24
D 452 211 2 349 453 375 24
D 347 227 2 348 376 452 17
L 460 270 179
L 461 272 -178
L 462 270 -179
D 459 271 2 460 461 462 17
L 465 274 -172
L 466 276 170
L 467 274 172
D 464 275 2 465 466 467 17
L 469 278 166
L 470 280 180
L 471 278 -166
D 468 279 2 469 470 471 17
L 473 276 -170
D 472 275 2 465 473 467 24
D 463 277 2 464 468 472 17
L 475 272 178
D 474 271 2 460 475 462 24
D 458 273 2 459 463 474 17
L 482 268 168
D 481 267 2 436 482 438 24
D 480 265 2 431 481 439 24
D 479 261 2 426 480 441 24
D 478 257 2 385 479 443 24
D 477 233 2 377 478 449 24
D 476 227 2 348 477 452 24
D 346 269 2 347 458 476 17
L 484 208 20
D 483 207 2 343 484 345 24
D 341 209 2 342 346 483 17
L 487 282 25
L 488 284 -26
L 489 282 -25
D 486 283 2 487 488 489 17
L 493 286 -36
L 495 288 -33
L 497 290 -34
L 499 292 27
L 500 294 -28
L 501 292 -27
D 498 293 2 499 500 501 17
L 502 290 34
D 496 291 2 497 498 502 17
L 503 288 33
D 494 289 2 495 496 503 17
L 504 286 36
D 492 287 2 493 494 504 17
L 507 296 79
L 508 298 -80
L 509 296 -79
D 506 297 2 507 508 509 17
L 510 300 -133
L 512 298 80
D 511 297 2 507 512 509 24
D 505 299 2 506 510 511 17
L 517 294 28
D 516 293 2 499 517 501 24
D 515 291 2 497 516 502 24
D 514 289 2 495 515 503 24
D 513 287 2 493 514 504 24
D 491 295 2 492 505 513 17
L 519 304 -126
L 521 306 146
L 522 308 -184
L 523 306 -146
D 520 307 2 521 522 523 17
L 524 304 126
D 518 305 2 519 520 524 17
L 527 300 133
D 526 299 2 506 527 511 24
D 525 295 2 492 526 513 24
D 490 303 2 491 518 525 17
L 529 284 26
D 528 283 2 487 529 489 24
D 485 285 2 486 490 528 17
L 535 280 -180
D 534 279 2 469 535 471 24
D 533 277 2 464 534 472 24
D 532 273 2 459 533 474 24
D 531 269 2 347 532 476 24
D 530 209 2 342 531 483 24
D 340 281 2 341 485 530 17
L 538 310 102
L 541 312 43
L 542 314 -44
L 543 312 -43
D 540 313 2 541 542 543 17
L 545 316 101
L 547 318 -64
L 548 320 63
L 549 318 64
D 546 319 2 547 548 549 17
L 550 316 -101
D 544 317 2 545 546 550 17
L 552 314 44
D 551 313 2 541 552 543 24
D 539 315 2 540 544 551 17
L 553 310 -102
D 537 311 2 538 539 553 17
L 555 322 -123
L 559 324 22
L 560 326 -21
L 561 324 -22
D 558 325 2 559 560 561 17
L 564 328 -156
L 565 330 157
L 566 328 156
D 563 329 2 564 565 566 17
L 569 332 -91
L 570 334 92
L 571 332 91
D 568 333 2 569 570 571 17
L 573 336 158
L 575 338 -94
L 576 340 93
L 577 338 94
D 574 339 2 575 576 577 17
L 578 336 -158
D 572 337 2 573 574 578 17
L 580 334 -92
D 579 333 2 569 580 571 24
D 567 335 2 568 572 579 17
L 582 330 -157
D 581 329 2 564 582 566 24
D 562 331 2 563 567 581 17
L 584 326 21
D 583 325 2 559 584 561 24
D 557 327 2 558 562 583 17
L 587 342 -154
L 588 344 -155
L 589 342 154
D 586 343 2 587 588 589 17
L 593 346 -135
L 594 348 -161
L 595 346 135
D 592 347 2 593 594 595 17
L 598 350 98
L 599 352 -97
L 600 350 -98
D 597 351 2 598 599 600 17
L 601 354 175
L 603 352 97
D 602 351 2 598 603 600 24
D 596 353 2 597 601 602 17
L 605 348 161
D 604 347 2 593 605 595 24
D 591 349 2 592 596 604 17
L 607 356 159
L 610 358 -136
L 611 360 -162
L 612 358 136
D 609 359 2 610 611 612 17
L 614 362 176
L 616 364 -99
L 617 366 100
L 618 364 99
D 615 365 2 616 617 618 17
L 619 362 -176
D 613 363 2 614 615 619 17
L 621 360 162
D 620 359 2 610 621 612 24
D 608 361 2 609 613 620 17
L 622 356 -159
D 606 357 2 607 608 622 17
L 625 354 -175
D 624 353 2 597 625 602 24
D 623 349 2 592 624 604 24
D 590 355 2 591 606 623 17
L 627 344 155
D 626 343 2 587 627 589 24
D 585 345 2 586 590 626 17
L 633 340 -93
D 632 339 2 575 633 577 24
D 631 337 2 573 632 578 24
D 630 335 2 568 631 579 24
D 629 331 2 563 630 581 24
D 628 327 2 558 629 583 24
D 556 341 2 557 585 628 17
L 634 322 123
D 637 325 2 561 584 559 17
D 640 333 2 571 580 569 17
D 642 339 2 577 633 575 17
D 641 337 2 578 642 573 17
D 643 333 2 571 570 569 24
D 639 335 2 640 641 643 17
D 638 331 2 563 639 581 17
D 644 325 2 561 560 559 24
D 636 327 2 637 638 644 17
D 648 347 2 595 594 593 17
D 650 351 2 600 603 598 17
D 651 351 2 600 599 598 24
D 649 353 2 650 625 651 17
D 652 347 2 595 605 593 24
D 647 349 2 648 649 652 17
D 654 353 2 650 601 651 24
D 653 349 2 648 654 652 24
D 646 355 2 647 606 653 17
D 645 345 2 586 646 626 17
D 659 339 2 577 576 575 24
D 658 337 2 578 659 573 24
D 657 335 2 640 658 643 24
D 656 331 2 563 657 581 24
D 655 327 2 637 656 644 24
D 635 341 2 636 645 655 17
D 554 323 2 555 556 634 635
D 662 313 2 543 552 541 17
L 665 320 -63
D 664 319 2 549 665 547 17
D 663 317 2 550 664 545 17
D 666 313 2 543 542 541 24
D 661 315 2 662 663 666 17
D 660 311 2 553 661 538 17
D 671 329 2 564 582 566 17
D 672 335 2 568 641 579 17
D 673 329 2 564 565 566 24
D 670 331 2 671 672 673 17
D 669 327 2 558 670 583 17
D 676 357 2 622 608 607 17
D 675 355 2 591 676 623 17
D 674 345 2 586 675 626 17
D 677 327 2 637 562 644 17
D 680 335 2 568 658 579 24
D 679 331 2 671 680 673 24
D 681 325 2 561 560 559 584
D 678 327 3 558 679 637 629 681 24
D 668 341 3 669 674 677 645 678 17
D 667 323 2 555 668 634 17
D 685 319 2 547 665 549 24
D 684 317 2 545 685 550 24
D 683 315 2 540 684 551 24
D 688 319 2 549 548 547 24
D 687 317 2 550 688 545 24
D 686 315 2 662 687 666 24
D 682 311 2 538 683 553 686
D 536 321 3 537 554 660 667 682 17
L 694 308 184
D 693 307 2 521 694 523 24
D 692 305 2 519 693 524 24
D 691 303 2 491 692 525 24
D 690 285 2 486 691 528 24
D 689 281 2 341 690 530 24
D 339 309 2 340 536 689 17
D 699 199 2 319 331 324 17
L 701 204 6
D 700 203 2 329 701 327 17
D 702 199 2 319 323 324 24
D 698 201 2 699 700 702 17
D 697 195 2 332 698 316 17
D 696 193 2 293 697 333 17
D 695 179 2 288 696 337 17
D 708 271 2 462 461 460 17
D 710 279 2 469 535 471 17
D 709 277 2 464 710 472 17
D 711 271 2 462 475 460 24
D 707 273 2 708 709 711 17
D 706 269 2 347 707 476 17
D 705 209 2 342 706 483 17
D 716 279 2 469 470 471 24
D 715 277 2 464 716 472 24
D 714 273 2 708 715 711 24
D 713 269 2 347 714 476 24
D 712 209 2 342 713 483 24
D 704 281 2 705 485 712 17
D 723 353 2 650 601 651 17
D 722 349 2 648 723 652 17
D 725 353 2 650 625 651 24
D 724 349 2 648 725 652 24
D 721 355 2 722 606 724 17
D 720 345 2 586 721 626 17
D 719 341 2 636 720 655 17
D 718 323 2 555 556 634 719
D 727 341 3 669 674 677 720 678 17
D 726 323 2 555 727 634 17
D 717 321 3 537 718 660 726 682 17
D 728 281 2 705 690 712 24
D 703 309 2 704 717 728 17
D 733 203 2 329 328 327 24
D 732 201 2 699 733 702 24
D 735 203 2 327 701 329 24
D 734 201 2 318 735 330 24
D 731 195 2 332 732 316 734
D 730 193 2 293 731 333 24
D 729 179 2 288 730 337 24
D 286 205 3 287 339 695 703 729 17
D 739 151 2 236 280 234 17
D 738 149 2 226 739 237 17
D 743 155 2 244 255 246 17
D 744 159 2 253 249 248 17
D 745 155 2 244 245 246 24
D 742 157 2 743 744 745 17
D 747 159 2 253 262 248 24
D 746 157 2 743 747 745 24
D 741 163 2 742 256 746 17
D 749 169 2 266 274 268 17
D 750 169 2 266 267 268 24
D 748 171 2 749 269 750 17
D 751 163 2 742 276 746 24
D 740 167 2 741 748 751 17
D 753 151 2 236 235 234 24
D 752 149 2 226 753 237 24
D 737 153 2 738 740 752 17
D 736 143 2 199 737 281 17
D 759 185 2 302 314 300 17
D 758 183 2 295 759 303 17
D 761 185 2 302 301 300 24
D 760 183 2 295 761 303 24
D 757 187 2 758 305 760 17
D 762 187 2 758 334 760 24
D 756 193 2 757 697 762 17
D 755 179 2 288 756 337 17
D 771 359 2 612 611 610 17
L 774 366 -100
D 773 365 2 618 774 616 17
D 772 363 2 614 773 619 17
D 775 359 2 612 621 610 24
D 770 361 2 771 772 775 17
D 769 357 2 607 770 622 17
D 768 355 2 591 769 623 17
D 767 345 2 586 768 626 17
D 766 341 2 557 767 628 17
D 778 355 2 722 769 724 17
D 777 345 2 586 778 626 17
D 776 341 2 636 777 655 17
D 765 323 2 555 766 634 776
D 783 357 2 622 770 607 17
D 782 355 2 591 783 623 17
D 781 345 2 586 782 626 17
D 780 341 3 669 781 677 777 678 17
D 779 323 2 555 780 634 17
D 764 321 3 537 765 660 779 682 17
D 763 309 2 704 764 728 17
D 785 193 2 757 315 762 17
D 784 179 2 288 785 337 17
D 794 363 2 619 773 614 17
D 793 361 2 771 794 775 17
D 792 357 2 607 793 622 17
D 791 355 2 591 792 623 17
D 790 345 2 586 791 626 17
D 789 341 2 557 790 628 17
D 797 355 2 647 792 653 17
D 796 345 2 586 797 626 17
D 795 341 2 636 796 655 17
D 788 323 2 555 789 634 795
D 802 357 2 622 793 607 17
D 801 355 2 591 802 623 17
D 800 345 2 586 801 626 17
D 799 341 3 669 800 677 796 678 17
D 798 323 2 555 799 634 17
D 787 321 3 537 788 660 798 682 17
D 786 309 2 340 787 689 17
D 804 193 2 757 731 762 24
D 803 179 2 288 804 337 24
D 754 205 3 755 763 784 786 803 17
D 808 129 2 204 210 202 17
D 809 133 2 206 223 208 17
D 810 129 2 204 203 202 24
D 807 131 2 808 809 810 17
D 813 141 2 218 285 216 17
D 812 139 2 219 813 214 17
D 811 137 2 212 812 220 17
D 815 133 2 206 207 208 24
D 814 131 2 808 815 810 24
D 806 135 2 807 811 814 17
D 816 153 2 225 740 278 17
D 820 141 2 218 217 216 24
D 819 139 2 219 820 214 24
D 818 137 2 212 819 220 24
D 817 135 2 807 818 814 24
D 805 143 2 806 816 817 17
D 821 205 3 784 339 755 703 803 17
D 824 137 2 220 812 212 17
D 823 135 2 807 824 814 17
L 829 174 -86
D 828 173 2 272 829 270 17
D 827 171 2 265 828 273 17
D 826 167 2 741 827 751 17
D 825 153 2 738 826 752 17
D 831 137 2 220 819 212 24
D 830 135 2 807 831 814 24
D 822 143 2 823 825 830 17
D 839 329 2 566 565 564 17
D 840 329 2 566 582 564 24
D 838 331 2 839 639 840 17
D 837 327 2 558 838 583 17
D 842 331 2 839 657 840 24
D 841 327 2 558 842 583 24
D 836 341 2 837 790 841 17
D 847 337 2 578 574 573 17
D 846 335 2 640 847 643 17
D 845 331 2 839 846 840 17
D 844 327 2 637 845 644 17
D 849 343 2 587 627 589 17
D 850 343 2 587 588 589 24
D 848 345 2 849 797 850 17
D 854 337 2 578 632 573 24
D 853 335 2 640 854 643 24
D 852 331 2 839 853 840 24
D 851 327 2 637 852 644 24
D 843 341 2 844 848 851 17
D 835 323 2 555 836 634 843
D 858 331 2 671 567 673 17
D 857 327 2 558 858 583 17
D 859 327 2 637 838 644 17
D 861 331 2 671 630 673 24
D 860 327 3 558 861 637 842 681 24
D 856 341 3 857 790 859 796 860 17
D 855 323 2 555 856 634 17
D 834 321 3 537 835 660 855 682 17
D 833 309 2 340 834 689 17
D 865 341 2 837 767 841 17
D 867 345 2 849 778 850 17
D 866 341 2 844 867 851 17
D 864 323 2 555 865 634 866
D 869 341 3 857 767 859 777 860 17
D 868 323 2 555 869 634 17
D 863 321 3 537 864 660 868 682 17
D 862 309 2 704 863 728 17
D 832 205 3 287 833 695 862 729 17
D 874 173 2 270 829 272 24
D 873 171 2 749 874 750 24
D 872 167 2 741 873 751 24
D 876 171 2 265 874 273 24
D 875 167 2 241 876 275 24
D 878 151 2 236 235 234 280
D 877 149 2 226 878 237 24
D 871 153 3 738 872 225 875 877 24
D 882 173 2 272 271 270 24
D 881 171 2 265 882 273 24
D 880 167 2 741 881 751 24
D 879 153 2 738 880 752 24
D 883 153 2 225 872 278 24
D 886 129 2 202 210 204 203
D 885 131 3 201 222 808 815 886 24
D 884 135 3 200 282 807 819 885 24
D 870 143 4 199 871 823 879 806 883 884 24
D 197 175 5 198 286 736 754 805 821 822 832 870 17
D 889 125 2 190 189 188 17
D 888 123 2 179 889 191 17
D 887 117 2 164 888 193 17
D 895 147 2 231 230 229 17
D 894 145 2 232 895 227 17
D 897 147 2 231 239 229 24
D 896 145 2 232 897 227 24
D 893 149 2 894 233 896 17
D 900 165 2 259 277 257 17
D 899 163 2 742 900 746 17
D 902 165 2 259 258 257 24
D 901 163 2 742 902 746 24
D 898 167 2 899 748 901 17
D 903 149 2 894 279 896 24
D 892 153 2 893 898 903 17
D 891 143 2 806 892 817 17
D 906 177 2 291 338 289 17
D 910 191 2 310 336 308 17
D 909 189 2 311 910 306 17
D 908 187 2 758 909 760 17
D 911 195 2 332 317 316 17
D 914 191 2 310 309 308 24
D 913 189 2 311 914 306 24
D 912 187 2 758 913 760 24
D 907 193 2 908 911 912 17
D 915 177 2 291 290 289 24
D 905 179 2 906 907 915 17
D 917 193 2 908 697 912 17
D 916 179 2 906 917 915 17
D 921 201 3 318 735 699 733 324 24
D 920 195 2 332 921 316 24
D 919 193 2 908 920 912 24
D 918 179 2 906 919 915 24
D 904 205 3 905 339 916 703 918 17
D 924 149 2 894 739 896 17
D 925 167 2 899 827 901 17
D 926 149 2 894 753 896 24
D 923 153 2 924 925 926 17
D 922 143 2 823 923 830 17
D 930 187 2 294 909 312 17
D 931 187 2 294 913 312 24
D 929 193 2 930 911 931 17
D 928 179 2 906 929 915 17
D 933 193 2 930 697 931 17
D 932 179 2 906 933 915 17
D 935 193 2 930 920 931 24
D 934 179 2 906 935 915 24
D 927 205 3 928 833 932 862 934 17
D 939 163 2 242 900 260 17
D 940 163 2 242 902 260 24
D 938 167 2 939 264 940 17
D 937 153 2 893 938 903 17
D 936 143 2 199 937 281 17
D 941 205 3 928 339 932 703 934 17
D 943 153 2 924 898 926 17
D 942 143 2 199 943 281 17
D 944 205 3 916 763 905 786 918 17
D 947 167 2 899 873 901 24
D 948 167 2 939 876 940 24
D 949 149 2 894 878 896 24
D 946 153 3 924 947 893 948 949 24
D 951 167 2 899 881 901 24
D 950 153 2 924 951 926 24
D 952 153 2 893 947 903 24
D 945 143 4 199 946 823 950 806 952 884 24
D 890 175 5 891 904 922 927 936 941 942 944 945 17
D 955 109 2 168 177 166 17
D 957 115 2 174 196 172 17
D 956 113 2 170 957 175 17
D 958 109 2 168 167 166 24
D 954 111 2 955 956 958 17
D 961 119 2 183 186 181 17
D 962 119 2 183 182 181 24
D 960 121 2 961 192 962 17
D 963 121 2 961 184 962 24
D 959 123 2 960 187 963 17
D 966 115 2 174 173 172 24
D 965 113 2 170 966 175 24
D 964 111 2 955 965 958 24
D 953 117 2 954 959 964 17
D 971 145 2 227 895 232 17
D 972 145 2 227 897 232 24
D 970 149 2 971 233 972 17
D 977 161 2 252 263 250 17
D 976 159 2 253 977 248 17
D 975 157 2 243 976 254 17
D 980 161 2 252 251 250 24
D 979 159 2 253 980 248 24
D 978 157 2 243 979 254 24
D 974 163 2 975 900 978 17
D 981 163 2 975 902 978 24
D 973 167 2 974 748 981 17
D 982 149 2 971 279 972 24
D 969 153 2 970 973 982 17
D 968 143 2 199 969 281 17
D 985 149 2 971 739 972 17
D 989 155 2 246 255 244 17
D 990 155 2 246 245 244 24
D 988 157 2 989 976 990 17
D 991 157 2 989 979 990 24
D 987 163 2 988 900 991 17
D 992 163 2 988 902 991 24
D 986 167 2 987 827 992 17
D 993 149 2 971 753 972 24
D 984 153 2 985 986 993 17
D 983 143 2 199 984 281 17
D 998 147 2 231 239 229 17
D 997 145 2 227 998 232 17
D 1000 147 2 231 230 229 24
D 999 145 2 227 1000 232 24
D 996 149 2 997 739 999 17
D 1001 149 2 997 753 999 24
D 995 153 2 996 986 1001 17
D 994 143 2 823 995 830 17
D 1002 205 3 784 833 755 862 803 17
D 1004 153 2 970 986 982 17
D 1003 143 2 806 1004 817 17
D 1009 341 2 837 585 841 17
D 1011 345 2 849 721 850 17
D 1010 341 2 844 1011 851 17
D 1008 323 2 555 1009 634 1010
D 1013 341 3 857 585 859 720 860 17
D 1012 323 2 555 1013 634 17
D 1007 321 3 537 1008 660 1012 682 17
D 1006 309 2 704 1007 728 17
D 1018 345 2 849 646 850 17
D 1017 341 2 844 1018 851 17
D 1016 323 2 555 1009 634 1017
D 1020 341 3 857 585 859 645 860 17
D 1019 323 2 555 1020 634 17
D 1015 321 3 537 1016 660 1019 682 17
D 1014 309 2 340 1015 689 17
D 1005 205 3 695 1006 287 1014 729 17
D 1023 167 2 987 881 992 24
D 1024 167 2 974 873 981 24
D 1025 149 2 971 878 972 24
D 1022 153 3 985 1023 970 1024 1025 24
D 1026 153 2 996 1023 1001 24
D 1027 153 2 970 1023 982 24
D 1021 143 4 199 1022 823 1026 806 1027 884 24
D 967 175 5 968 821 983 832 994 1002 1003 1005 1021 17
D 1030 109 2 166 177 168 17
D 1031 109 2 166 167 168 24
D 1029 111 2 1030 956 1031 17
D 1032 111 2 1030 965 1031 24
D 1028 117 2 1029 959 1032 17
D 1033 175 5 805 904 822 927 198 941 736 944 870 17
L 1036 126 139
D 1035 123 2 179 1036 191 24
D 1037 111 2 177 956 167 17
D 1039 125 2 188 1036 190 24
D 1038 123 2 960 1039 963 24
D 1041 109 2 168 167 166 17
D 1040 111 3 165 194 177 965 1041 24
D 1034 117 3 164 1035 1037 1038 1040 24
D 162 127 5 163 197 887 890 953 967 1028 1033 1034 17
D 1044 93 2 140 160 138 17
D 1046 97 2 145 158 143 17
D 1047 97 2 145 144 143 24
D 1045 99 2 1046 146 1047 17
D 1048 93 2 140 139 138 24
D 1043 95 2 1044 1045 1048 17
D 1042 91 2 161 1043 135 17
D 1056 181 2 296 304 298 17
D 1057 181 2 296 297 298 24
D 1055 183 2 1056 299 1057 17
D 1058 183 2 1056 313 1057 24
D 1054 187 2 1055 305 1058 17
D 1062 197 2 322 325 320 17
D 1063 197 2 322 321 320 24
D 1061 199 2 1062 331 1063 17
D 1064 199 2 1062 323 1063 24
D 1060 201 2 1061 326 1064 17
D 1059 195 2 316 1060 332 17
D 1065 187 2 1055 334 1058 24
D 1053 193 2 1054 1059 1065 17
D 1052 179 2 288 1053 337 17
D 1069 201 2 1061 700 1064 17
D 1068 195 2 332 1069 316 17
D 1067 193 2 1054 1068 1065 17
D 1066 179 2 288 1067 337 17
D 1073 201 2 1061 735 1064 24
D 1074 201 2 1061 733 1064 24
D 1072 195 2 316 1073 332 1074
D 1071 193 2 1054 1072 1065 24
D 1070 179 2 288 1071 337 24
D 1051 205 3 1052 339 1066 703 1070 17
D 1079 183 2 1056 759 1057 17
D 1080 183 2 1056 761 1057 24
D 1078 187 2 1079 305 1080 17
D 1081 187 2 1079 334 1080 24
D 1077 193 2 1078 1068 1081 17
D 1076 179 2 288 1077 337 17
D 1083 193 2 1078 1059 1081 17
D 1082 179 2 288 1083 337 17
D 1085 193 2 1078 1072 1081 24
D 1084 179 2 288 1085 337 24
D 1075 205 3 1076 763 1082 786 1084 17
D 1086 205 3 1052 833 1066 862 1070 17
D 1087 205 3 1082 339 1076 703 1084 17
D 1050 175 5 198 1051 736 1075 822 1086 805 1087 870 17
D 1092 187 2 1055 909 1058 17
D 1093 195 2 332 1060 316 17
D 1094 187 2 1055 913 1058 24
D 1091 193 2 1092 1093 1094 17
D 1090 179 2 906 1091 915 17
D 1096 193 2 1092 1068 1094 17
D 1095 179 2 906 1096 915 17
D 1101 203 2 329 328 327 701
D 1100 201 2 1061 1101 1064 24
D 1099 195 2 332 1100 316 24
D 1098 193 2 1092 1099 1094 24
D 1097 179 2 906 1098 915 24
D 1089 205 3 1090 339 1095 703 1097 17
D 1105 187 2 1079 909 1080 17
D 1106 187 2 1079 913 1080 24
D 1104 193 2 1105 1068 1106 17
D 1103 179 2 906 1104 915 17
D 1108 193 2 1105 1093 1106 17
D 1107 179 2 906 1108 915 17
D 1110 193 2 1105 1099 1106 24
D 1109 179 2 906 1110 915 24
D 1102 205 3 1103 763 1107 786 1109 17
D 1111 205 3 1090 833 1095 862 1097 17
D 1112 205 3 1107 339 1103 703 1109 17
D 1088 175 5 198 1089 736 1102 822 1111 805 1112 870 17
D 1113 175 5 936 1089 942 1102 922 1111 891 1112 945 17
D 1115 205 3 1082 833 1076 862 1084 17
D 1116 205 3 1066 1006 1052 1014 1070 17
D 1114 175 5 983 1086 968 1087 994 1115 1003 1116 1021 17
D 1049 127 5 163 1050 1028 1088 887 1113 953 1114 1034 17
L 1122 106 -38
D 1121 105 2 152 1122 154 24
D 1120 103 2 147 1121 155 24
D 1119 99 2 142 1120 157 24
D 1118 95 2 137 1119 159 24
D 1124 99 2 1046 1120 1047 24
D 1123 95 2 1044 1124 1048 24
D 1117 91 2 135 1118 161 1123
D 133 107 3 134 162 1042 1049 1117 17
D 1128 81 2 125 128 123 17
D 1129 81 2 125 124 123 24
D 1127 83 2 1128 131 1129 17
D 1130 83 2 1128 126 1129 24
D 1126 85 2 1127 129 1130 17
D 1125 79 2 132 1126 119 17
D 1136 105 2 154 1122 152 17
D 1135 103 2 147 1136 155 17
D 1134 99 2 1046 1135 1047 17
D 1133 95 2 137 1134 159 17
D 1132 91 2 135 1133 161 17
D 1141 101 2 150 156 148 17
D 1142 101 2 150 149 148 24
D 1140 103 2 1141 1136 1142 17
D 1139 99 2 142 1140 157 17
D 1138 95 2 1044 1139 1048 17
D 1137 91 2 135 1138 161 17
D 1149 169 2 268 274 266 17
D 1150 169 2 268 267 266 24
D 1148 171 2 1149 269 1150 17
D 1147 167 2 974 1148 981 17
D 1146 153 2 970 1147 982 17
D 1145 143 2 199 1146 281 17
D 1155 169 2 268 267 266 17
D 1156 169 2 268 274 266 24
D 1154 171 2 1155 828 1156 17
D 1153 167 2 987 1154 992 17
D 1152 153 2 985 1153 993 17
D 1151 143 2 199 1152 281 17
D 1158 153 2 996 1153 1001 17
D 1157 143 2 823 1158 830 17
D 1160 153 2 970 1153 982 17
D 1159 143 2 806 1160 817 17
D 1164 171 2 1155 882 1156 24
D 1163 167 2 987 1164 992 24
D 1166 171 2 1149 874 1150 24
D 1165 167 2 974 1166 981 24
D 1162 153 3 985 1163 970 1165 1025 24
D 1167 153 2 996 1163 1001 24
D 1168 153 2 970 1163 982 24
D 1161 143 4 199 1162 823 1167 806 1168 884 24
D 1144 175 5 1145 821 1151 832 1157 1002 1159 1005 1161 17
D 1170 205 3 905 833 916 862 918 17
D 1171 205 3 932 1006 928 1014 934 17
D 1169 175 5 1157 1170 1159 1171 1145 904 1151 927 1161 17
D 1174 125 2 188 1036 190 17
D 1173 123 2 960 1174 963 17
D 1172 117 2 954 1173 964 17
D 1179 163 2 975 256 978 17
D 1180 163 2 975 276 978 24
D 1178 167 2 1179 1148 1180 17
D 1177 153 2 970 1178 982 17
D 1176 143 2 199 1177 281 17
D 1184 163 2 988 256 991 17
D 1185 163 2 988 276 991 24
D 1183 167 2 1184 1154 1185 17
D 1182 153 2 985 1183 993 17
D 1181 143 2 199 1182 281 17
D 1187 153 2 996 1183 1001 17
D 1186 143 2 823 1187 830 17
D 1189 153 2 970 1183 982 17
D 1188 143 2 806 1189 817 17
D 1192 167 2 1184 1164 1185 24
D 1193 167 2 1179 1166 1180 24
D 1191 153 3 985 1192 970 1193 1025 24
D 1194 153 2 996 1192 1001 24
D 1195 153 2 970 1192 982 24
D 1190 143 4 199 1191 823 1194 806 1195 884 24
D 1175 175 5 1176 821 1181 832 1186 1002 1188 1005 1190 17
D 1198 125 2 188 189 190 24
D 1197 123 2 960 1198 963 24
D 1196 117 4 164 1035 954 1197 1029 1038 1040 24
D 1143 127 5 887 1033 163 1144 1028 1169 1172 1175 1196 17
D 1203 105 2 154 153 152 24
D 1202 103 2 147 1203 155 24
D 1201 99 2 1046 1202 1047 24
D 1205 103 2 1141 1203 1142 24
D 1204 99 2 142 1205 157 24
D 1206 93 2 140 139 138 160
D 1200 95 3 137 1201 1044 1204 1206 24
D 1199 91 2 135 1200 161 24
D 1131 107 3 1132 1049 1137 1143 1199 17
L 1209 86 117
D 1208 85 2 1127 1209 1130 24
D 1210 85 2 121 1209 130 24
D 1207 79 2 132 1208 119 1210
D 117 89 3 118 133 1125 1131 1207 17
L 1215 76 183
D 1214 75 2 110 1215 112 24
D 1213 73 2 108 1214 113 24
D 1212 71 2 99 1213 114 24
D 1211 63 2 97 1212 116 24
D 95 77 2 96 117 1211 17
D 1219 59 2 77 76 75 24
D 1218 57 2 73 1219 78 24
D 1217 55 2 85 1218 92 24
D 1222 59 2 75 91 77 24
D 1221 57 2 73 1222 78 24
D 1220 55 2 61 1221 79 24
D 1216 45 3 82 1217 56 1220 94 24
D 54 61 2 55 95 1216 17
D 1223 35 2 53 52 51 17
D 1229 65 2 103 106 101 17
D 1230 65 2 103 102 101 24
D 1228 67 2 1229 104 1230 17
D 1232 75 2 112 1215 110 17
D 1231 73 2 108 1232 113 17
D 1233 67 2 1229 115 1230 24
D 1227 71 2 1228 1231 1233 17
D 1226 63 2 97 1227 116 17
D 1242 283 2 489 529 487 17
D 1243 283 2 489 488 487 24
D 1241 285 2 1242 490 1243 17
D 1240 281 2 705 1241 712 17
D 1245 285 2 1242 691 1243 24
D 1244 281 2 705 1245 712 24
D 1239 309 2 1240 717 1244 17
D 1247 281 2 341 1241 530 17
D 1248 281 2 341 1245 530 24
D 1246 309 2 1247 536 1248 17
D 1238 205 3 695 1239 287 1246 729 17
D 1250 309 2 1247 787 1248 17
D 1251 309 2 1240 764 1244 17
D 1249 205 3 784 1250 755 1251 803 17
D 1252 205 3 755 1239 784 1246 803 17
D 1254 309 2 1240 863 1244 17
D 1255 309 2 1247 834 1248 17
D 1253 205 3 695 1254 287 1255 729 17
D 1237 175 5 198 1238 736 1249 805 1252 822 1253 870 17
D 1257 205 3 932 1239 928 1246 934 17
D 1258 205 3 905 1250 916 1251 918 17
D 1259 205 3 916 1239 905 1246 918 17
D 1260 205 3 932 1254 928 1255 934 17
D 1256 175 5 936 1257 942 1258 891 1259 922 1260 945 17
D 1262 205 3 755 1254 784 1255 803 17
D 1264 309 2 1247 1015 1248 17
D 1265 309 2 1240 1007 1244 17
D 1263 205 3 287 1264 695 1265 729 17
D 1261 175 5 968 1252 983 1253 994 1262 1003 1263 1021 17
D 1266 175 5 198 1257 736 1258 805 1259 822 1260 870 17
D 1236 127 5 163 1237 887 1256 953 1261 1028 1266 1034 17
D 1269 205 3 1066 1239 1052 1246 1070 17
D 1270 205 3 1082 1250 1076 1251 1084 17
D 1271 205 3 1066 1254 1052 1255 1070 17
D 1272 205 3 1076 1239 1082 1246 1084 17
D 1268 175 5 198 1269 736 1270 822 1271 805 1272 870 17
D 1274 205 3 1095 1239 1090 1246 1097 17
D 1275 205 3 1107 1250 1103 1251 1109 17
D 1276 205 3 1095 1254 1090 1255 1097 17
D 1277 205 3 1103 1239 1107 1246 1109 17
D 1273 175 5 198 1274 736 1275 822 1276 805 1277 870 17
D 1278 175 5 936 1274 942 1275 922 1276 891 1277 945 17
D 1280 205 3 1076 1254 1082 1255 1084 17
D 1281 205 3 1052 1264 1066 1265 1070 17
D 1279 175 5 983 1271 968 1272 994 1280 1003 1281 1021 17
D 1267 127 5 163 1268 1028 1273 887 1278 953 1279 1034 17
D 1235 107 3 134 1236 1042 1267 1117 17
D 1284 175 5 1145 1252 1151 1253 1157 1262 1159 1263 1161 17
D 1286 205 3 916 1254 905 1255 918 17
D 1287 205 3 928 1264 932 1265 934 17
D 1285 175 5 1145 1259 1151 1260 1157 1286 1159 1287 1161 17
D 1288 175 5 1176 1252 1181 1253 1186 1262 1188 1263 1190 17
D 1283 127 5 887 1266 163 1284 1028 1285 1172 1288 1196 17
D 1282 107 3 1132 1267 1137 1283 1199 17
D 1234 89 3 118 1235 1125 1282 1207 17
D 1292 75 2 112 111 110 24
D 1291 73 2 108 1292 113 24
D 1290 71 2 1228 1291 1233 24
D 1289 63 2 97 1290 116 24
D 1225 77 2 1226 1234 1289 17
D 1224 61 2 55 1225 1216 17
L 1294 36 -112
D 1293 35 2 51 1294 53 17
D 1298 79 2 132 1126 119 120
D 1303 113 2 175 171 170 17
D 1302 111 2 165 1303 176 17
D 1304 111 2 1030 1303 1031 17
D 1306 113 2 175 195 170 24
D 1305 111 2 166 1306 168 24
D 1301 117 3 1302 178 1304 959 1305 17
D 1311 133 2 208 207 206 17
D 1310 131 2 201 1311 209 17
D 1313 133 2 208 223 206 17
D 1312 131 2 201 1313 209 17
D 1314 131 2 201 206 209 24
D 1309 135 3 1310 211 1312 811 1314 17
D 1315 135 3 1310 282 1312 818 1314 24
D 1308 143 2 1309 224 1315 17
D 1323 297 2 509 512 507 17
D 1324 297 2 509 508 507 24
D 1322 299 2 1323 510 1324 17
D 1321 295 2 492 1322 513 17
D 1326 307 2 523 694 521 17
D 1325 305 2 519 1326 524 17
D 1328 299 2 1323 527 1324 24
D 1327 295 2 492 1328 513 24
D 1320 303 2 1321 1325 1327 17
D 1319 285 2 486 1320 528 17
D 1318 281 2 341 1319 530 17
D 1331 315 2 662 544 666 17
D 1330 311 2 553 661 538 1331
D 1333 315 2 662 684 666 24
D 1332 311 2 538 1333 553 686
D 1329 321 2 1330 667 1332 17
D 1338 307 2 523 522 521 24
D 1337 305 2 519 1338 524 24
D 1336 303 2 1321 1337 1327 24
D 1335 285 2 486 1336 528 24
D 1334 281 2 341 1335 530 24
D 1317 309 2 1318 1329 1334 17
D 1340 281 2 705 1319 712 17
D 1341 321 2 1330 726 1332 17
D 1342 281 2 705 1335 712 24
D 1339 309 2 1340 1341 1342 17
D 1316 205 3 1052 1317 1066 1339 1070 17
D 1343 143 2 1309 737 1315 17
D 1346 321 2 1330 798 1332 17
D 1345 309 2 1318 1346 1334 17
D 1348 321 2 1330 779 1332 17
D 1347 309 2 1340 1348 1342 17
D 1344 205 3 1082 1345 1076 1347 1084 17
D 1349 143 2 1309 871 1315 24
D 1307 175 3 1308 1316 1343 1344 1349 17
D 1351 123 2 960 889 963 17
D 1350 117 3 1302 888 1304 1351 1305 17
D 1353 143 2 1309 937 1315 17
D 1354 205 3 1090 1317 1095 1339 1097 17
D 1355 143 2 1309 943 1315 17
D 1356 205 3 1107 1345 1103 1347 1109 17
D 1357 143 2 1309 946 1315 24
D 1352 175 3 1353 1354 1355 1356 1357 17
D 1359 123 2 960 1036 963 24
D 1358 117 3 1304 1359 1302 1035 1305 24
D 1300 127 3 1301 1307 1350 1352 1358 17
D 1362 205 3 287 1317 695 1339 729 17
D 1363 205 3 784 1345 755 1347 803 17
D 1361 175 3 1308 1362 1343 1363 1349 17
D 1365 205 3 928 1317 932 1339 934 17
D 1366 205 3 905 1345 916 1347 918 17
D 1364 175 3 1353 1365 1355 1366 1357 17
D 1360 127 3 1301 1361 1350 1364 1358 17
D 1299 107 3 1042 1300 134 1360 1117 17
D 1297 89 2 1298 1299 1207 17
D 1296 77 2 96 1297 1211 17
D 1295 61 2 55 1296 1216 17
D 1367 35 2 53 1294 51 17
D 1377 285 2 1242 1320 1243 17
D 1376 281 2 705 1377 712 17
D 1379 285 2 1242 1336 1243 24
D 1378 281 2 705 1379 712 24
D 1375 309 2 1376 1341 1378 17
D 1381 281 2 341 1377 530 17
D 1382 281 2 341 1379 530 24
D 1380 309 2 1381 1329 1382 17
D 1374 205 3 1066 1375 1052 1380 1070 17
D 1384 309 2 1376 1348 1378 17
D 1385 309 2 1381 1346 1382 17
D 1383 205 3 1076 1384 1082 1385 1084 17
D 1373 175 3 1308 1374 1343 1383 1349 17
D 1387 205 3 1095 1375 1090 1380 1097 17
D 1388 205 3 1103 1384 1107 1385 1109 17
D 1386 175 3 1353 1387 1355 1388 1357 17
D 1372 127 3 1301 1373 1350 1386 1358 17
D 1391 205 3 695 1375 287 1380 729 17
D 1392 205 3 755 1384 784 1385 803 17
D 1390 175 3 1308 1391 1343 1392 1349 17
D 1394 205 3 932 1375 928 1380 934 17
D 1395 205 3 916 1384 905 1385 918 17
D 1393 175 3 1353 1394 1355 1395 1357 17
D 1389 127 3 1301 1390 1350 1393 1358 17
D 1371 107 3 1042 1372 134 1389 1117 17
D 1370 89 2 1298 1371 1207 17
D 1369 77 2 1226 1370 1289 17
D 1368 61 2 55 1369 1216 17
D 49 39 4 50 54 1223 1224 1293 1295 1367 1368
L 1399 32 129
D 1398 29 2 26 1399 41 24
D 1397 19 2 12 1398 45 24
D 1396 11 2 10 1397 48 24
D 8 33 2 9 49 1396 17
L 1400 8 113
D 6 9 2 7 8 1400 17
L 1401 6 124
D 4 7 2 5 6 1401 17
L 1402 2 -110
L 1404 4 116
D 1411 13 2 16 15 14 17
D 1412 17 2 21 47 19 17
D 1413 13 2 16 23 14 24
D 1410 15 2 1411 1412 1413 17
D 1415 17 2 21 20 19 24
D 1414 15 2 1411 1415 1413 24
D 1409 19 2 1410 25 1414 17
D 1408 11 2 48 1409 10 17
D 1427 207 2 345 484 343 17
D 1428 207 2 345 344 343 24
D 1426 209 2 1427 346 1428 17
D 1429 209 2 1427 531 1428 24
D 1425 281 2 1426 1377 1429 17
D 1430 281 2 1426 1379 1429 24
D 1424 309 2 1425 1346 1430 17
D 1433 209 2 1427 706 1428 17
D 1434 209 2 1427 713 1428 24
D 1432 281 2 1433 1377 1434 17
D 1435 281 2 1433 1379 1434 24
D 1431 309 2 1432 1348 1435 17
D 1423 205 3 1082 1424 1076 1431 1084 17
D 1437 309 2 1425 1329 1430 17
D 1438 309 2 1432 1341 1435 17
D 1436 205 3 1052 1437 1066 1438 1070 17
D 1422 175 3 1343 1423 1308 1436 1349 17
D 1440 205 3 1107 1424 1103 1431 1109 17
D 1441 205 3 1090 1437 1095 1438 1097 17
D 1439 175 3 1355 1440 1353 1441 1357 17
D 1421 127 3 1301 1422 1350 1439 1358 17
D 1444 205 3 784 1424 755 1431 803 17
D 1445 205 3 287 1437 695 1438 729 17
D 1443 175 3 1343 1444 1308 1445 1349 17
D 1447 205 3 905 1424 916 1431 918 17
D 1448 205 3 928 1437 932 1438 934 17
D 1446 175 3 1355 1447 1353 1448 1357 17
D 1442 127 3 1301 1443 1350 1446 1358 17
D 1420 107 3 1042 1421 134 1442 1117 17
D 1419 89 2 1298 1420 1207 17
D 1418 77 2 1226 1419 1289 17
D 1417 61 2 55 1418 1216 17
D 1457 281 2 1433 1319 1434 17
D 1458 281 2 1433 1335 1434 24
D 1456 309 2 1457 1348 1458 17
D 1460 281 2 1426 1319 1429 17
D 1461 281 2 1426 1335 1429 24
D 1459 309 2 1460 1346 1461 17
D 1455 205 3 1076 1456 1082 1459 1084 17
D 1463 309 2 1457 1341 1458 17
D 1464 309 2 1460 1329 1461 17
D 1462 205 3 1066 1463 1052 1464 1070 17
D 1454 175 3 1343 1455 1308 1462 1349 17
D 1466 205 3 1103 1456 1107 1459 1109 17
D 1467 205 3 1095 1463 1090 1464 1097 17
D 1465 175 3 1355 1466 1353 1467 1357 17
D 1453 127 3 1301 1454 1350 1465 1358 17
D 1470 205 3 755 1456 784 1459 803 17
D 1471 205 3 695 1463 287 1464 729 17
D 1469 175 3 1343 1470 1308 1471 1349 17
D 1473 205 3 916 1456 905 1459 918 17
D 1474 205 3 932 1463 928 1464 934 17
D 1472 175 3 1355 1473 1353 1474 1357 17
D 1468 127 3 1301 1469 1350 1472 1358 17
D 1452 107 3 1042 1453 134 1468 1117 17
D 1451 89 2 1298 1452 1207 17
D 1450 77 2 96 1451 1211 17
D 1449 61 2 55 1450 1216 17
D 1483 281 2 1433 1241 1434 17
D 1484 281 2 1433 1245 1434 24
D 1482 309 2 1483 764 1484 17
D 1486 281 2 1426 1241 1429 17
D 1487 281 2 1426 1245 1429 24
D 1485 309 2 1486 787 1487 17
D 1481 205 3 755 1482 784 1485 803 17
D 1489 309 2 1486 536 1487 17
D 1490 309 2 1483 717 1484 17
D 1488 205 3 287 1489 695 1490 729 17
D 1492 309 2 1486 834 1487 17
D 1493 309 2 1483 863 1484 17
D 1491 205 3 287 1492 695 1493 729 17
D 1494 205 3 784 1489 755 1490 803 17
D 1480 175 5 736 1481 198 1488 822 1491 805 1494 870 17
D 1496 205 3 916 1482 905 1485 918 17
D 1497 205 3 928 1489 932 1490 934 17
D 1498 205 3 905 1489 916 1490 918 17
D 1499 205 3 928 1492 932 1493 934 17
D 1495 175 5 942 1496 936 1497 891 1498 922 1499 945 17
D 1502 309 2 1483 1007 1484 17
D 1503 309 2 1486 1015 1487 17
D 1501 205 3 695 1502 287 1503 729 17
D 1504 205 3 784 1492 755 1493 803 17
D 1500 175 5 983 1491 968 1494 1003 1501 994 1504 1021 17
D 1505 175 5 736 1496 198 1497 805 1498 822 1499 870 17
D 1479 127 5 163 1480 887 1495 953 1500 1028 1505 1034 17
D 1508 205 3 1076 1482 1082 1485 1084 17
D 1509 205 3 1052 1489 1066 1490 1070 17
D 1510 205 3 1052 1492 1066 1493 1070 17
D 1511 205 3 1082 1489 1076 1490 1084 17
D 1507 175 5 736 1508 198 1509 822 1510 805 1511 870 17
D 1513 205 3 1107 1489 1103 1490 1109 17
D 1514 205 3 1090 1492 1095 1493 1097 17
D 1515 205 3 1103 1482 1107 1485 1109 17
D 1516 205 3 1090 1489 1095 1490 1097 17
D 1512 175 5 805 1513 822 1514 736 1515 198 1516 870 17
D 1517 175 5 891 1513 922 1514 942 1515 936 1516 945 17
D 1519 205 3 1066 1502 1052 1503 1070 17
D 1520 205 3 1082 1492 1076 1493 1084 17
D 1518 175 5 983 1510 968 1511 1003 1519 994 1520 1021 17
D 1506 127 5 163 1507 1028 1512 887 1517 953 1518 1034 17
D 1478 107 3 134 1479 1042 1506 1117 17
D 1523 175 5 1151 1491 1145 1494 1159 1501 1157 1504 1161 17
D 1525 205 3 932 1502 928 1503 934 17
D 1526 205 3 905 1492 916 1493 918 17
D 1524 175 5 1145 1498 1151 1499 1159 1525 1157 1526 1161 17
D 1527 175 5 1181 1491 1176 1494 1188 1501 1186 1504 1190 17
D 1522 127 5 887 1505 163 1523 1028 1524 1172 1527 1196 17
D 1521 107 3 1132 1506 1137 1522 1199 17
D 1477 89 3 118 1478 1125 1521 1207 17
D 1476 77 2 1226 1477 1289 17
D 1475 61 2 55 1476 1216 17
D 1536 281 2 1426 485 1429 17
D 1537 281 2 1426 690 1429 24
D 1535 309 2 1536 787 1537 17
D 1539 281 2 1433 485 1434 17
D 1540 281 2 1433 690 1434 24
D 1538 309 2 1539 764 1540 17
D 1534 205 3 784 1535 755 1538 803 17
D 1542 309 2 1539 717 1540 17
D 1543 309 2 1536 536 1537 17
D 1541 205 3 695 1542 287 1543 729 17
D 1545 309 2 1539 863 1540 17
D 1546 309 2 1536 834 1537 17
D 1544 205 3 695 1545 287 1546 729 17
D 1547 205 3 755 1542 784 1543 803 17
D 1533 175 5 736 1534 198 1541 822 1544 805 1547 870 17
D 1549 205 3 916 1542 905 1543 918 17
D 1550 205 3 932 1545 928 1546 934 17
D 1551 205 3 905 1535 916 1538 918 17
D 1552 205 3 932 1542 928 1543 934 17
D 1548 175 5 891 1549 922 1550 942 1551 936 1552 945 17
D 1555 309 2 1536 1015 1537 17
D 1556 309 2 1539 1007 1540 17
D 1554 205 3 287 1555 695 1556 729 17
D 1557 205 3 755 1545 784 1546 803 17
D 1553 175 5 1003 1554 994 1557 983 1544 968 1547 1021 17
D 1558 175 5 805 1549 822 1550 736 1551 198 1552 870 17
D 1532 127 5 163 1533 887 1548 953 1553 1028 1558 1034 17
D 1561 205 3 1082 1535 1076 1538 1084 17
D 1562 205 3 1066 1542 1052 1543 1070 17
D 1563 205 3 1066 1545 1052 1546 1070 17
D 1564 205 3 1076 1542 1082 1543 1084 17
D 1560 175 5 736 1561 198 1562 822 1563 805 1564 870 17
D 1566 205 3 1103 1542 1107 1543 1109 17
D 1567 205 3 1095 1545 1090 1546 1097 17
D 1568 205 3 1107 1535 1103 1538 1109 17
D 1569 205 3 1095 1542 1090 1543 1097 17
D 1565 175 5 805 1566 822 1567 736 1568 198 1569 870 17
D 1570 175 5 891 1566 922 1567 942 1568 936 1569 945 17
D 1572 205 3 1052 1555 1066 1556 1070 17
D 1573 205 3 1076 1545 1082 1546 1084 17
D 1571 175 5 983 1563 968 1564 1003 1572 994 1573 1021 17
D 1559 127 5 163 1560 1028 1565 887 1570 953 1571 1034 17
D 1531 107 3 134 1532 1042 1559 1117 17
D 1576 175 5 1159 1554 1157 1557 1151 1544 1145 1547 1161 17
D 1578 205 3 928 1555 932 1556 934 17
D 1579 205 3 916 1545 905 1546 918 17
D 1577 175 5 1159 1578 1157 1579 1145 1549 1151 1550 1161 17
D 1580 175 5 1188 1554 1186 1557 1181 1544 1176 1547 1190 17
D 1575 127 5 887 1558 163 1576 1028 1577 1172 1580 1196 17
D 1574 107 3 1132 1559 1137 1575 1199 17
D 1530 89 3 118 1531 1125 1574 1207 17
D 1529 77 2 96 1530 1211 17
D 1528 61 2 55 1529 1216 17
D 1416 39 4 1367 1417 1293 1449 1223 1475 50 1528
D 1584 13 2 16 23 14 17
D 1585 13 2 16 15 14 24
D 1583 15 2 1584 18 1585 17
D 1589 23 2 32 38 30 17
D 1590 27 2 36 44 34 17
D 1591 23 2 32 31 30 24
D 1588 25 2 1589 1590 1591 17
D 1587 21 2 39 1588 27 17
L 1593 30 130
L 1594 30 -130
D 1592 31 2 1593 1399 1594 17
D 1597 27 2 36 35 34 24
D 1596 25 2 1589 1597 1591 24
D 1595 21 2 39 1596 27 24
D 1586 29 2 1587 1592 1595 17
D 1598 15 2 1584 1412 1585 17
D 1600 31 2 1594 40 1593 17
D 1599 29 2 1587 1600 1595 17
D 1602 17 2 19 47 21 20
D 1601 15 2 1584 1602 1585 24
D 1582 19 3 1583 1586 1598 1599 1601 17
D 1581 11 2 48 1582 10 17
L 1608 46 128
D 1610 53 2 87 81 88 17
D 1609 49 2 62 1610 71 17
L 1611 46 -128
D 1607 47 2 1608 1609 1611 61
D 1614 53 2 87 68 88 24
D 1613 49 2 62 1614 71 24
D 1612 47 2 1608 1613 1611 79
D 1606 55 2 1607 72 1612 17
D 1615 43 2 57 83 59 24
D 1605 45 2 56 1606 1615 17
L 1621 70 132
D 1620 69 2 115 1621 104 17
L 1623 70 -132
D 1622 69 2 104 1623 115 17
D 1624 65 2 101 106 103 102
D 1619 67 3 100 1620 1229 1622 1624 17
D 1626 75 2 112 111 110 17
D 1625 73 2 113 1626 108 17
D 1628 69 2 115 1623 104 24
D 1629 69 2 104 1621 115 24
D 1627 67 3 100 1628 1229 1629 1624 24
D 1618 71 2 1619 1625 1627 17
D 1617 63 2 97 1618 116 17
D 1639 181 2 298 304 296 17
D 1640 181 2 298 297 296 24
D 1638 183 2 1639 759 1640 17
D 1641 189 2 311 307 306 17
D 1642 183 2 1639 761 1640 24
D 1637 187 2 1638 1641 1642 17
D 1644 189 2 311 335 306 24
D 1643 187 2 1638 1644 1642 24
D 1636 193 2 1637 1059 1643 17
D 1635 179 2 288 1636 337 17
D 1652 213 2 354 353 352 17
D 1656 219 2 362 365 360 17
D 1657 219 2 362 361 360 24
D 1655 221 2 1656 371 1657 17
D 1658 225 2 369 457 367 17
D 1659 221 2 1656 363 1657 24
D 1654 223 2 1655 1658 1659 17
D 1653 217 2 372 1654 356 17
D 1660 213 2 354 374 352 24
D 1651 215 2 1652 1653 1660 17
D 1650 211 2 375 1651 349 17
D 1663 231 2 382 451 380 17
D 1662 229 2 383 1663 378 17
D 1667 237 2 391 423 389 17
D 1670 249 2 408 418 406 17
D 1672 253 2 413 416 411 17
D 1673 253 2 413 412 411 24
D 1671 255 2 1672 448 1673 17
D 1674 249 2 408 407 406 24
D 1669 251 2 1670 1671 1674 17
D 1668 247 2 393 1669 419 17
D 1675 237 2 391 390 389 24
D 1666 239 2 1667 1668 1675 17
D 1665 235 2 424 1666 386 17
D 1677 259 2 429 442 427 17
D 1679 267 2 436 482 438 17
D 1678 265 2 431 1679 439 17
D 1680 259 2 429 428 427 24
D 1676 261 2 1677 1678 1680 17
D 1685 255 2 1672 414 1673 24
D 1684 251 2 1670 1685 1674 24
D 1683 247 2 393 1684 419 24
D 1682 239 2 1667 1683 1675 24
D 1681 235 2 424 1682 386 24
D 1664 257 2 1665 1676 1681 17
D 1687 231 2 382 381 380 24
D 1686 229 2 383 1687 378 24
D 1661 233 2 1662 1664 1686 17
D 1692 225 2 369 368 367 24
D 1691 223 2 1655 1692 1659 24
D 1690 217 2 372 1691 356 24
D 1689 215 2 1652 1690 1660 24
D 1688 211 2 375 1689 349 24
D 1649 227 2 1650 1661 1688 17
D 1693 273 2 708 463 711 17
D 1698 239 2 388 1668 422 17
D 1697 235 2 424 1698 386 17
D 1700 259 2 429 428 427 17
D 1702 263 2 434 433 432 17
D 1703 263 2 434 440 432 24
D 1701 265 2 1702 435 1703 17
D 1704 259 2 429 442 427 24
D 1699 261 2 1700 1701 1704 17
D 1706 239 2 388 1683 422 24
D 1705 235 2 424 1706 386 24
D 1696 257 2 1697 1699 1705 17
D 1695 233 2 377 1696 449 17
D 1694 227 2 1650 1695 1688 17
D 1708 271 2 462 475 460 17
D 1710 275 2 467 466 465 17
D 1711 279 2 471 535 469 17
D 1712 275 2 467 473 465 24
D 1709 277 2 1710 1711 1712 17
D 1713 271 2 462 461 460 24
D 1707 273 2 1708 1709 1713 17
D 1716 215 2 351 1653 373 17
D 1715 211 2 349 1716 375 17
D 1723 241 2 397 403 395 17
D 1724 245 2 401 421 399 17
D 1725 241 2 397 396 395 24
D 1722 243 2 1723 1724 1725 17
D 1728 253 2 411 416 413 17
D 1729 253 2 411 412 413 24
D 1727 255 2 1728 414 1729 17
D 1726 251 2 1670 1727 1674 17
D 1731 245 2 401 400 399 24
D 1730 243 2 1723 1731 1725 24
D 1721 247 2 1722 1726 1730 17
D 1720 239 2 388 1721 422 17
D 1719 235 2 386 1720 424 17
D 1736 255 2 1728 448 1729 24
D 1735 251 2 1670 1736 1674 24
D 1734 247 2 1722 1735 1730 24
D 1733 239 2 388 1734 422 24
D 1732 235 2 386 1733 424 24
D 1718 257 2 1719 1699 1732 17
D 1717 233 2 1662 1718 1686 17
D 1738 215 2 351 1690 373 24
D 1737 211 2 349 1738 375 24
D 1714 227 2 1715 1717 1737 17
D 1740 271 2 460 475 462 17
D 1741 271 2 460 461 462 24
D 1739 273 2 1740 463 1741 17
D 1742 227 2 1650 1717 1688 17
D 1743 273 2 1740 1709 1741 17
D 1749 263 2 432 440 434 17
D 1750 267 2 438 482 436 17
D 1751 263 2 432 433 434 24
D 1748 265 2 1749 1750 1751 17
D 1747 261 2 1677 1748 1680 17
D 1746 257 2 1665 1747 1681 17
D 1745 233 2 1662 1746 1686 17
D 1744 227 2 1715 1745 1737 17
D 1754 275 2 467 473 465 17
D 1755 275 2 467 466 465 24
D 1753 277 2 1754 710 1755 17
D 1752 273 2 708 1753 711 17
D 1758 257 2 1719 425 1732 17
D 1757 233 2 377 1758 449 17
D 1756 227 2 1715 1757 1737 17
D 1764 267 2 438 437 436 24
D 1763 265 2 1749 1764 1751 24
D 1762 261 2 1677 1763 1680 24
D 1766 265 2 1702 481 1703 24
D 1765 261 2 1700 1766 1704 24
D 1767 235 2 424 1682 386 1733
D 1761 257 3 1665 1762 1719 1765 1767 24
D 1768 257 2 1719 479 1732 24
D 1769 229 2 383 1687 378 450
D 1760 233 3 1662 1761 377 1768 1769 24
D 1774 267 2 436 437 438 24
D 1773 265 2 431 1774 439 24
D 1772 261 2 1677 1773 1680 24
D 1771 257 3 1665 1772 1719 1765 1767 24
D 1775 257 2 1697 1765 1705 24
D 1770 233 3 1662 1771 377 1775 1769 24
D 1776 211 2 349 1738 375 1689
D 1759 227 3 1715 1760 1650 1770 1776 24
D 1648 269 7 1649 1693 1694 1707 1714 1739 1742 1743 1744 1752 1756 458 1759 17
D 1647 209 2 342 1648 483 17
L 1782 302 134
D 1781 301 2 527 1782 510 17
L 1784 302 -134
D 1783 301 2 510 1784 527 17
D 1785 297 2 509 508 507 512
D 1780 299 3 506 1781 1323 1783 1785 17
D 1779 295 2 492 1780 513 17
D 1787 307 2 523 522 521 17
D 1786 305 2 524 1787 519 17
D 1790 301 2 527 1784 510 24
D 1791 301 2 510 1782 527 24
D 1789 299 3 506 1790 1323 1791 1785 24
D 1788 295 2 492 1789 513 24
D 1778 303 2 1779 1786 1788 17
D 1792 303 2 1779 1325 1788 17
D 1793 283 2 489 488 487 529
D 1777 285 3 486 1778 1242 1792 1793 17
D 1797 277 2 1754 716 1755 24
D 1796 273 2 708 1797 711 24
D 1800 279 2 471 470 469 24
D 1799 277 2 1710 1800 1712 24
D 1798 273 2 1740 1799 1741 24
D 1801 273 2 1740 533 1741 24
D 1802 273 2 1708 1799 1713 24
D 1803 273 2 708 533 711 24
D 1795 269 7 1744 1796 1742 1798 1714 1801 1694 1802 1649 1803 1756 532 1759 24
D 1794 209 2 342 1795 483 24
D 1646 281 2 1647 1777 1794 17
D 1810 347 2 593 605 595 17
D 1811 347 2 593 594 595 24
D 1809 349 2 1810 649 1811 17
D 1812 349 2 1810 654 1811 24
D 1808 355 2 1809 606 1812 17
D 1807 345 2 586 1808 626 17
D 1806 341 2 837 1807 841 17
D 1818 359 2 610 621 612 17
D 1819 359 2 610 611 612 24
D 1817 361 2 1818 794 1819 17
D 1816 357 2 607 1817 622 17
D 1815 355 2 1809 1816 1812 17
D 1814 345 2 849 1815 850 17
D 1813 341 2 844 1814 851 17
D 1805 323 2 555 1806 634 1813
D 1823 355 2 591 1816 623 17
D 1822 345 2 586 1823 626 17
D 1821 341 3 857 1822 859 1807 860 17
D 1820 323 2 555 1821 634 17
D 1804 321 3 537 1805 660 1820 682 17
D 1828 307 2 523 694 521 24
D 1827 305 2 524 1828 519 24
D 1826 303 2 1779 1827 1788 24
D 1829 303 2 1779 1337 1788 24
D 1825 285 3 486 1826 1242 1829 1793 24
D 1824 281 2 1647 1825 1794 24
D 1645 309 2 1646 1804 1824 17
D 1831 193 2 1637 1068 1643 17
D 1830 179 2 288 1831 337 17
D 1837 233 3 1662 1718 377 1758 1769 17
D 1836 227 3 1715 1837 1650 1661 1776 17
D 1839 233 3 1662 1718 377 1696 1769 17
D 1838 227 2 1650 1839 1688 17
D 1840 273 2 708 1709 711 17
D 1835 269 4 1744 1752 1836 707 1838 1840 1759 17
D 1834 209 2 342 1835 483 17
D 1843 273 2 708 1799 711 24
D 1842 269 4 1744 1796 1836 714 1838 1843 1759 24
D 1841 209 2 342 1842 483 24
D 1833 281 2 1834 1777 1841 17
D 1849 349 2 1810 723 1811 17
D 1850 349 2 1810 725 1811 24
D 1848 355 2 1849 606 1850 17
D 1847 345 2 586 1848 626 17
D 1846 341 2 837 1847 841 17
D 1855 361 2 1818 772 1819 17
D 1854 357 2 607 1855 622 17
D 1853 355 2 1849 1854 1850 17
D 1852 345 2 849 1853 850 17
D 1851 341 2 844 1852 851 17
D 1845 323 2 555 1846 634 1851
D 1859 355 2 591 1854 623 17
D 1858 345 2 586 1859 626 17
D 1857 341 3 857 1858 859 1847 860 17
D 1856 323 2 555 1857 634 17
D 1844 321 3 537 1845 660 1856 682 17
D 1860 281 2 1834 1825 1841 24
D 1832 309 2 1833 1844 1860 17
D 1862 193 2 1637 1072 1643 24
D 1861 179 2 288 1862 337 24
D 1634 205 3 1635 1645 1830 1832 1861 17
D 1864 135 3 200 282 807 818 885 24
D 1863 143 3 199 1152 806 1160 1864 17
D 1866 179 2 288 1091 337 17
D 1867 179 2 288 1096 337 17
D 1868 179 2 288 1098 337 24
D 1865 205 3 1866 1645 1867 1832 1868 17
D 1873 341 2 557 1858 628 17
D 1874 341 2 636 1847 655 17
D 1872 323 2 555 1873 634 1874
D 1876 341 3 669 674 677 1858 678 17
D 1875 323 2 555 1876 634 17
D 1871 321 3 537 1872 660 1875 682 17
D 1870 309 2 1833 1871 1860 17
D 1880 341 2 557 1822 628 17
D 1881 341 2 636 1807 655 17
D 1879 323 2 555 1880 634 1881
D 1883 341 3 669 674 677 1822 678 17
D 1882 323 2 555 1883 634 17
D 1878 321 3 537 1879 660 1882 682 17
D 1877 309 2 1646 1878 1824 17
D 1869 205 3 1830 1870 1635 1877 1861 17
D 1633 175 4 1157 1634 1863 1865 1145 1869 1161 17
D 1885 205 3 1090 1645 1095 1832 1097 17
D 1887 179 2 906 1831 915 17
D 1888 179 2 906 1636 915 17
D 1889 179 2 906 1862 915 24
D 1886 205 3 1887 1870 1888 1877 1889 17
D 1890 205 3 1888 1645 1887 1832 1889 17
D 1884 175 4 1863 1885 1145 1886 1157 1890 1161 17
D 1892 143 3 199 1182 806 1189 1864 17
D 1895 193 2 1092 911 1094 17
D 1894 179 2 288 1895 337 17
D 1901 343 2 589 588 587 17
D 1902 343 2 589 627 587 24
D 1900 345 2 1901 1808 1902 17
D 1899 341 2 837 1900 841 17
D 1905 343 2 589 627 587 17
D 1906 343 2 589 588 587 24
D 1904 345 2 1905 1815 1906 17
D 1903 341 2 844 1904 851 17
D 1898 323 2 555 1899 634 1903
D 1909 345 2 1901 1823 1902 17
D 1908 341 3 857 1909 859 1900 860 17
D 1907 323 2 555 1908 634 17
D 1897 321 3 537 1898 660 1907 682 17
D 1896 309 2 1646 1897 1824 17
D 1911 193 2 1092 697 1094 17
D 1910 179 2 288 1911 337 17
D 1916 345 2 1901 1848 1902 17
D 1915 341 2 837 1916 841 17
D 1918 345 2 1905 1853 1906 17
D 1917 341 2 844 1918 851 17
D 1914 323 2 555 1915 634 1917
D 1921 345 2 1901 1859 1902 17
D 1920 341 3 857 1921 859 1916 860 17
D 1919 323 2 555 1920 634 17
D 1913 321 3 537 1914 660 1919 682 17
D 1912 309 2 1833 1913 1860 17
D 1923 193 2 1092 920 1094 24
D 1922 179 2 288 1923 337 24
D 1893 205 3 1894 1896 1910 1912 1922 17
D 1926 193 2 1637 697 1643 17
D 1925 179 2 288 1926 337 17
D 1930 341 2 557 1921 628 17
D 1931 341 2 636 1916 655 17
D 1929 323 2 555 1930 634 1931
D 1934 345 2 1901 675 1902 17
D 1933 341 3 669 1934 677 1921 678 17
D 1932 323 2 555 1933 634 17
D 1928 321 3 537 1929 660 1932 682 17
D 1927 309 2 1833 1928 1860 17
D 1936 193 2 1637 315 1643 17
D 1935 179 2 288 1936 337 17
D 1940 341 2 557 1909 628 17
D 1941 341 2 636 1900 655 17
D 1939 323 2 555 1940 634 1941
D 1943 341 3 669 1934 677 1909 678 17
D 1942 323 2 555 1943 634 17
D 1938 321 3 537 1939 660 1942 682 17
D 1937 309 2 1646 1938 1824 17
D 1945 193 2 1637 731 1643 24
D 1944 179 2 288 1945 337 24
D 1924 205 3 1925 1927 1935 1937 1944 17
D 1946 205 3 1935 1896 1925 1912 1944 17
D 1891 175 4 1892 1893 1176 1924 1186 1946 1190 17
D 1949 179 2 906 1895 915 17
D 1950 179 2 906 1911 915 17
D 1951 179 2 906 1923 915 24
D 1948 205 3 1949 1896 1950 1912 1951 17
D 1952 143 3 199 737 806 816 1864 17
D 1954 179 2 906 1926 915 17
D 1955 179 2 906 1936 915 17
D 1956 179 2 906 1945 915 24
D 1953 205 3 1954 1927 1955 1937 1956 17
D 1957 205 3 1950 1927 1949 1937 1951 17
D 1947 175 4 822 1948 1952 1953 198 1957 870 17
D 1632 127 5 163 1633 1028 1884 1172 1891 887 1947 1196 17
D 1962 321 2 1330 1875 1332 17
D 1961 309 2 1833 1962 1860 17
D 1964 321 2 1330 1882 1332 17
D 1963 309 2 1646 1964 1824 17
D 1960 205 3 1887 1961 1888 1963 1889 17
D 1965 205 3 1095 1961 1090 1963 1097 17
D 1959 175 3 1355 1960 1353 1965 1357 17
D 1969 321 2 1330 1932 1332 17
D 1968 309 2 1833 1969 1860 17
D 1971 321 2 1330 1942 1332 17
D 1970 309 2 1646 1971 1824 17
D 1967 205 3 1925 1968 1935 1970 1944 17
D 1972 205 3 1910 1968 1894 1970 1922 17
D 1966 175 3 1343 1967 1308 1972 1349 17
D 1958 127 3 1350 1959 1301 1966 1358 17
D 1974 95 2 1044 1204 1048 24
D 1973 91 2 135 1974 161 1123
D 1631 107 3 1137 1632 1042 1958 1973 17
D 1978 205 3 1095 1870 1090 1877 1097 17
D 1979 143 3 199 943 806 892 1864 17
D 1977 175 4 936 1978 922 1885 1979 1886 945 17
D 1981 205 3 1910 1927 1894 1937 1922 17
D 1980 175 4 198 1981 822 1893 1952 1924 870 17
D 1983 143 3 199 984 806 1004 1864 17
D 1982 175 4 994 1634 1983 1865 968 1869 1021 17
D 1985 111 2 165 171 176 17
D 1987 113 2 170 966 175 195
D 1986 111 4 1030 1987 955 965 165 195 1041 24
D 1984 117 4 1304 1359 1985 1035 1037 1038 1986 24
D 1976 127 7 887 1977 163 1980 953 1982 1028 1947 1350 1959 1301 1966 1984 17
D 1988 91 2 161 1123 135 24
D 1975 107 2 1042 1976 1988 17
D 1630 89 3 1125 1631 118 1975 1207 17
D 1990 71 2 1619 1231 1627 17
D 1989 63 2 97 1990 116 17
D 1998 209 2 1427 1648 1428 17
D 1999 209 2 1427 1795 1428 24
D 1997 281 2 1998 1777 1999 17
D 2000 281 2 1998 1825 1999 24
D 1996 309 2 1997 1804 2000 17
D 2003 209 2 1427 1835 1428 17
D 2004 209 2 1427 1842 1428 24
D 2002 281 2 2003 1777 2004 17
D 2005 281 2 2003 1825 2004 24
D 2001 309 2 2002 1844 2005 17
D 1995 205 3 1635 1996 1830 2001 1861 17
D 2006 205 3 1866 1996 1867 2001 1868 17
D 2008 309 2 2002 1871 2005 17
D 2009 309 2 1997 1878 2000 17
D 2007 205 3 1830 2008 1635 2009 1861 17
D 1994 175 4 1157 1995 1863 2006 1145 2007 1161 17
D 2011 205 3 1090 1996 1095 2001 1097 17
D 2012 205 3 1887 2008 1888 2009 1889 17
D 2013 205 3 1888 1996 1887 2001 1889 17
D 2010 175 4 1863 2011 1145 2012 1157 2013 1161 17
D 2016 309 2 1997 1897 2000 17
D 2017 309 2 2002 1913 2005 17
D 2015 205 3 1894 2016 1910 2017 1922 17
D 2019 309 2 2002 1928 2005 17
D 2020 309 2 1997 1938 2000 17
D 2018 205 3 1925 2019 1935 2020 1944 17
D 2021 205 3 1935 2016 1925 2017 1944 17
D 2014 175 4 1892 2015 1176 2018 1186 2021 1190 17
D 2023 205 3 1949 2016 1950 2017 1951 17
D 2024 205 3 1954 2019 1955 2020 1956 17
D 2025 205 3 1950 2019 1949 2020 1951 17
D 2022 175 4 822 2023 1952 2024 198 2025 870 17
D 1993 127 5 163 1994 1028 2010 1172 2014 887 2022 1196 17
D 2029 309 2 2002 1962 2005 17
D 2030 309 2 1997 1964 2000 17
D 2028 205 3 1887 2029 1888 2030 1889 17
D 2031 205 3 1095 2029 1090 2030 1097 17
D 2027 175 3 1355 2028 1353 2031 1357 17
D 2034 309 2 2002 1969 2005 17
D 2035 309 2 1997 1971 2000 17
D 2033 205 3 1925 2034 1935 2035 1944 17
D 2036 205 3 1910 2034 1894 2035 1922 17
D 2032 175 3 1343 2033 1308 2036 1349 17
D 2026 127 3 1350 2027 1301 2032 1358 17
D 1992 107 3 1137 1993 1042 2026 1973 17
D 2040 205 3 1095 2008 1090 2009 1097 17
D 2039 175 4 936 2040 922 2011 1979 2012 945 17
D 2042 205 3 1910 2019 1894 2020 1922 17
D 2041 175 4 198 2042 822 2015 1952 2018 870 17
D 2043 175 4 994 1995 1983 2006 968 2007 1021 17
D 2038 127 7 887 2039 163 2041 953 2043 1028 2022 1350 2027 1301 2032 1984 17
D 2037 107 2 1042 2038 1988 17
D 1991 89 3 1125 1992 118 2037 1207 17
D 2047 75 2 112 1215 110 24
D 2046 73 2 113 2047 108 1292
D 2045 71 2 1619 2046 1627 24
D 2044 63 2 97 2045 116 24
D 1616 77 3 1617 1630 1989 1991 2044 17
D 2051 59 2 77 76 75 17
D 2050 57 2 78 2051 73 17
D 2049 55 2 1607 2050 1612 17
D 2048 45 2 56 2049 1615 17
D 2055 91 2 135 1118 161 24
D 2054 107 2 134 1976 2055 17
D 2057 127 5 887 1977 163 1980 953 1982 1028 1947 1034 17
D 2061 97 2 143 158 145 144
D 2060 99 3 142 1120 1046 1202 2061 24
D 2059 95 2 137 2060 159 24
D 2058 91 2 135 2059 161 24
D 2056 107 3 1132 2057 134 1958 2058 17
D 2053 89 3 118 2054 1125 2056 1207 17
D 2063 107 2 134 2038 2055 17
D 2065 127 5 887 2039 163 2041 953 2043 1028 2022 1034 17
D 2064 107 3 1132 2065 134 2026 2058 17
D 2062 89 3 118 2063 1125 2064 1207 17
D 2052 77 3 1617 2053 1989 2062 2044 17
D 2069 59 2 77 91 75 24
D 2068 57 2 78 2069 73 1222
D 2067 55 2 1607 2068 1612 24
D 2066 45 2 56 2067 1615 24
D 1604 61 3 1605 1616 2048 2052 2066 17
D 2070 35 2 53 52 51 24
D 1603 39 2 1367 1604 2070 17
D 2074 31 2 1594 1399 1593 24
D 2073 29 2 1587 2074 1595 24
D 2076 31 2 1593 40 1594 24
D 2075 29 2 1587 2076 1595 24
D 2077 15 3 1584 1602 1411 1415 14 24
D 2072 19 4 1598 2073 1583 2075 1410 1398 2077 24
D 2071 11 2 48 2072 10 24
D 1407 33 3 1408 1416 1581 1603 2071 17
D 1406 9 2 7 1407 1400 17
D 2080 11 2 10 1582 48 17
D 2084 43 2 59 58 57 24
D 2083 45 2 82 1606 2084 17
D 2085 45 2 82 2049 2084 17
D 2086 45 2 82 2067 2084 24
D 2082 61 3 2083 1616 2085 2052 2086 17
D 2081 39 2 1367 2082 2070 17
D 2088 19 3 1598 2073 1583 2075 1601 24
D 2087 11 2 10 2088 48 24
D 2079 33 2 2080 2081 2087 17
D 2078 9 2 7 2079 1400 17
D 1405 7 2 5 1406 1401 2078
L 2089 4 -116
D 2094 19 2 1410 1599 1414 17
D 2095 19 2 12 1586 45 17
D 2093 11 2 48 2094 10 2095
L 2098 38 114
D 2097 37 2 1367 2098 2070 17
L 2101 40 -120
D 2103 43 2 57 58 59 83
D 2105 47 2 1608 1609 1611 17
D 2106 47 2 1611 61 1608 17
D 2104 55 3 2105 89 2106 72 1612 17
D 2102 45 2 2103 2104 94 17
L 2107 40 120
D 2100 41 2 2101 2102 2107 17
D 2111 67 2 1229 1622 1230 17
D 2112 67 2 100 1620 105 17
D 2110 71 3 2111 1231 2112 107 1627 17
D 2109 63 2 97 2110 116 17
L 2117 88 118
D 2116 87 2 1209 2117 129 17
D 2115 85 2 121 2116 130 17
D 2114 79 2 132 2115 119 17
D 2122 121 2 961 184 962 17
D 2123 121 2 961 192 962 24
D 2121 123 2 2122 187 2123 17
D 2120 117 2 164 2121 193 17
D 2129 207 2 343 344 345 484
D 2134 213 2 354 374 352 17
D 2135 213 2 354 353 352 24
D 2133 215 2 2134 355 2135 17
D 2132 211 2 375 2133 349 17
D 2137 215 2 2134 454 2135 24
D 2136 211 2 375 2137 349 24
D 2131 227 2 2132 1757 2136 17
D 2138 273 2 459 1709 474 17
D 2140 233 2 377 1768 449 24
D 2139 227 2 2132 2140 2136 24
D 2130 269 2 2131 2138 2139 17
D 2141 207 2 345 344 343 484
D 2128 209 2 2129 2130 2141 17
D 2143 283 2 487 488 489 529
D 2149 293 2 501 517 499 17
D 2148 291 2 502 2149 497 17
D 2147 289 2 503 2148 495 17
D 2146 287 2 504 2147 493 17
D 2150 299 2 506 1781 511 17
D 2154 293 2 501 500 499 24
D 2153 291 2 502 2154 497 24
D 2152 289 2 503 2153 495 24
D 2151 287 2 504 2152 493 24
D 2145 295 2 2146 2150 2151 17
D 2156 299 2 1323 1783 1324 17
D 2155 295 2 2146 2156 2151 17
D 2157 295 2 2146 1789 2151 24
D 2144 303 3 2145 518 2155 1325 2157 17
D 2142 285 2 2143 2144 1793 17
D 2160 273 2 459 1799 474 24
D 2159 269 2 2131 2160 2139 24
D 2158 209 2 2129 2159 2141 24
D 2127 281 2 2128 2142 2158 17
D 2164 317 2 550 546 545 17
D 2163 315 2 540 2164 551 17
D 2162 311 2 538 2163 553 17
D 2166 315 2 662 2164 666 17
D 2165 311 2 553 2166 538 17
D 2169 317 2 550 685 545 24
D 2168 315 2 540 2169 551 24
D 2170 315 2 662 2169 666 24
D 2167 311 2 538 2168 553 2170
D 2161 321 3 2162 788 2165 798 2167 17
D 2173 303 3 2155 1337 2145 692 2157 24
D 2172 285 2 2143 2173 1793 24
D 2171 281 2 2128 2172 2158 24
D 2126 309 2 2127 2161 2171 17
D 2177 269 2 2131 1840 2139 17
D 2176 209 2 2129 2177 2141 17
D 2179 269 2 2131 1843 2139 24
D 2178 209 2 2129 2179 2141 24
D 2175 281 2 2176 2142 2178 17
D 2180 321 3 2162 765 2165 779 2167 17
D 2181 281 2 2176 2172 2178 24
D 2174 309 2 2175 2180 2181 17
D 2125 205 3 1082 2126 1076 2174 1084 17
D 2184 321 3 2162 718 2165 726 2167 17
D 2183 309 2 2175 2184 2181 17
D 2186 321 3 2162 554 2165 667 2167 17
D 2185 309 2 2127 2186 2171 17
D 2182 205 3 1066 2183 1052 2185 1070 17
D 2189 137 2 220 213 212 17
D 2188 135 2 807 2189 814 17
D 2191 137 2 220 283 212 24
D 2190 135 2 807 2191 814 24
D 2187 143 2 2188 825 2190 17
D 2194 321 3 2162 835 2165 855 2167 17
D 2193 309 2 2127 2194 2171 17
D 2196 321 3 2162 864 2165 868 2167 17
D 2195 309 2 2175 2196 2181 17
D 2192 205 3 1052 2193 1066 2195 1070 17
D 2198 135 2 807 211 814 17
D 2199 135 2 807 282 814 24
D 2197 143 2 2198 816 2199 17
D 2200 205 3 1076 2183 1082 2185 1084 17
D 2202 135 3 200 282 807 283 885 24
D 2201 143 4 199 871 2188 879 2198 883 2202 24
D 2124 175 5 736 2125 198 2182 2187 2192 2197 2200 2201 17
D 2203 117 2 1029 2121 1032 17
D 2205 205 3 1090 2193 1095 2195 1097 17
D 2206 205 3 1103 2183 1107 2185 1109 17
D 2207 205 3 1107 2126 1103 2174 1109 17
D 2208 205 3 1095 2183 1090 2185 1097 17
D 2204 175 5 2187 2205 2197 2206 736 2207 198 2208 2201 17
D 2210 123 2 2122 889 2123 17
D 2209 117 2 164 2210 193 17
D 2212 143 2 2188 923 2190 17
D 2213 143 2 2198 892 2199 17
D 2214 143 4 199 946 2188 950 2198 952 2202 24
D 2211 175 5 2212 2205 2213 2206 942 2207 936 2208 2214 17
D 2215 117 2 954 2121 964 17
D 2217 143 2 2198 1004 2199 17
D 2220 321 3 2162 1008 2165 1012 2167 17
D 2219 309 2 2175 2220 2181 17
D 2222 321 3 2162 1016 2165 1019 2167 17
D 2221 309 2 2127 2222 2171 17
D 2218 205 3 1066 2219 1052 2221 1070 17
D 2223 143 2 2188 995 2190 17
D 2224 205 3 1082 2193 1076 2195 1084 17
D 2225 143 4 199 1022 2188 1026 2198 1027 2202 24
D 2216 175 5 983 2192 968 2200 2217 2218 2223 2224 2225 17
D 2227 123 2 2122 1036 2123 24
D 2228 123 2 2122 1039 2123 24
D 2226 117 3 164 2227 1037 2228 1040 24
D 2119 127 5 2120 2124 2203 2204 2209 2211 2215 2216 2226 17
D 2231 143 2 2198 1160 2199 17
D 2232 205 3 695 2219 287 2221 729 17
D 2233 205 3 287 2193 695 2195 729 17
D 2234 205 3 755 2183 784 2185 803 17
D 2235 143 2 2188 1158 2190 17
D 2236 205 3 784 2193 755 2195 803 17
D 2237 143 4 199 1162 2188 1167 2198 1168 2202 24
D 2230 175 5 2231 2232 1151 2233 1145 2234 2235 2236 2237 17
D 2239 205 3 932 2219 928 2221 934 17
D 2240 205 3 905 2193 916 2195 918 17
D 2241 205 3 928 2193 932 2195 934 17
D 2242 205 3 916 2183 905 2185 918 17
D 2238 175 5 2231 2239 2235 2240 1151 2241 1145 2242 2237 17
D 2244 123 2 2122 1174 2123 17
D 2243 117 2 954 2244 964 17
D 2246 143 2 2198 1189 2199 17
D 2247 143 2 2188 1187 2190 17
D 2248 143 4 199 1191 2188 1194 2198 1195 2202 24
D 2245 175 5 2246 2232 1181 2233 1176 2234 2247 2236 2248 17
D 2250 205 3 905 2126 916 2174 918 17
D 2251 205 3 932 2183 928 2185 934 17
D 2249 175 5 2187 2241 2197 2242 736 2250 198 2251 2201 17
D 2253 123 2 2122 1198 2123 24
D 2252 117 4 954 2253 164 2227 1029 2228 1040 24
D 2229 127 5 2120 2230 2203 2238 2243 2245 2209 2249 2252 17
D 2256 111 2 166 1303 168 17
D 2255 117 2 2256 2121 1305 17
D 2260 131 2 201 208 209 17
D 2259 135 2 2260 211 1314 17
D 2261 135 2 2260 282 1314 24
D 2258 143 2 2259 737 2261 17
D 2264 321 2 2166 798 2170 17
D 2263 309 2 2127 2264 2171 17
D 2266 321 2 2166 779 2170 17
D 2265 309 2 2175 2266 2181 17
D 2262 205 3 1082 2263 1076 2265 1084 17
D 2267 143 2 2259 224 2261 17
D 2270 321 2 2166 667 2170 17
D 2269 309 2 2127 2270 2171 17
D 2272 321 2 2166 726 2170 17
D 2271 309 2 2175 2272 2181 17
D 2268 205 3 1052 2269 1066 2271 1070 17
D 2273 143 2 2259 871 2261 24
D 2257 175 3 2258 2262 2267 2268 2273 17
D 2274 117 2 2256 2210 1305 17
D 2276 143 2 2259 937 2261 17
D 2277 205 3 1090 2269 1095 2271 1097 17
D 2278 143 2 2259 943 2261 17
D 2279 205 3 1107 2263 1103 2265 1109 17
D 2280 143 2 2259 946 2261 24
D 2275 175 3 2276 2277 2278 2279 2280 17
D 2281 117 2 2256 2227 1305 24
D 2254 127 3 2255 2257 2274 2275 2281 17
D 2284 205 3 784 2263 755 2265 803 17
D 2285 205 3 287 2269 695 2271 729 17
D 2283 175 3 2258 2284 2267 2285 2273 17
D 2287 205 3 928 2269 932 2271 934 17
D 2288 205 3 905 2263 916 2265 918 17
D 2286 175 3 2276 2287 2278 2288 2280 17
D 2282 127 3 2255 2283 2274 2286 2281 17
D 2290 95 3 137 2060 1044 1204 1206 24
D 2289 91 2 135 2290 161 1123
D 2118 107 5 1132 2119 1137 2229 1042 2254 134 2282 2289 17
D 2291 79 2 119 2115 132 17
D 2295 111 3 1030 1303 165 171 168 17
D 2294 117 3 2295 2227 1037 2228 1986 24
D 2293 127 7 2120 2124 2203 2204 2209 2211 2215 2216 2255 2257 2274 2275 2294 17
D 2298 205 3 784 2126 755 2174 803 17
D 2299 205 3 695 2183 287 2185 729 17
D 2297 175 5 736 2298 198 2299 2187 2233 2197 2234 2201 17
D 2300 175 5 2212 2241 2213 2242 942 2250 936 2251 2214 17
D 2301 175 5 2217 2232 983 2233 968 2234 2223 2236 2225 17
D 2296 127 7 2203 2249 2255 2283 2274 2286 2120 2297 2209 2300 2215 2301 2294 17
D 2292 107 3 1042 2293 134 2296 1117 17
L 2305 88 -118
D 2304 87 2 129 2305 1209 17
D 2303 85 2 121 2304 130 17
D 2302 79 2 132 2303 119 17
D 2308 117 2 2256 178 1305 17
D 2309 117 2 2256 888 1305 17
D 2310 117 2 2256 1035 1305 24
D 2307 127 3 2308 2257 2309 2275 2310 17
D 2311 127 3 2308 2283 2309 2286 2310 17
D 2313 117 2 1029 178 1032 17
D 2314 117 2 954 178 964 17
D 2316 123 2 179 1039 191 24
D 2315 117 3 164 1035 1037 2316 1040 24
D 2312 127 5 163 2124 2313 2204 887 2211 2314 2216 2315 17
D 2319 123 2 179 1174 191 17
D 2318 117 2 954 2319 964 17
D 2321 123 2 179 1198 191 24
D 2320 117 4 954 2321 164 1035 1029 2316 1040 24
D 2317 127 5 163 2230 2313 2238 2318 2245 887 2249 2320 17
D 2306 107 5 1042 2307 134 2311 1132 2312 1137 2317 2289 17
D 2322 79 2 119 2303 132 17
D 2325 117 3 2295 1035 1037 2316 1986 24
D 2324 127 7 163 2124 2313 2204 887 2211 2314 2216 2308 2257 2309 2275 2325 17
D 2326 127 7 2313 2249 2308 2283 2309 2286 163 2297 887 2300 2314 2301 2325 17
D 2323 107 3 1042 2324 134 2326 1117 17
D 2328 87 2 1209 2305 129 2117
D 2327 85 2 121 2328 130 24
D 2113 89 5 2114 2118 2291 2292 2302 2306 2322 2323 2327 17
D 2330 71 3 2112 1213 2111 1291 1627 24
D 2329 63 2 97 2330 116 24
D 2108 77 2 2109 2113 2329 17
D 2331 41 2 2107 2102 2101 17
D 2333 63 2 116 2110 97 17
D 2337 83 2 1128 126 1129 17
D 2338 83 2 1128 131 1129 24
D 2336 85 2 2337 2116 2338 17
D 2335 79 2 132 2336 119 17
D 2339 79 2 119 2336 132 17
D 2341 85 2 2337 2304 2338 17
D 2340 79 2 132 2341 119 17
D 2342 79 2 119 2341 132 17
D 2343 85 2 2337 2328 2338 24
D 2334 89 5 2335 2118 2339 2292 2340 2306 2342 2323 2343 17
D 2344 63 2 116 2330 97 24
D 2332 77 2 2333 2334 2344 17
D 2346 55 3 2105 1218 2106 1221 1612 24
D 2345 45 2 2103 2346 94 24
D 2099 61 3 2100 2108 2331 2332 2345 17
L 2348 38 -114
D 2347 37 2 1367 2348 2070 24
D 2096 39 2 2097 2099 2347 17
D 2350 19 2 12 2075 45 24
D 2351 19 2 1410 2073 1414 24
D 2349 11 2 10 2350 48 2351
D 2092 33 2 2093 2096 2349 17
D 2354 37 2 1367 2348 2070 17
D 2365 315 2 540 663 551 17
D 2364 311 2 538 2365 553 17
D 2367 315 2 540 687 551 24
D 2366 311 2 538 2367 553 686
D 2363 321 3 2364 765 660 779 2366 17
D 2362 309 2 2175 2363 2181 17
D 2369 321 3 2364 788 660 798 2366 17
D 2368 309 2 2127 2369 2171 17
D 2361 205 3 1076 2362 1082 2368 1084 17
D 2372 321 3 2364 554 660 667 2366 17
D 2371 309 2 2127 2372 2171 17
D 2374 321 3 2364 718 660 726 2366 17
D 2373 309 2 2175 2374 2181 17
D 2370 205 3 1052 2371 1066 2373 1070 17
D 2377 321 3 2364 835 660 855 2366 17
D 2376 309 2 2127 2377 2171 17
D 2379 321 3 2364 864 660 868 2366 17
D 2378 309 2 2175 2379 2181 17
D 2375 205 3 1052 2376 1066 2378 1070 17
D 2380 205 3 1082 2371 1076 2373 1084 17
D 2360 175 5 736 2361 198 2370 2187 2375 2197 2380 2201 17
D 2382 205 3 1090 2376 1095 2378 1097 17
D 2383 205 3 1107 2371 1103 2373 1109 17
D 2384 205 3 1103 2362 1107 2368 1109 17
D 2385 205 3 1090 2371 1095 2373 1097 17
D 2381 175 5 2187 2382 2197 2383 736 2384 198 2385 2201 17
D 2386 175 5 2212 2382 2213 2383 942 2384 936 2385 2214 17
D 2390 321 3 2364 1008 660 1012 2366 17
D 2389 309 2 2175 2390 2181 17
D 2392 321 3 2364 1016 660 1019 2366 17
D 2391 309 2 2127 2392 2171 17
D 2388 205 3 1066 2389 1052 2391 1070 17
D 2393 205 3 1082 2376 1076 2378 1084 17
D 2387 175 5 983 2375 968 2380 2217 2388 2223 2393 2225 17
D 2359 127 5 2120 2360 2203 2381 2209 2386 2215 2387 2226 17
D 2396 205 3 695 2389 287 2391 729 17
D 2397 205 3 287 2376 695 2378 729 17
D 2398 205 3 784 2371 755 2373 803 17
D 2399 205 3 784 2376 755 2378 803 17
D 2395 175 5 2231 2396 1151 2397 1145 2398 2235 2399 2237 17
D 2401 205 3 932 2389 928 2391 934 17
D 2402 205 3 905 2376 916 2378 918 17
D 2403 205 3 928 2376 932 2378 934 17
D 2404 205 3 905 2371 916 2373 918 17
D 2400 175 5 2231 2401 2235 2402 1151 2403 1145 2404 2237 17
D 2405 175 5 2246 2396 1181 2397 1176 2398 2247 2399 2248 17
D 2407 205 3 916 2362 905 2368 918 17
D 2408 205 3 928 2371 932 2373 934 17
D 2406 175 5 2187 2403 2197 2404 736 2407 198 2408 2201 17
D 2394 127 5 2120 2395 2203 2400 2243 2405 2209 2406 2252 17
D 2413 321 2 661 798 686 17
D 2412 309 2 2127 2413 2171 17
D 2415 321 2 661 779 686 17
D 2414 309 2 2175 2415 2181 17
D 2411 205 3 1082 2412 1076 2414 1084 17
D 2418 321 2 661 667 686 17
D 2417 309 2 2127 2418 2171 17
D 2420 321 2 661 726 686 17
D 2419 309 2 2175 2420 2181 17
D 2416 205 3 1052 2417 1066 2419 1070 17
D 2410 175 3 2258 2411 2267 2416 2273 17
D 2422 205 3 1090 2417 1095 2419 1097 17
D 2423 205 3 1107 2412 1103 2414 1109 17
D 2421 175 3 2276 2422 2278 2423 2280 17
D 2409 127 3 2255 2410 2274 2421 2281 17
D 2426 205 3 784 2412 755 2414 803 17
D 2427 205 3 287 2417 695 2419 729 17
D 2425 175 3 2258 2426 2267 2427 2273 17
D 2429 205 3 928 2417 932 2419 934 17
D 2430 205 3 905 2412 916 2414 918 17
D 2428 175 3 2276 2429 2278 2430 2280 17
D 2424 127 3 2255 2425 2274 2428 2281 17
D 2358 107 5 1132 2359 1137 2394 1042 2409 134 2424 2289 17
D 2432 127 7 2120 2360 2203 2381 2209 2386 2215 2387 2255 2410 2274 2421 2294 17
D 2435 205 3 755 2362 784 2368 803 17
D 2436 205 3 287 2371 695 2373 729 17
D 2434 175 5 736 2435 198 2436 2187 2397 2197 2398 2201 17
D 2437 175 5 2212 2403 2213 2404 942 2407 936 2408 2214 17
D 2438 175 5 2217 2396 983 2397 968 2398 2223 2399 2225 17
D 2433 127 7 2203 2406 2255 2425 2274 2428 2120 2434 2209 2437 2215 2438 2294 17
D 2431 107 3 1042 2432 134 2433 1117 17
D 2440 127 3 2308 2410 2309 2421 2310 17
D 2441 127 3 2308 2425 2309 2428 2310 17
D 2442 127 5 163 2360 2313 2381 887 2386 2314 2387 2315 17
D 2443 127 5 163 2395 2313 2400 2318 2405 887 2406 2320 17
D 2439 107 5 1042 2440 134 2441 1132 2442 1137 2443 2289 17
D 2445 127 7 163 2360 2313 2381 887 2386 2314 2387 2308 2410 2309 2421 2325 17
D 2446 127 7 2313 2406 2308 2425 2309 2428 163 2434 887 2437 2314 2438 2325 17
D 2444 107 3 1042 2445 134 2446 1117 17
D 2357 89 5 2114 2358 2291 2431 2302 2439 2322 2444 2327 17
D 2356 77 2 2109 2357 2329 17
D 2448 89 5 2335 2358 2339 2431 2340 2439 2342 2444 2343 17
D 2447 77 2 2333 2448 2344 17
D 2355 61 3 2100 2356 2331 2447 2345 17
D 2449 37 2 1367 2098 2070 24
D 2353 39 2 2354 2355 2449 17
D 2453 21 2 27 42 39 1596
D 2452 29 3 1587 2074 26 1399 2453 24
D 2451 19 4 1410 2452 1598 2073 1583 2075 2077 24
D 2450 11 2 48 2451 10 2350
D 2352 33 4 1408 1416 1581 1603 2093 2353 2450 17
D 2091 9 2 1400 2092 7 2352
D 2090 7 2 1401 2078 5 2091
D 1403 5 2 1404 1405 2089 2090
D 2 3 2 3 4 1402 1403
L 2454 0 115
D 2470 139 2 214 813 219 17
D 2469 137 2 212 2470 220 17
D 2468 135 2 200 2469 221 17
D 2473 139 2 214 820 219 24
D 2472 137 2 212 2473 220 24
D 2471 135 2 200 2472 221 24
D 2467 143 2 2468 737 2471 17
D 2474 143 2 2468 224 2471 17
D 2477 137 2 220 2470 212 17
D 2476 135 2 807 2477 814 17
D 2479 137 2 220 2473 212 24
D 2478 135 2 807 2479 814 24
D 2475 143 2 2476 825 2478 17
D 2481 135 2 807 2469 814 17
D 2482 135 2 807 2472 814 24
D 2480 143 2 2481 816 2482 17
D 2484 135 3 200 2472 807 2473 885 24
D 2483 143 4 2468 871 2476 879 2481 883 2484 24
D 2466 175 5 2467 2361 2474 2370 2475 2375 2480 2380 2483 17
D 2485 175 5 2475 2382 2480 2383 2467 2384 2474 2385 2483 17
D 2487 143 2 2476 923 2478 17
D 2488 143 2 2481 892 2482 17
D 2489 143 2 2468 943 2471 17
D 2490 143 2 2468 937 2471 17
D 2491 143 4 2468 946 2476 950 2481 952 2484 24
D 2486 175 5 2487 2382 2488 2383 2489 2384 2490 2385 2491 17
D 2493 143 2 2468 984 2471 17
D 2494 143 2 2468 969 2471 17
D 2495 143 2 2481 1004 2482 17
D 2496 143 2 2476 995 2478 17
D 2497 143 4 2468 1022 2476 1026 2481 1027 2484 24
D 2492 175 5 2493 2375 2494 2380 2495 2388 2496 2393 2497 17
D 2465 127 5 2120 2466 2203 2485 2209 2486 2215 2492 2226 17
D 2500 143 2 2481 1160 2482 17
D 2501 143 2 2468 1152 2471 17
D 2502 143 2 2468 1146 2471 17
D 2503 143 2 2476 1158 2478 17
D 2504 143 4 2468 1162 2476 1167 2481 1168 2484 24
D 2499 175 5 2500 2396 2501 2397 2502 2398 2503 2399 2504 17
D 2505 175 5 2500 2401 2503 2402 2501 2403 2502 2404 2504 17
D 2507 143 2 2481 1189 2482 17
D 2508 143 2 2468 1182 2471 17
D 2509 143 2 2468 1177 2471 17
D 2510 143 2 2476 1187 2478 17
D 2511 143 4 2468 1191 2476 1194 2481 1195 2484 24
D 2506 175 5 2507 2396 2508 2397 2509 2398 2510 2399 2511 17
D 2512 175 5 2475 2403 2480 2404 2467 2407 2474 2408 2483 17
D 2498 127 5 2120 2499 2203 2505 2243 2506 2209 2512 2252 17
D 2516 135 2 2260 2469 1314 17
D 2517 135 2 2260 2472 1314 24
D 2515 143 2 2516 737 2517 17
D 2518 143 2 2516 224 2517 17
D 2519 143 2 2516 871 2517 24
D 2514 175 3 2515 2411 2518 2416 2519 17
D 2521 143 2 2516 937 2517 17
D 2522 143 2 2516 943 2517 17
D 2523 143 2 2516 946 2517 24
D 2520 175 3 2521 2422 2522 2423 2523 17
D 2513 127 3 2255 2514 2274 2520 2281 17
D 2525 175 3 2515 2426 2518 2427 2519 17
D 2526 175 3 2521 2429 2522 2430 2523 17
D 2524 127 3 2255 2525 2274 2526 2281 17
D 2464 107 5 1132 2465 1137 2498 1042 2513 134 2524 2289 17
D 2528 127 7 2120 2466 2203 2485 2209 2486 2215 2492 2255 2514 2274 2520 2294 17
D 2530 175 5 2467 2435 2474 2436 2475 2397 2480 2398 2483 17
D 2531 175 5 2487 2403 2488 2404 2489 2407 2490 2408 2491 17
D 2532 175 5 2495 2396 2493 2397 2494 2398 2496 2399 2497 17
D 2529 127 7 2203 2512 2255 2525 2274 2526 2120 2530 2209 2531 2215 2532 2294 17
D 2527 107 3 1042 2528 134 2529 1117 17
D 2534 127 3 2308 2514 2309 2520 2310 17
D 2535 127 3 2308 2525 2309 2526 2310 17
D 2536 127 5 163 2466 2313 2485 887 2486 2314 2492 2315 17
D 2537 127 5 163 2499 2313 2505 2318 2506 887 2512 2320 17
D 2533 107 5 1042 2534 134 2535 1132 2536 1137 2537 2289 17
D 2539 127 7 163 2466 2313 2485 887 2486 2314 2492 2308 2514 2309 2520 2325 17
D 2540 127 7 2313 2512 2308 2525 2309 2526 163 2530 887 2531 2314 2532 2325 17
D 2538 107 3 1042 2539 134 2540 1117 17
D 2463 89 5 2114 2464 2291 2527 2302 2533 2322 2538 2327 17
D 2462 77 2 2109 2463 2329 17
D 2542 89 5 2335 2464 2339 2527 2340 2533 2342 2538 2343 17
D 2541 77 2 2333 2542 2344 17
D 2461 61 3 2100 2462 2331 2541 2345 17
D 2460 39 2 2354 2461 2449 17
D 2459 33 2 2093 2460 2349 17
D 2550 175 5 2467 2125 2474 2182 2475 2192 2480 2200 2483 17
D 2551 175 5 2475 2205 2480 2206 2467 2207 2474 2208 2483 17
D 2552 175 5 2487 2205 2488 2206 2489 2207 2490 2208 2491 17
D 2553 175 5 2493 2192 2494 2200 2495 2218 2496 2224 2497 17
D 2549 127 5 2120 2550 2203 2551 2209 2552 2215 2553 2226 17
D 2555 175 5 2500 2232 2501 2233 2502 2234 2503 2236 2504 17
D 2556 175 5 2500 2239 2503 2240 2501 2241 2502 2242 2504 17
D 2557 175 5 2507 2232 2508 2233 2509 2234 2510 2236 2511 17
D 2558 175 5 2475 2241 2480 2242 2467 2250 2474 2251 2483 17
D 2554 127 5 2120 2555 2203 2556 2243 2557 2209 2558 2252 17
D 2560 175 3 2515 2262 2518 2268 2519 17
D 2561 175 3 2521 2277 2522 2279 2523 17
D 2559 127 3 2255 2560 2274 2561 2281 17
D 2563 175 3 2515 2284 2518 2285 2519 17
D 2564 175 3 2521 2287 2522 2288 2523 17
D 2562 127 3 2255 2563 2274 2564 2281 17
D 2548 107 5 1132 2549 1137 2554 1042 2559 134 2562 2289 17
D 2566 127 7 2120 2550 2203 2551 2209 2552 2215 2553 2255 2560 2274 2561 2294 17
D 2568 175 5 2467 2298 2474 2299 2475 2233 2480 2234 2483 17
D 2569 175 5 2487 2241 2488 2242 2489 2250 2490 2251 2491 17
D 2570 175 5 2495 2232 2493 2233 2494 2234 2496 2236 2497 17
D 2567 127 7 2203 2558 2255 2563 2274 2564 2120 2568 2209 2569 2215 2570 2294 17
D 2565 107 3 1042 2566 134 2567 1117 17
D 2572 127 3 2308 2560 2309 2561 2310 17
D 2573 127 3 2308 2563 2309 2564 2310 17
D 2574 127 5 163 2550 2313 2551 887 2552 2314 2553 2315 17
D 2575 127 5 163 2555 2313 2556 2318 2557 887 2558 2320 17
D 2571 107 5 1042 2572 134 2573 1132 2574 1137 2575 2289 17
D 2577 127 7 163 2550 2313 2551 887 2552 2314 2553 2308 2560 2309 2561 2325 17
D 2578 127 7 2313 2558 2308 2563 2309 2564 163 2568 887 2569 2314 2570 2325 17
D 2576 107 3 1042 2577 134 2578 1117 17
D 2547 89 5 2114 2548 2291 2565 2302 2571 2322 2576 2327 17
D 2546 77 2 2109 2547 2329 17
D 2580 89 5 2335 2548 2339 2565 2340 2571 2342 2576 2343 17
D 2579 77 2 2333 2580 2344 17
D 2545 61 3 2100 2546 2331 2579 2345 17
D 2544 39 2 2097 2545 2347 17
D 2543 33 2 2093 2544 2349 17
D 2458 9 2 7 2459 1400 2543
D 2457 7 2 5 2458 1401 17
D 2456 5 2 1404 2457 2089 17
D 2455 3 2 1402 2456 3 17
D 0 1 2 1 2 2454 2455
