c ids of sdd nodes start at 0
c sdd nodes appear bottom-up, children before parents
c
c file syntax:
c sdd count-of-sdd-nodes
c F id-of-false-sdd-node
c T id-of-true-sdd-node
c L id-of-literal-sdd-node id-of-vtree literal
c D id-of-decomposition-sdd-node id-of-vtree number-of-elements {id-of-prime id-of-sub}*
c
sdd 2282
L 1 0 -1
L 3 2 2
L 6 4 35
L 7 6 -36
L 8 4 -35
F 9
D 5 5 2 6 7 8 9
L 12 8 39
L 13 10 -40
L 14 8 -39
D 11 9 2 12 13 14 9
L 18 12 -30
L 19 14 29
L 20 12 30
D 17 13 2 18 19 20 9
L 22 16 -159
L 24 18 48
L 25 20 -47
L 26 18 -48
D 23 19 2 24 25 26 9
L 27 16 159
D 21 17 2 22 23 27 9
L 29 14 -29
T 30
D 28 13 2 18 29 20 30
D 16 15 2 17 21 28 9
L 34 22 130
L 35 24 -127
L 36 22 -130
D 33 23 2 34 35 36 9
L 39 26 19
L 40 28 -20
L 41 26 -19
D 38 27 2 39 40 41 9
L 43 30 25
L 44 32 -26
L 45 30 -25
D 42 31 2 43 44 45 9
L 47 28 20
D 46 27 2 39 47 41 30
D 37 29 2 38 42 46 9
L 49 24 127
D 48 23 2 34 49 36 30
D 32 25 2 33 37 48 9
L 53 34 41
L 54 36 -42
L 55 34 -41
D 52 35 2 53 54 55 9
L 57 38 -16
L 58 40 15
L 59 38 16
D 56 39 2 57 58 59 9
L 61 36 42
D 60 35 2 53 61 55 30
D 51 37 2 52 56 60 9
L 66 42 -129
L 68 44 56
L 69 46 -55
L 70 44 -56
D 67 45 2 68 69 70 9
L 71 42 129
D 65 43 2 66 67 71 9
L 75 48 -52
L 76 50 51
L 77 48 52
D 74 49 2 75 76 77 9
L 78 52 131
L 80 50 -51
D 79 49 2 75 80 77 30
D 73 51 2 74 78 79 9
L 83 54 63
L 84 56 -64
L 85 54 -63
D 82 55 2 83 84 85 9
L 87 58 9
L 88 60 -10
L 89 58 -9
D 86 59 2 87 88 89 9
L 91 56 64
D 90 55 2 83 91 85 30
D 81 57 2 82 86 90 9
L 93 52 -131
D 92 51 2 74 93 79 30
D 72 53 2 73 81 92 9
L 96 46 55
D 95 45 2 68 96 70 30
D 94 43 2 66 95 71 30
D 64 47 2 65 72 94 9
L 99 62 -4
L 100 64 3
L 101 62 4
D 98 63 2 99 100 101 9
L 104 66 -44
L 105 68 43
L 106 66 44
D 103 67 2 104 105 106 9
L 109 70 33
L 110 72 -34
L 111 70 -33
D 108 71 2 109 110 111 9
L 113 74 -142
L 114 76 -136
L 115 74 142
D 112 75 2 113 114 115 9
L 117 72 34
D 116 71 2 109 117 111 30
D 107 73 2 108 112 116 9
L 119 68 -43
D 118 67 2 104 119 106 30
D 102 69 2 103 107 118 9
L 121 64 -3
D 120 63 2 99 121 101 30
D 97 65 2 98 102 120 9
L 126 60 10
D 125 59 2 87 126 89 30
D 124 57 2 82 125 90 30
D 123 53 2 73 124 92 30
D 122 47 2 65 123 94 30
D 63 61 2 64 97 122 9
L 131 78 -162
L 133 80 109
L 134 82 107
L 135 80 -109
D 132 81 2 133 134 135 9
L 136 78 162
D 130 79 2 131 132 136 9
L 139 84 -148
L 140 86 104
L 141 84 148
D 138 85 2 139 140 141 9
L 144 88 110
L 145 90 138
L 146 88 -110
D 143 89 2 144 145 146 9
L 148 92 108
L 150 94 112
L 151 96 111
L 152 94 -112
D 149 95 2 150 151 152 9
L 153 92 -108
D 147 93 2 148 149 153 9
L 155 90 -138
D 154 89 2 144 155 146 30
D 142 91 2 143 147 154 9
L 157 86 -104
D 156 85 2 139 157 141 30
D 137 87 2 138 142 156 9
L 160 82 -107
D 159 81 2 133 160 135 30
D 158 79 2 131 159 136 30
D 129 83 2 130 137 158 9
L 163 98 54
L 164 100 -53
L 165 98 -54
D 162 99 2 163 164 165 9
L 168 102 -12
L 169 104 11
L 170 102 12
D 167 103 2 168 169 170 9
L 172 106 -143
L 173 108 135
L 174 106 143
D 171 107 2 172 173 174 9
L 176 104 -11
D 175 103 2 168 176 170 30
D 166 105 2 167 171 175 9
L 178 100 53
D 177 99 2 163 178 165 30
D 161 101 2 162 166 177 9
L 184 96 -111
D 183 95 2 150 184 152 30
D 182 93 2 148 183 153 30
D 181 91 2 143 182 154 30
D 180 87 2 138 181 156 30
D 179 83 2 130 180 158 30
D 128 97 2 129 161 179 9
L 189 110 132
L 190 112 139
L 191 110 -132
D 188 111 2 189 190 191 9
L 194 114 -147
L 195 116 106
L 196 114 147
D 193 115 2 194 195 196 9
L 198 118 101
L 200 120 105
L 201 122 -161
L 202 120 -105
D 199 121 2 200 201 202 9
L 203 118 -101
D 197 119 2 198 199 203 9
L 205 116 -106
D 204 115 2 194 205 196 30
D 192 117 2 193 197 204 9
L 207 112 -139
D 206 111 2 189 207 191 30
D 187 113 2 188 192 206 9
L 210 124 102
L 212 126 103
L 213 128 -173
L 214 126 -103
D 211 127 2 212 213 214 9
L 215 124 -102
D 209 125 2 210 211 215 9
L 218 130 -174
L 220 132 -160
L 222 134 124
L 223 136 120
L 224 134 -124
D 221 135 2 222 223 224 9
L 225 132 160
D 219 133 2 220 221 225 9
L 226 130 174
D 217 131 2 218 219 226 9
L 229 138 123
L 230 140 -171
L 231 138 -123
D 228 139 2 229 230 231 9
L 234 142 122
L 235 144 -172
L 236 142 -122
D 233 143 2 234 235 236 9
L 238 146 121
L 239 148 119
L 240 146 -121
D 237 147 2 238 239 240 9
L 242 144 172
D 241 143 2 234 242 236 30
D 232 145 2 233 237 241 9
L 244 140 171
D 243 139 2 229 244 231 30
D 227 141 2 228 232 243 9
L 248 136 -120
D 247 135 2 222 248 224 30
D 246 133 2 220 247 225 30
D 245 131 2 218 246 226 30
D 216 137 2 217 227 245 9
L 251 128 173
D 250 127 2 212 251 214 30
D 249 125 2 210 250 215 30
D 208 129 2 209 216 249 9
L 256 122 161
D 255 121 2 200 256 202 30
D 254 119 2 198 255 203 30
D 253 117 2 193 254 204 30
D 252 113 2 188 253 206 30
D 186 123 2 187 208 252 9
L 262 150 158
L 263 152 146
L 264 150 -158
D 261 151 2 262 263 264 9
L 265 154 -163
L 267 152 -146
D 266 151 2 262 267 264 30
D 260 153 2 261 265 266 9
L 270 156 156
L 271 158 -157
L 272 156 -156
D 269 157 2 270 271 272 9
L 273 160 -164
L 275 158 157
D 274 157 2 270 275 272 30
D 268 159 2 269 273 274 9
L 277 154 163
D 276 153 2 261 277 266 30
D 259 155 2 260 268 276 9
L 281 162 -165
L 282 164 88
L 283 162 165
D 280 163 2 281 282 283 9
L 285 166 22
L 286 168 -21
L 287 166 -22
L 288 168 21
D 284 167 2 285 286 287 288
L 290 164 -88
D 289 163 2 281 290 283 30
D 279 165 2 280 284 289 9
L 294 170 87
L 295 172 -37
L 296 170 -87
D 293 171 2 294 295 296 9
L 298 174 84
L 299 176 38
L 300 174 -84
D 297 175 2 298 299 300 9
L 302 172 37
D 301 171 2 294 302 296 30
D 292 173 2 293 297 301 9
L 305 178 83
L 307 180 -58
L 308 182 57
L 309 180 58
D 306 181 2 307 308 309 9
L 310 178 -83
D 304 179 2 305 306 310 9
L 312 184 86
L 313 186 85
L 314 184 -86
D 311 185 2 312 313 314 9
L 317 182 -57
D 316 181 2 307 317 309 30
D 315 179 2 305 316 310 30
D 303 183 2 304 311 315 9
L 320 176 -38
D 319 175 2 298 320 300 30
D 318 173 2 293 319 301 30
D 291 177 2 292 303 318 9
D 322 167 2 287 286 285 288
D 321 165 2 280 322 289 30
D 278 169 2 279 291 321 9
L 325 160 164
D 324 159 2 269 325 274 30
D 323 155 2 260 324 276 30
D 258 161 2 259 278 323 9
L 329 188 -125
L 330 190 -133
L 331 188 125
D 328 189 2 329 330 331 9
L 333 192 128
L 335 194 -140
L 337 196 -141
L 338 198 134
L 339 196 141
D 336 197 2 337 338 339 9
L 340 194 140
D 334 195 2 335 336 340 9
L 341 192 -128
D 332 193 2 333 334 341 9
L 343 190 133
D 342 189 2 329 343 331 30
D 327 191 2 328 332 342 9
L 348 200 -24
L 349 202 23
L 350 200 24
D 347 201 2 348 349 350 9
L 352 204 -46
L 353 206 45
L 354 204 46
D 351 205 2 352 353 354 9
L 356 202 -23
D 355 201 2 348 356 350 30
D 346 203 2 347 351 355 9
L 358 208 78
L 360 210 -5
L 361 212 6
L 362 210 5
D 359 211 2 360 361 362 9
L 363 208 -78
D 357 209 2 358 359 363 9
L 366 206 -45
D 365 205 2 354 366 352 9
D 364 203 2 347 365 355 9
L 369 212 -6
D 368 211 2 362 369 360 9
D 367 209 2 358 368 363 9
D 371 205 2 352 366 354 353
D 370 203 2 347 371 355 30
D 345 207 3 346 357 364 367 370 9
L 376 214 27
L 377 216 -28
L 378 214 -27
D 375 215 2 376 377 378 9
L 381 218 66
L 382 220 69
L 383 218 -66
D 380 219 2 381 382 383 9
L 385 222 68
L 386 224 70
L 387 222 -68
D 384 223 2 385 386 387 9
L 389 220 -69
D 388 219 2 381 389 383 30
D 379 221 2 380 384 388 9
L 391 216 28
D 390 215 2 376 391 378 30
D 374 217 2 375 379 390 9
L 394 226 -151
L 395 228 -137
L 396 226 151
D 393 227 2 394 395 396 9
L 399 230 -149
L 400 232 -150
L 401 230 149
D 398 231 2 399 400 401 9
L 404 234 75
L 406 236 74
L 407 238 76
L 408 236 -74
D 405 237 2 406 407 408 9
L 409 234 -75
D 403 235 2 404 405 409 9
L 411 240 72
L 413 242 73
L 414 244 71
L 415 242 -73
D 412 243 2 413 414 415 9
L 416 240 -72
D 410 241 2 411 412 416 9
L 419 238 -76
D 418 237 2 406 419 408 30
D 417 235 2 404 418 409 30
D 402 239 2 403 410 417 9
L 421 232 150
D 420 231 2 399 421 401 30
D 397 233 2 398 402 420 9
L 423 228 137
D 422 227 2 394 423 396 30
D 392 229 2 393 397 422 9
L 427 224 -70
D 426 223 2 385 427 387 30
D 425 221 2 380 426 388 30
D 424 217 2 375 425 390 30
D 373 225 2 374 392 424 9
L 432 246 -153
L 434 248 79
L 435 250 -152
L 436 248 -79
D 433 249 2 434 435 436 9
L 437 246 153
D 431 247 2 432 433 437 9
L 440 252 80
L 442 254 81
L 443 256 77
L 444 254 -81
D 441 255 2 442 443 444 9
L 445 252 -80
D 439 253 2 440 441 445 9
L 447 258 -7
L 448 260 82
L 449 258 7
D 446 259 2 447 448 449 9
L 452 256 -77
D 451 255 2 442 452 444 30
D 450 253 2 440 451 445 30
D 438 257 2 439 446 450 9
L 455 250 152
D 454 249 2 434 455 436 30
D 453 247 2 432 454 437 30
D 430 251 2 431 438 453 9
L 458 262 8
L 460 264 99
L 461 266 96
L 462 264 -99
D 459 265 2 460 461 462 9
L 463 262 -8
D 457 263 2 458 459 463 9
L 467 268 65
L 469 270 -167
L 471 272 61
L 472 274 -62
L 473 272 -61
D 470 273 2 471 472 473 9
L 474 270 167
D 468 271 2 469 470 474 9
L 475 268 -65
D 466 269 2 467 468 475 9
L 477 276 67
L 480 278 59
L 481 280 -60
L 482 278 -59
D 479 279 2 480 481 482 9
L 483 282 -166
L 485 280 60
D 484 279 2 480 485 482 30
D 478 281 2 479 483 484 9
L 486 276 -67
D 476 277 2 477 478 486 9
L 490 274 62
D 489 273 2 471 490 473 30
D 488 271 2 469 489 474 30
D 487 269 2 467 488 475 30
D 465 275 2 466 476 487 9
L 492 284 -145
L 494 286 13
L 495 288 -14
L 496 286 -13
D 493 287 2 494 495 496 9
L 497 284 145
D 491 285 2 492 493 497 9
L 501 282 166
D 500 281 2 479 501 484 30
D 499 277 2 477 500 486 30
D 498 275 2 466 499 487 30
D 464 283 2 465 491 498 9
L 504 266 -96
D 503 265 2 460 504 462 30
D 502 263 2 458 503 463 30
D 456 267 2 457 464 502 9
D 507 259 2 449 448 447 9
D 506 257 2 439 507 450 9
D 505 251 2 431 506 453 9
D 509 263 2 463 459 458 9
D 510 263 2 463 503 458 30
D 508 267 2 509 464 510 9
L 513 260 -82
D 512 257 2 439 513 450 30
D 511 251 2 431 512 453 30
D 429 261 3 430 456 505 508 511 9
L 517 290 -32
L 518 292 31
L 519 290 32
D 516 291 2 517 518 519 9
L 521 294 17
L 524 296 50
L 525 298 -49
L 526 296 -50
D 523 297 2 524 525 526 9
L 527 300 -18
L 529 298 49
D 528 297 2 524 529 526 30
D 522 299 2 523 527 528 9
L 530 294 -17
D 520 295 2 521 522 530 9
L 532 292 -31
D 531 291 2 517 532 519 30
D 515 293 2 516 520 531 9
L 536 302 114
L 538 304 -170
L 539 306 115
L 540 304 170
D 537 305 2 538 539 540 9
L 541 302 -114
D 535 303 2 536 537 541 9
L 544 308 117
L 545 310 113
L 546 308 -117
D 543 309 2 544 545 546 9
L 548 312 118
L 549 314 -168
L 550 312 -118
D 547 313 2 548 549 550 9
L 552 310 -113
D 551 309 2 544 552 546 30
D 542 311 2 543 547 551 9
L 555 306 -115
D 554 305 2 538 555 540 30
D 553 303 2 536 554 541 30
D 534 307 2 535 542 553 9
L 559 316 -154
L 561 318 98
L 562 320 100
L 563 318 -98
D 560 319 2 561 562 563 9
L 564 316 154
D 558 317 2 559 560 564 9
L 567 322 95
L 568 324 97
L 569 322 -95
D 566 323 2 567 568 569 9
L 571 326 -155
L 572 328 92
L 573 326 155
D 570 327 2 571 572 573 9
L 575 324 -97
D 574 323 2 567 575 569 30
D 565 325 2 566 570 574 9
L 578 320 -100
D 577 319 2 561 578 563 30
D 576 317 2 559 577 564 30
D 557 321 2 558 565 576 9
L 582 330 -169
L 583 332 116
L 584 330 169
D 581 331 2 582 583 584 9
L 585 334 -175
L 587 332 -116
D 586 331 2 582 587 584 30
D 580 333 2 581 585 586 9
L 590 336 90
L 591 338 91
L 592 336 -90
D 589 337 2 590 591 592 9
L 594 340 -144
L 597 342 93
L 598 344 -126
L 599 342 -93
D 596 343 2 597 598 599 9
L 601 346 94
L 602 348 89
L 603 346 -94
D 600 347 2 601 602 603 9
L 605 344 126
D 604 343 2 597 605 599 30
D 595 345 2 596 600 604 9
L 606 340 144
D 593 341 2 594 595 606 9
L 608 338 -91
D 607 337 2 590 608 592 30
D 588 339 2 589 593 607 9
L 610 334 175
D 609 333 2 581 610 586 30
D 579 335 2 580 588 609 9
L 614 328 -92
D 613 327 2 571 614 573 30
D 612 325 2 566 613 574 30
D 611 321 2 558 612 576 30
D 556 329 2 557 579 611 9
L 618 314 168
D 617 313 2 548 618 550 30
D 616 311 2 543 617 551 30
D 615 307 2 535 616 553 30
D 533 315 2 534 556 615 9
L 622 300 18
D 621 299 2 523 622 528 30
D 620 295 2 521 621 530 30
D 619 293 2 516 620 531 30
D 514 301 2 515 533 619 9
L 628 288 14
D 627 287 2 494 628 496 30
D 626 285 2 492 627 497 30
D 625 283 2 465 626 498 30
D 624 267 2 509 625 510 30
D 629 267 2 457 625 502 30
D 623 261 3 505 624 430 629 511 30
D 428 289 2 429 514 623 9
L 636 244 -71
D 635 243 2 413 636 415 30
D 634 241 2 411 635 416 30
D 633 239 2 403 634 417 30
D 632 233 2 398 633 420 30
D 631 229 2 393 632 422 30
D 630 225 2 374 631 424 30
D 372 245 2 373 428 630 9
D 639 211 2 360 369 362 30
D 638 209 2 358 639 363 30
D 641 211 2 362 361 360 30
D 640 209 2 358 641 363 30
D 637 207 3 346 638 364 640 370 30
D 344 213 2 345 372 637 9
L 646 198 -134
D 645 197 2 337 646 339 30
D 644 195 2 335 645 340 30
D 643 193 2 333 644 341 30
D 642 191 2 328 643 342 30
D 326 199 2 327 344 642 9
L 652 186 -85
D 651 185 2 312 652 314 30
D 650 183 2 304 651 315 30
D 649 177 2 292 650 318 30
D 648 169 2 279 649 321 30
D 647 161 2 259 648 323 30
D 257 187 2 258 326 647 9
L 659 148 -119
D 658 147 2 238 659 240 30
D 657 145 2 233 658 241 30
D 656 141 2 228 657 243 30
D 655 137 2 217 656 245 30
D 654 129 2 209 655 249 30
D 653 123 2 187 654 252 30
D 185 149 2 186 257 653 9
L 664 108 -135
D 663 107 2 172 664 174 30
D 662 105 2 167 663 175 30
D 661 101 2 162 662 177 30
D 660 97 2 129 661 179 30
D 127 109 2 128 185 660 9
D 667 43 2 71 67 66 9
D 668 43 2 71 95 66 30
D 666 47 2 667 72 668 9
D 670 63 2 101 121 99 9
L 674 76 136
D 673 75 2 113 674 115 9
D 672 73 2 108 673 116 9
D 671 69 2 103 672 118 9
D 675 63 2 101 100 99 30
D 669 65 2 670 671 675 9
D 678 51 2 74 93 79 9
D 679 51 2 74 78 79 30
D 677 53 2 678 81 679 9
D 676 47 2 667 677 668 9
D 681 63 2 101 121 99 100
D 683 67 2 106 119 104 9
D 684 67 2 106 105 104 30
D 682 69 2 683 672 684 9
D 685 63 2 99 121 101 100
D 680 65 2 681 682 685 9
D 689 59 2 89 126 87 9
D 688 57 2 82 689 90 9
D 687 53 2 678 688 679 9
D 686 47 2 667 687 668 9
D 692 67 2 106 119 104 105
D 693 67 2 104 119 106 105
D 691 69 2 692 672 693 9
D 690 65 2 681 691 685 9
D 697 59 2 89 88 87 126
D 696 57 2 82 697 90 30
D 695 53 3 73 124 678 696 79 30
D 694 47 2 667 695 668 30
D 665 61 4 666 669 676 680 686 690 694 9
D 702 107 2 172 664 174 9
D 701 105 2 167 702 175 9
D 700 101 2 162 701 177 9
D 699 97 2 129 700 179 9
D 709 171 2 294 302 296 9
D 710 175 2 298 320 300 9
D 711 171 2 294 295 296 30
D 708 173 2 709 710 711 9
D 713 175 2 298 299 300 30
D 712 173 2 709 713 711 30
D 707 177 2 708 303 712 9
D 706 169 2 279 707 321 9
D 705 161 2 259 706 323 9
D 716 193 2 341 334 333 9
D 715 191 2 328 716 342 9
D 720 201 2 350 356 348 9
D 721 201 2 350 349 348 30
D 719 203 2 720 351 721 9
D 723 211 2 362 369 360 361
D 722 209 2 358 723 363 9
D 725 205 2 352 366 354 30
D 726 201 2 348 356 350 349
D 724 203 3 347 371 720 725 726 30
D 718 207 4 719 722 346 357 364 367 724 9
D 730 215 2 376 377 378 391
D 731 215 2 378 377 376 391
D 729 217 2 730 379 731 9
D 732 217 2 730 425 731 30
D 728 225 2 729 392 732 9
D 736 291 2 519 532 517 9
D 739 297 2 526 529 524 9
D 740 297 2 526 525 524 30
D 738 299 2 739 527 740 9
D 737 295 2 521 738 530 9
D 741 291 2 517 532 519 518
D 735 293 3 516 520 736 737 741 9
D 743 291 2 519 532 517 518
D 745 299 2 739 622 740 9
D 744 295 2 530 745 521 9
D 742 293 2 743 744 741 9
D 752 343 2 597 605 599 9
D 753 343 2 597 598 599 30
D 751 345 2 752 600 753 9
D 750 341 2 594 751 606 9
D 749 339 2 589 750 607 9
D 748 335 2 580 749 609 9
D 747 329 2 557 748 611 9
D 746 315 2 534 747 615 9
D 756 299 2 739 527 740 30
D 755 295 2 521 621 530 756
D 758 299 2 739 622 740 30
D 757 295 2 521 758 530 756
D 754 293 3 516 755 736 757 741 30
D 734 301 3 735 533 742 746 754 9
D 763 287 2 496 628 494 9
D 762 285 2 492 763 497 9
D 761 283 2 465 762 498 9
D 760 267 2 509 761 510 9
D 764 267 2 457 761 502 9
D 759 261 3 505 760 430 764 511 9
D 767 295 2 521 738 530 745
D 768 295 2 521 522 530 745
D 766 293 3 736 767 516 768 741 9
D 765 301 2 766 746 754 9
D 773 287 2 496 495 494 628
D 772 285 2 492 773 497 30
D 771 283 2 465 772 498 30
D 770 267 2 457 771 502 30
D 774 267 2 509 771 510 30
D 769 261 3 430 770 505 774 511 30
D 733 289 3 429 734 759 765 769 9
D 775 225 2 729 631 732 30
D 727 245 2 728 733 775 9
D 778 211 2 360 369 362 361
D 777 209 2 358 778 363 30
D 776 207 4 346 638 719 777 364 640 724 30
D 717 213 2 718 727 776 9
D 780 193 2 341 644 333 30
D 779 191 2 328 780 342 30
D 714 199 2 715 717 779 9
D 781 199 2 327 717 642 9
D 785 173 3 709 710 293 297 296 9
D 786 173 3 293 319 709 713 296 30
D 784 177 2 785 650 786 30
D 783 169 2 279 784 321 30
D 782 161 2 259 783 323 30
D 704 187 3 705 714 258 781 782 9
D 703 149 2 186 704 653 9
D 790 103 2 170 176 168 9
D 791 103 2 170 169 168 30
D 789 105 2 790 702 791 9
D 788 101 2 162 789 177 9
D 787 97 2 129 788 179 9
D 795 111 2 189 207 191 9
D 796 111 2 189 190 191 30
D 794 113 2 795 192 796 9
D 797 113 2 795 253 796 30
D 793 123 2 794 208 797 9
D 801 189 2 331 330 329 9
D 802 189 2 331 343 329 30
D 800 191 2 801 716 802 9
D 803 191 2 801 780 802 30
D 799 199 2 800 717 803 9
D 805 191 2 801 332 802 9
D 806 191 2 801 643 802 30
D 804 199 2 805 717 806 9
D 798 187 3 705 799 258 804 782 9
D 807 123 2 794 654 797 30
D 792 149 2 793 798 807 9
D 811 103 2 170 176 168 169
D 812 107 2 172 173 174 30
D 813 103 2 168 176 170 169
D 810 105 2 811 812 813 30
D 809 101 2 162 810 177 30
D 808 97 2 129 809 179 30
D 698 109 3 699 703 787 792 808 9
D 818 71 2 111 117 109 9
D 819 71 2 111 110 109 30
D 817 73 2 818 673 819 9
D 816 69 2 103 817 118 9
D 815 65 2 681 816 685 9
D 821 69 2 683 817 684 9
D 820 65 2 681 821 685 9
D 823 69 2 692 817 693 9
D 822 65 2 681 823 685 9
D 814 61 4 666 815 676 820 686 822 694 9
D 825 149 2 793 704 807 9
D 824 109 3 699 825 787 792 808 9
D 827 65 2 98 671 120 9
D 826 61 2 64 827 122 9
D 839 287 2 496 495 494 30
D 838 285 2 492 839 497 30
D 837 283 2 465 838 498 30
D 836 267 2 457 837 502 30
D 840 267 2 509 837 510 30
D 835 261 3 430 836 505 840 511 30
D 834 289 2 759 765 835 9
D 833 245 2 728 834 775 9
D 832 213 2 718 833 776 9
D 831 199 2 715 832 779 9
D 841 199 2 327 832 642 9
D 830 187 3 705 831 258 841 782 9
D 829 149 2 186 830 653 9
D 847 203 2 720 725 721 30
D 846 207 2 719 722 847 9
D 849 289 2 429 734 623 9
D 848 245 2 728 849 775 9
D 853 215 2 378 391 376 9
D 854 215 2 378 377 376 30
D 852 217 2 853 379 854 9
D 855 217 2 853 425 854 30
D 851 225 2 852 392 855 9
D 859 291 2 519 518 517 30
D 858 293 2 736 737 859 9
D 861 295 2 530 756 521 30
D 860 293 3 736 757 516 861 741 30
D 857 301 3 858 533 742 746 860 9
D 856 289 2 429 857 623 9
D 850 245 3 851 849 373 856 775 9
D 845 213 3 846 848 345 850 776 9
D 844 199 2 715 845 779 9
D 862 199 2 327 845 642 9
D 843 187 3 705 844 258 862 782 9
D 842 149 2 186 843 653 9
D 865 105 3 790 812 167 174 813 30
D 864 101 2 162 865 177 30
D 863 97 2 129 864 179 30
D 828 109 4 787 792 699 829 128 842 863 9
D 870 75 2 115 114 113 9
D 869 73 2 108 870 116 9
D 868 69 2 103 869 118 9
D 867 65 2 98 868 120 9
D 866 61 2 64 867 122 9
D 877 163 2 283 282 281 9
D 878 167 2 285 286 287 9
D 879 163 2 283 290 281 30
D 876 165 2 877 878 879 9
D 883 181 2 309 317 307 9
D 882 179 2 305 883 310 9
D 885 181 2 309 308 307 30
D 884 179 2 305 885 310 30
D 881 183 2 882 311 884 9
D 880 177 2 708 881 712 9
D 887 167 2 285 288 287 30
D 886 165 2 877 887 879 30
D 875 169 2 876 880 886 9
D 874 161 2 259 875 323 9
D 892 205 2 354 353 352 30
D 891 203 2 347 892 355 30
D 890 207 2 364 367 891 9
D 897 247 2 437 433 432 9
D 900 255 2 444 443 442 9
D 899 253 2 440 900 445 9
D 901 259 2 449 513 447 9
D 903 255 2 444 452 442 30
D 902 253 2 440 903 445 30
D 898 257 2 899 901 902 9
D 904 247 2 437 454 432 30
D 896 251 2 897 898 904 9
D 907 259 2 449 448 447 30
D 906 257 2 899 907 902 30
D 905 251 2 897 906 904 30
D 895 261 2 896 508 905 9
D 908 261 2 896 624 905 30
D 894 289 2 895 514 908 9
D 893 245 2 373 894 630 9
D 909 207 2 364 640 891 30
D 889 213 2 890 893 909 9
D 888 199 2 715 889 779 9
D 912 165 2 280 878 289 9
D 913 165 2 280 887 289 30
D 911 169 2 912 707 913 9
D 910 161 2 259 911 323 9
D 921 249 2 434 455 436 9
D 920 247 2 437 921 432 9
D 923 253 2 445 900 440 9
D 924 253 2 445 903 440 30
D 922 257 2 923 446 924 9
D 926 249 2 434 435 436 30
D 925 247 2 437 926 432 30
D 919 251 2 920 922 925 9
D 929 259 2 447 513 449 30
D 928 257 2 923 929 924 30
D 927 251 2 920 928 925 30
D 918 261 2 919 456 927 9
D 930 261 2 919 629 927 30
D 917 289 2 918 514 930 9
D 916 245 2 373 917 630 9
D 932 203 2 347 725 355 30
D 931 207 2 346 357 932 9
D 915 213 3 890 916 931 372 637 9
D 914 199 2 715 915 779 9
D 936 167 2 287 288 285 9
D 935 165 2 280 936 289 9
D 938 167 2 287 286 285 30
D 937 165 2 280 938 289 30
D 934 169 2 935 707 937 9
D 933 161 2 259 934 323 9
D 942 209 2 363 359 358 9
D 941 207 2 346 942 932 9
D 946 227 2 396 395 394 9
D 947 227 2 396 423 394 30
D 945 229 2 946 397 947 9
D 944 225 2 374 945 424 9
D 952 249 2 436 455 434 9
D 951 247 2 432 952 437 9
D 954 249 2 436 435 434 30
D 953 247 2 432 954 437 30
D 950 251 2 951 438 953 9
D 956 257 2 439 929 450 30
D 955 251 2 951 956 953 30
D 949 261 2 950 456 955 9
D 957 261 2 950 629 955 30
D 948 289 2 949 514 957 9
D 963 255 2 442 452 444 9
D 962 253 2 440 963 445 9
D 965 255 2 442 443 444 30
D 964 253 2 440 965 445 30
D 961 257 2 962 507 964 9
D 960 251 2 920 961 925 9
D 968 259 2 449 513 447 30
D 967 257 2 962 968 964 30
D 966 251 2 920 967 925 30
D 959 261 2 960 508 966 9
D 969 261 2 960 624 966 30
D 958 289 2 959 514 969 9
D 971 229 2 395 632 423 30
D 970 225 2 374 971 424 30
D 943 245 3 944 948 373 958 970 9
D 973 209 2 363 639 358 30
D 972 207 3 346 973 364 640 370 30
D 940 213 3 941 943 890 372 972 9
D 939 199 2 715 940 779 9
D 976 177 2 708 650 712 30
D 978 183 2 882 651 884 30
D 977 177 2 708 978 712 30
D 979 165 3 877 887 280 322 290 30
D 975 169 3 279 976 876 977 979 30
D 974 161 2 259 975 323 30
D 873 187 4 874 888 910 914 933 939 974 9
D 872 149 2 186 873 653 9
D 871 109 2 128 872 660 9
D 984 75 2 115 674 113 9
D 983 73 2 108 984 116 30
D 982 69 2 103 983 118 30
D 981 65 2 98 982 120 30
D 988 71 2 109 110 111 117
D 989 75 2 113 114 115 30
D 990 71 2 111 110 109 117
D 987 73 2 988 989 990 30
D 986 69 2 103 987 118 30
D 992 73 2 818 989 819 30
D 991 69 2 103 992 118 30
D 985 65 3 670 986 98 991 685 30
D 994 69 2 683 987 684 30
D 993 65 2 681 994 685 30
D 996 69 2 692 987 693 30
D 995 65 2 681 996 685 30
D 997 47 3 667 695 65 123 95 30
D 980 61 5 64 981 666 985 676 993 686 995 997 30
D 62 77 6 63 127 665 698 814 824 826 828 866 871 980 9
D 999 35 2 55 61 53 9
D 1000 35 2 55 54 53 30
D 998 37 2 999 56 1000 9
D 1007 177 2 785 303 786 9
D 1006 169 2 279 1007 321 9
D 1005 161 2 259 1006 323 9
D 1004 187 2 1005 326 782 9
D 1003 149 2 186 1004 653 9
D 1002 109 2 128 1003 660 9
D 1010 187 2 1005 862 782 9
D 1009 149 2 186 1010 653 9
D 1012 187 2 1005 841 782 9
D 1011 149 2 186 1012 653 9
D 1014 187 2 1005 804 782 9
D 1013 149 2 793 1014 807 9
D 1008 109 4 128 1009 699 1011 787 1013 863 9
D 1017 187 2 1005 781 782 9
D 1016 149 2 186 1017 653 9
D 1015 109 3 699 1016 787 1013 808 9
D 1019 149 2 793 1017 807 9
D 1018 109 3 699 1019 787 1013 808 9
D 1023 73 2 108 115 116 30
D 1022 69 2 103 1023 118 30
D 1021 65 2 98 1022 120 30
D 1020 61 5 64 1021 666 985 676 993 686 995 997 30
D 1001 77 5 63 1002 826 1008 665 1015 814 1018 1020 9
L 1026 40 -15
D 1025 39 2 59 1026 57 9
D 1024 37 2 52 1025 60 9
D 1028 61 5 666 669 64 827 676 680 686 690 997 9
D 1030 149 2 186 798 653 9
D 1029 109 3 699 1030 787 792 808 9
D 1034 105 2 811 702 813 9
D 1033 101 2 162 1034 177 9
D 1032 97 2 129 1033 179 9
D 1031 109 2 1032 792 808 9
D 1038 73 2 108 989 116 30
D 1037 69 2 103 1038 118 30
D 1036 65 2 98 1037 120 30
D 1035 61 5 666 985 64 1036 676 993 686 995 997 30
D 1027 77 3 1028 1029 814 1031 1035 9
D 1039 37 2 999 1025 1000 9
D 1042 149 2 186 1014 653 9
D 1041 109 3 699 1042 787 1013 808 9
D 1043 109 2 1032 1013 808 9
D 1040 77 3 1028 1041 814 1043 1035 9
D 1045 35 2 53 54 55 61
D 1046 39 2 57 1026 59 58
D 1047 35 2 55 54 53 61
D 1044 37 2 1045 1046 1047 30
D 50 41 5 51 62 998 1001 1024 1027 1039 1040 1044 9
D 1049 23 2 36 49 34 9
D 1051 27 2 41 47 39 9
L 1053 32 26
D 1052 31 2 43 44 45 1053
D 1054 31 2 45 1053 43 9
D 1055 27 2 41 40 39 47
D 1050 29 3 1051 1052 38 1054 1055 9
D 1056 23 2 36 35 34 30
D 1048 25 2 1049 1050 1056 9
D 1060 65 2 681 671 685 9
D 1059 61 4 666 1060 676 680 686 690 694 9
D 1062 65 2 681 986 685 30
D 1061 61 4 666 1062 676 993 686 995 694 30
D 1058 77 3 1059 1029 814 1031 1061 9
D 1063 77 3 1059 698 814 824 1061 9
D 1064 77 3 1059 1015 814 1018 1061 9
D 1065 77 3 1059 1041 814 1043 1061 9
D 1057 41 5 1024 1058 51 1063 998 1064 1039 1065 1044 9
D 1068 31 2 45 44 43 1053
D 1069 31 2 45 44 43 30
D 1067 29 3 1051 1068 38 1069 1055 30
D 1071 31 2 43 1053 45 30
D 1070 29 2 38 1071 46 30
D 1072 23 2 36 35 34 49
D 1066 25 3 1049 1067 33 1070 1072 30
D 31 33 3 32 50 1048 1057 1066 9
L 1076 20 47
D 1075 19 2 26 1076 24 9
D 1074 17 2 27 1075 22 9
D 1077 13 2 20 29 18 9
D 1078 13 2 18 29 20 19
D 1073 15 3 17 1074 1077 1075 1078 9
D 1081 23 2 36 35 34 9
D 1080 25 3 1049 1050 1081 37 34 9
D 1082 25 3 1049 1067 1081 1070 34 30
D 1079 33 2 1080 1057 1082 9
D 1085 19 2 24 1076 26 30
D 1086 19 2 26 25 24 30
D 1084 17 2 22 1085 27 1086
D 1083 15 3 17 1084 1077 1086 1078 30
D 15 21 3 16 31 1073 1079 1083 9
L 1088 10 40
D 1087 9 2 14 1088 12 9
D 1097 59 2 87 88 89 126
D 1096 57 2 82 1097 90 9
D 1095 53 2 678 1096 679 9
D 1094 47 2 667 1095 668 9
D 1099 53 2 678 696 679 30
D 1098 47 2 667 1099 668 30
D 1093 61 2 1094 690 1098 9
D 1100 61 2 1094 822 1098 9
D 1101 61 2 1094 995 1098 30
D 1092 77 3 1093 1029 1100 1031 1101 9
D 1102 77 3 1093 698 1100 824 1101 9
D 1103 77 3 1093 1015 1100 1018 1101 9
D 1104 77 3 1093 1041 1100 1043 1101 9
D 1091 41 5 1024 1092 51 1102 998 1103 1039 1104 1044 9
D 1090 33 2 1080 1091 1082 9
D 1106 25 3 1049 1050 33 37 1072 9
D 1105 33 2 1106 1091 1066 9
D 1089 21 3 1073 1090 16 1105 1083 9
D 1107 9 2 14 13 12 1088
D 10 11 3 11 15 1087 1089 1107 9
L 1109 6 36
D 1108 5 2 8 1109 6 9
D 1114 77 3 1028 698 814 824 1035 9
D 1115 77 3 1028 1015 814 1018 1035 9
D 1113 41 5 51 1114 1024 1027 998 1115 1039 1040 1044 9
D 1112 33 3 32 1113 1048 1057 1066 9
D 1111 21 3 16 1112 1073 1079 1083 9
D 1110 11 3 1087 1089 11 1111 1107 9
D 1116 5 2 8 7 6 1109
D 4 7 3 5 10 1108 1110 1116 9
L 1117 2 -2
D 2 3 2 3 4 1117 9
L 1118 0 1
D 1130 49 2 77 80 75 9
D 1131 49 2 77 76 75 30
D 1129 51 2 1130 78 1131 9
D 1132 51 2 1130 93 1131 30
D 1128 53 2 1129 81 1132 9
D 1127 47 2 65 1128 94 9
D 1134 53 2 1129 124 1132 30
D 1133 47 2 65 1134 94 30
D 1126 61 2 1127 97 1133 9
D 1140 89 2 144 155 146 9
D 1141 89 2 144 145 146 30
D 1139 91 2 1140 147 1141 9
D 1138 87 2 138 1139 156 9
D 1137 83 2 130 1138 158 9
D 1143 99 2 165 178 163 9
D 1144 99 2 165 164 163 30
D 1142 101 2 1143 166 1144 9
D 1147 91 2 1140 182 1141 30
D 1146 87 2 138 1147 156 30
D 1145 83 2 130 1146 158 30
D 1136 97 2 1137 1142 1145 9
D 1151 111 2 191 190 189 9
D 1152 111 2 191 207 189 30
D 1150 113 2 1151 192 1152 9
D 1153 113 2 1151 253 1152 30
D 1149 123 2 1150 208 1153 9
D 1158 151 2 262 267 264 9
D 1159 151 2 262 263 264 30
D 1157 153 2 1158 265 1159 9
D 1161 157 2 270 275 272 9
D 1162 157 2 270 271 272 30
D 1160 159 2 1161 273 1162 9
D 1163 153 2 1158 277 1159 30
D 1156 155 2 1157 1160 1163 9
D 1165 159 2 1161 325 1162 30
D 1164 155 2 1157 1165 1163 30
D 1155 161 2 1156 934 1164 9
D 1168 189 2 329 343 331 9
D 1171 197 2 337 646 339 9
D 1170 195 2 335 1171 340 9
D 1169 193 2 341 1170 333 9
D 1172 189 2 329 330 331 30
D 1167 191 2 1168 1169 1172 9
D 1177 227 2 394 423 396 9
D 1178 227 2 394 395 396 30
D 1176 229 2 1177 397 1178 9
D 1175 225 2 374 1176 424 9
D 1182 257 2 439 968 450 30
D 1181 251 2 431 1182 453 30
D 1180 261 2 505 508 1181 9
D 1183 261 2 505 624 1181 30
D 1179 289 2 1180 514 1183 9
D 1185 229 2 1177 632 1178 30
D 1184 225 2 374 1185 424 30
D 1174 245 2 1175 1179 1184 9
D 1173 213 2 890 1174 909 9
D 1189 197 2 337 338 339 30
D 1188 195 2 335 1189 340 30
D 1187 193 2 341 1188 333 30
D 1186 191 2 1168 1187 1172 30
D 1166 199 2 1167 1173 1186 9
D 1192 153 2 1158 277 1159 9
D 1194 157 2 272 275 270 9
D 1195 157 2 272 271 270 30
D 1193 159 2 1194 325 1195 9
D 1196 153 2 1158 265 1159 30
D 1191 155 2 1192 1193 1196 9
D 1198 159 2 1194 273 1195 30
D 1197 155 2 1192 1198 1196 30
D 1190 161 2 1191 934 1197 9
D 1204 251 2 431 956 453 30
D 1203 261 2 430 456 1204 9
D 1205 261 2 430 629 1204 30
D 1202 289 2 1203 514 1205 9
D 1201 245 2 1175 1202 1184 9
D 1200 213 2 890 1201 909 9
D 1199 199 2 1167 1200 1186 9
D 1207 155 3 1192 1193 1157 1160 1159 9
D 1208 169 2 935 976 937 30
D 1209 155 3 1192 1198 1157 1165 1159 30
D 1206 161 2 1207 1208 1209 30
D 1154 187 3 1155 1166 1190 1199 1206 9
D 1210 123 2 1150 654 1153 30
D 1148 149 2 1149 1154 1210 9
D 1212 101 2 1143 662 1144 30
D 1211 97 2 1137 1212 1145 30
D 1135 109 2 1136 1148 1211 9
D 1213 61 2 1127 827 1133 9
D 1218 111 2 191 207 189 9
D 1219 111 2 191 190 189 30
D 1217 113 2 1218 192 1219 9
D 1220 113 2 1218 253 1219 30
D 1216 123 2 1217 208 1220 9
D 1224 189 2 331 343 329 9
D 1225 189 2 331 330 329 30
D 1223 191 2 1224 716 1225 9
D 1230 293 2 516 768 531 9
D 1231 293 2 516 755 531 30
D 1229 301 2 1230 746 1231 9
D 1233 293 2 516 744 531 9
D 1234 293 2 516 861 531 30
D 1232 301 2 1233 746 1234 9
D 1228 289 3 759 1229 429 1232 769 9
D 1227 245 2 373 1228 630 9
D 1226 213 2 890 1227 909 9
D 1235 191 2 1224 780 1225 30
D 1222 199 2 1223 1226 1235 9
D 1236 161 2 259 1208 323 30
D 1221 187 2 933 1222 1236 9
D 1237 123 2 1217 654 1220 30
D 1215 149 2 1216 1221 1237 9
D 1243 289 2 429 1232 623 9
D 1242 245 2 373 1243 630 9
D 1241 213 2 890 1242 909 9
D 1240 199 2 1167 1241 1186 9
D 1239 187 2 933 1240 1236 9
D 1238 149 2 1149 1239 1210 9
D 1247 191 2 1168 716 1172 9
D 1254 285 2 497 763 492 9
D 1253 283 2 465 1254 498 9
D 1252 267 2 509 1253 510 9
D 1255 267 2 457 1253 502 9
D 1251 261 3 505 1252 430 1255 511 9
D 1256 301 2 515 746 619 9
D 1260 265 2 462 461 460 9
D 1259 263 2 463 1260 458 9
D 1265 273 2 473 490 471 9
D 1264 271 2 474 1265 469 9
D 1263 269 2 467 1264 475 9
D 1268 279 2 482 485 480 9
D 1269 279 2 482 481 480 30
D 1267 281 2 1268 501 1269 9
D 1266 277 2 477 1267 486 9
D 1272 273 2 473 472 471 30
D 1271 271 2 474 1272 469 30
D 1270 269 2 467 1271 475 30
D 1262 275 2 1263 1266 1270 9
D 1275 281 2 1268 483 1269 30
D 1274 277 2 477 1275 486 30
D 1273 275 2 1263 1274 1270 30
D 1261 283 2 1262 1254 1273 9
D 1277 265 2 462 504 460 30
D 1276 263 2 463 1277 458 30
D 1258 267 2 1259 1261 1276 9
D 1257 261 2 505 1258 1181 9
D 1283 319 2 561 578 563 9
D 1282 317 2 559 1283 564 9
D 1285 319 2 561 562 563 30
D 1284 317 2 559 1285 564 30
D 1281 321 2 1282 565 1284 9
D 1286 321 2 1282 612 1284 30
D 1280 329 2 1281 748 1286 9
D 1279 315 2 534 1280 615 9
D 1278 301 2 1233 1279 1234 9
D 1289 263 2 458 1260 463 9
D 1291 275 2 466 1266 487 9
D 1292 275 2 466 1274 487 30
D 1290 283 2 1291 1254 1292 9
D 1293 263 2 458 1277 463 30
D 1288 267 2 1289 1290 1293 9
D 1287 261 2 430 1288 1204 9
D 1299 319 2 563 562 561 9
D 1298 317 2 559 1299 564 9
D 1301 327 2 573 572 571 9
D 1300 325 2 566 1301 574 9
D 1303 319 2 563 578 561 30
D 1302 317 2 559 1303 564 30
D 1297 321 2 1298 1300 1302 9
D 1306 327 2 573 614 571 30
D 1305 325 2 566 1306 574 30
D 1304 321 2 1298 1305 1302 30
D 1296 329 2 1297 748 1304 9
D 1295 315 2 534 1296 615 9
D 1294 301 2 1233 1295 1234 9
D 1310 285 2 497 839 492 30
D 1309 283 2 1291 1310 1292 30
D 1311 283 2 465 1310 498 30
D 1312 263 2 458 504 463 30
D 1308 267 3 1289 1309 457 1311 1312 30
D 1314 283 2 1262 1310 1273 30
D 1315 263 2 463 504 458 30
D 1313 267 3 1259 1314 509 1311 1315 30
D 1307 261 3 430 1308 505 1313 511 30
D 1250 289 4 1251 1256 1257 1278 1287 1294 1307 9
D 1249 245 2 373 1250 630 9
D 1248 213 2 890 1249 909 9
D 1316 191 2 1168 780 1172 30
D 1246 199 2 1247 1248 1316 9
D 1245 187 2 933 1246 1236 9
D 1244 149 2 1149 1245 1210 9
D 1318 101 2 1143 789 1144 9
D 1317 97 2 129 1318 179 9
D 1323 245 2 1175 428 1184 9
D 1322 213 2 890 1323 909 9
D 1321 199 2 1223 1322 1235 9
D 1320 187 2 933 1321 1236 9
D 1319 149 2 1216 1320 1237 9
D 1326 105 2 790 812 791 30
D 1327 99 2 165 164 163 178
D 1325 101 3 1143 1326 162 865 1327 30
D 1324 97 2 129 1325 179 30
D 1214 109 5 787 1215 128 1238 699 1244 1317 1319 1324 9
D 1331 45 2 70 96 68 9
D 1330 43 2 71 1331 66 9
D 1333 45 2 70 69 68 30
D 1332 43 2 71 1333 66 30
D 1329 47 2 1330 72 1332 9
D 1334 65 2 670 816 675 9
D 1335 47 2 1330 123 1332 30
D 1328 61 2 1329 1334 1335 9
D 1338 101 2 1143 701 1144 9
D 1337 97 2 129 1338 179 9
D 1349 305 2 540 555 538 9
D 1348 303 2 541 1349 536 9
D 1351 305 2 540 539 538 30
D 1350 303 2 541 1351 536 30
D 1347 307 2 1348 542 1350 9
D 1354 333 2 581 610 586 9
D 1355 333 2 581 585 586 30
D 1353 335 2 1354 588 1355 9
D 1352 329 2 557 1353 611 9
D 1356 307 2 1348 616 1350 30
D 1346 315 2 1347 1352 1356 9
D 1345 301 2 515 1346 619 9
D 1361 305 2 540 539 538 9
D 1360 303 2 541 1361 536 9
D 1363 309 2 544 552 546 9
D 1364 313 2 548 618 550 9
D 1365 309 2 544 545 546 30
D 1362 311 2 1363 1364 1365 9
D 1367 305 2 540 555 538 30
D 1366 303 2 541 1367 536 30
D 1359 307 2 1360 1362 1366 9
D 1370 313 2 548 549 550 30
D 1369 311 2 1363 1370 1365 30
D 1368 307 2 1360 1369 1366 30
D 1358 315 2 1359 556 1368 9
D 1357 301 2 515 1358 619 9
D 1344 289 3 1203 1345 1180 1357 623 9
D 1343 245 2 1175 1344 1184 9
D 1342 213 2 890 1343 909 9
D 1341 199 2 1247 1342 1316 9
D 1340 187 2 933 1341 1236 9
D 1339 149 2 1216 1340 1237 9
D 1372 101 2 1143 810 1144 30
D 1371 97 2 129 1372 179 30
D 1336 109 3 1337 1339 1317 1319 1371 9
D 1374 65 2 98 816 120 9
D 1373 61 2 1329 1374 1335 9
D 1385 303 2 536 1361 541 9
D 1387 309 2 546 545 544 9
D 1388 313 2 550 618 548 9
D 1389 309 2 546 552 544 30
D 1386 311 2 1387 1388 1389 9
D 1390 303 2 536 1367 541 30
D 1384 307 2 1385 1386 1390 9
D 1393 313 2 550 549 548 30
D 1392 311 2 1387 1393 1389 30
D 1391 307 2 1385 1392 1390 30
D 1383 315 2 1384 556 1391 9
D 1382 301 2 515 1383 619 9
D 1397 311 2 1387 1364 1389 9
D 1396 307 2 535 1397 553 9
D 1401 331 2 584 587 582 9
D 1402 331 2 584 583 582 30
D 1400 333 2 1401 585 1402 9
D 1403 333 2 1401 610 1402 30
D 1399 335 2 1400 588 1403 9
D 1398 329 2 557 1399 611 9
D 1405 311 2 1387 1370 1389 30
D 1404 307 2 535 1405 553 30
D 1395 315 2 1396 1398 1404 9
D 1394 301 2 515 1395 619 9
D 1381 289 3 1203 1382 1180 1394 623 9
D 1380 245 2 1175 1381 1184 9
D 1379 213 2 890 1380 909 9
D 1378 199 2 1223 1379 1235 9
D 1377 187 2 933 1378 1236 9
D 1376 149 2 1216 1377 1237 9
D 1408 199 2 1247 1322 1316 9
D 1407 187 2 933 1408 1236 9
D 1406 149 2 1216 1407 1237 9
D 1375 109 3 1317 1376 1337 1406 1371 9
D 1413 55 2 85 91 83 9
D 1414 55 2 85 84 83 30
D 1412 57 2 1413 689 1414 9
D 1411 53 2 678 1412 679 9
D 1410 47 2 667 1411 668 9
D 1418 59 2 89 88 87 30
D 1417 57 2 1413 1418 1414 30
D 1416 53 2 678 1417 679 30
D 1415 47 2 667 1416 668 30
D 1409 61 2 1410 669 1415 9
D 1423 85 2 141 140 139 9
D 1425 89 2 146 155 144 9
D 1427 95 2 150 184 152 9
D 1426 93 2 148 1427 153 9
D 1428 89 2 146 145 144 30
D 1424 91 2 1425 1426 1428 9
D 1429 85 2 141 157 139 30
D 1422 87 2 1423 1424 1429 9
D 1421 83 2 130 1422 158 9
D 1434 95 2 150 151 152 30
D 1433 93 2 148 1434 153 30
D 1432 91 2 1425 1433 1428 30
D 1431 87 2 1423 1432 1429 30
D 1430 83 2 130 1431 158 30
D 1420 97 2 1421 700 1430 9
D 1443 307 2 1385 542 1390 9
D 1444 307 2 1385 616 1390 30
D 1442 315 2 1443 1352 1444 9
D 1441 301 2 515 1442 619 9
D 1440 289 2 1180 1441 1183 9
D 1439 245 2 1175 1440 1184 9
D 1438 213 2 890 1439 909 9
D 1437 199 2 1247 1438 1316 9
D 1436 187 2 933 1437 1236 9
D 1435 149 2 1149 1436 1210 9
D 1447 79 2 136 132 131 9
D 1451 95 2 152 184 150 9
D 1450 93 2 148 1451 153 9
D 1449 91 2 1140 1450 1141 9
D 1448 87 2 1423 1449 1429 9
D 1452 79 2 136 159 131 30
D 1446 83 2 1447 1448 1452 9
D 1457 95 2 152 151 150 30
D 1456 93 2 148 1457 153 30
D 1455 91 2 1140 1456 1141 30
D 1454 87 2 1423 1455 1429 30
D 1453 83 2 1447 1454 1452 30
D 1445 97 2 1446 700 1453 9
D 1465 315 2 534 1352 615 9
D 1464 301 2 515 1465 619 9
D 1463 289 2 1203 1464 1205 9
D 1462 245 2 1175 1463 1184 9
D 1461 213 2 890 1462 909 9
D 1460 199 2 1247 1461 1316 9
D 1459 187 2 933 1460 1236 9
D 1458 149 2 1149 1459 1210 9
D 1467 83 3 1447 1448 130 1422 159 9
D 1469 105 2 167 812 175 30
D 1468 101 2 162 1469 177 30
D 1470 83 3 130 1431 1447 1454 159 30
D 1466 97 2 1467 1468 1470 30
D 1419 109 3 1420 1435 1445 1458 1466 9
D 1471 61 3 676 820 686 822 1098 9
D 1479 229 2 394 632 396 30
D 1478 225 2 374 1479 424 30
D 1477 245 3 373 1228 1175 428 1478 9
D 1476 213 2 890 1477 909 9
D 1475 199 2 1247 1476 1316 9
D 1474 187 2 933 1475 1236 9
D 1486 293 2 736 744 859 9
D 1487 293 2 736 757 859 30
D 1485 301 3 858 533 1486 746 1487 9
D 1489 293 2 736 767 859 9
D 1488 301 2 1489 746 1487 9
D 1484 289 3 429 1485 759 1488 769 9
D 1483 245 3 373 1484 851 733 775 9
D 1492 201 2 350 356 348 349
D 1491 203 2 1492 725 726 30
D 1490 207 3 719 722 346 357 1491 9
D 1482 213 3 890 1483 1490 727 776 9
D 1481 199 2 1247 1482 1316 9
D 1480 187 4 933 1481 910 714 258 781 782 9
D 1494 113 2 207 192 190 9
D 1495 113 2 207 253 190 30
D 1493 123 2 1494 654 1495 30
D 1473 149 3 1216 1474 793 1480 1493 9
D 1498 199 2 1223 1476 1235 9
D 1497 187 2 933 1498 1236 9
D 1500 199 2 1223 1482 1235 9
D 1499 187 4 933 1500 910 799 258 804 782 9
D 1496 149 3 1216 1497 793 1499 1493 9
D 1472 109 3 699 1473 787 1496 808 9
D 1502 65 2 670 682 675 9
D 1501 61 3 676 1502 686 680 1098 9
D 1504 97 2 1137 700 1145 9
D 1505 149 2 1149 1407 1210 9
D 1508 199 2 1247 1226 1316 9
D 1507 187 2 933 1508 1236 9
D 1510 113 2 190 192 207 9
D 1511 113 2 190 253 207 30
D 1509 123 2 1510 654 1511 30
D 1506 149 3 1149 1507 186 1480 1509 9
D 1515 91 2 144 182 146 30
D 1514 87 2 138 1515 156 30
D 1513 83 2 130 1514 158 30
D 1512 97 3 129 809 1137 1468 1513 30
D 1503 109 4 1504 1505 787 1496 699 1506 1512 9
D 1517 65 2 98 682 120 9
D 1519 53 2 678 124 679 30
D 1518 47 2 667 1519 668 30
D 1516 61 2 676 1517 1518 9
D 1525 115 2 196 195 194 9
D 1526 115 2 196 205 194 30
D 1524 117 2 1525 197 1526 9
D 1523 113 2 1151 1524 1152 9
D 1528 117 2 1525 254 1526 30
D 1527 113 2 1151 1528 1152 30
D 1522 123 2 1523 208 1527 9
D 1529 123 2 1523 654 1527 30
D 1521 149 2 1522 1407 1529 9
D 1520 109 4 1504 1521 787 1496 699 1506 1512 9
D 1533 57 2 82 1418 90 30
D 1532 53 2 678 1533 679 30
D 1531 47 2 667 1532 668 30
D 1530 61 2 686 827 1531 9
D 1537 87 2 1423 1139 1429 9
D 1536 83 2 130 1537 158 9
D 1539 87 2 1423 1147 1429 30
D 1538 83 2 130 1539 158 30
D 1535 97 2 1536 700 1538 9
D 1542 87 3 1423 1147 138 181 157 30
D 1541 83 2 130 1542 158 30
D 1540 97 3 129 809 1536 1468 1541 30
D 1534 109 4 1535 1505 787 1496 699 1506 1540 9
D 1544 47 2 667 123 668 30
D 1543 61 2 666 669 1544 9
D 1546 97 2 1137 1338 1145 9
D 1547 149 3 793 1499 1216 1221 1493 9
D 1549 101 3 1143 1326 162 810 1327 30
D 1550 101 2 1143 1469 1144 30
D 1548 97 3 129 1549 1137 1550 1513 30
D 1545 109 5 1546 1505 1317 1319 787 1547 699 1506 1548 9
D 1551 61 2 686 669 1531 9
D 1552 109 3 787 1496 699 1506 808 9
D 1554 149 2 793 1499 807 9
D 1560 289 2 759 1488 835 9
D 1559 245 3 373 1560 851 834 775 9
D 1558 213 3 890 1559 1490 833 776 9
D 1557 199 2 1247 1558 1316 9
D 1556 187 4 933 1557 910 831 258 841 782 9
D 1555 149 2 186 1556 653 9
D 1566 195 2 340 1171 335 9
D 1565 193 2 341 1566 333 9
D 1564 191 2 1168 1565 1172 9
D 1572 295 2 521 758 530 30
D 1571 293 2 736 1572 859 30
D 1570 301 2 858 533 1571 9
D 1569 289 2 429 1570 623 9
D 1576 219 2 381 389 383 9
D 1577 223 2 387 386 385 9
D 1578 219 2 381 382 383 30
D 1575 221 2 1576 1577 1578 9
D 1574 217 2 853 1575 854 9
D 1581 231 2 401 421 399 9
D 1582 231 2 401 400 399 30
D 1580 233 2 1581 402 1582 9
D 1579 229 2 393 1580 422 9
D 1585 223 2 387 427 385 30
D 1584 221 2 1576 1585 1578 30
D 1583 217 2 853 1584 854 30
D 1573 225 2 1574 1579 1583 9
D 1586 289 2 1180 1570 1183 9
D 1590 219 2 383 382 381 9
D 1591 219 2 383 389 381 30
D 1589 221 2 1590 384 1591 9
D 1588 217 2 375 1589 390 9
D 1593 221 2 1590 426 1591 30
D 1592 217 2 375 1593 390 30
D 1587 225 2 1588 392 1592 9
D 1600 281 2 479 501 484 9
D 1599 277 2 486 1600 477 9
D 1598 275 2 1263 1599 1270 9
D 1603 281 2 479 483 484 30
D 1602 277 2 486 1603 477 30
D 1601 275 2 1263 1602 1270 30
D 1597 283 2 1598 491 1601 9
D 1596 267 2 457 1597 502 9
D 1595 261 2 430 1596 1204 9
D 1605 293 2 736 861 859 30
D 1604 301 2 1486 746 1605 9
D 1608 283 2 1598 626 1601 30
D 1607 267 2 457 1608 502 30
D 1606 261 2 430 1607 1204 30
D 1594 289 2 1595 1604 1606 9
D 1612 231 2 401 400 399 9
D 1613 231 2 401 421 399 30
D 1611 233 2 1612 402 1613 9
D 1610 229 2 393 1611 422 9
D 1609 225 2 1588 1610 1592 9
D 1619 269 2 475 1264 467 9
D 1620 269 2 475 1271 467 30
D 1618 275 2 1619 476 1620 9
D 1621 275 2 1619 499 1620 30
D 1617 283 2 1618 491 1621 9
D 1616 267 2 509 1617 510 9
D 1615 261 2 505 1616 1181 9
D 1624 283 2 1618 626 1621 30
D 1623 267 2 509 1624 510 30
D 1622 261 2 505 1623 1181 30
D 1614 289 2 1615 1604 1622 9
D 1628 223 2 385 427 387 9
D 1627 221 2 1576 1628 1578 9
D 1626 217 2 853 1627 854 9
D 1631 223 2 385 386 387 30
D 1630 221 2 1576 1631 1578 30
D 1629 217 2 853 1630 854 30
D 1625 225 2 1626 1610 1629 9
D 1638 271 2 474 470 469 9
D 1637 269 2 467 1638 475 9
D 1640 271 2 474 489 469 30
D 1639 269 2 467 1640 475 30
D 1636 275 2 1637 476 1639 9
D 1641 275 2 1637 499 1639 30
D 1635 283 2 1636 491 1641 9
D 1634 267 2 457 1635 502 9
D 1633 261 2 430 1634 1204 9
D 1644 283 2 1636 626 1641 30
D 1643 267 2 457 1644 502 30
D 1642 261 2 430 1643 1204 30
D 1632 289 2 1633 1570 1642 9
D 1645 289 2 429 1604 623 9
D 1648 233 2 400 633 421 30
D 1647 229 2 393 1648 422 30
D 1650 233 2 1612 633 1613 30
D 1649 229 2 393 1650 422 30
D 1652 233 2 1581 633 1582 30
D 1651 229 2 393 1652 422 30
D 1655 223 2 387 427 385 386
D 1654 221 3 1576 1655 380 426 383 30
D 1656 221 2 382 426 389 30
D 1653 217 3 853 1654 375 1656 731 30
D 1646 225 5 1588 1647 1626 1649 1574 1651 729 631 1653 30
D 1568 245 7 373 1569 1573 1586 1587 1594 1609 1614 1625 1632 851 1645 1646 9
D 1567 213 2 890 1568 909 9
D 1660 197 2 339 646 337 9
D 1659 195 2 335 1660 340 9
D 1658 193 2 341 1659 333 9
D 1657 191 2 1168 1658 1172 9
D 1662 207 2 719 367 847 9
D 1667 231 2 399 421 401 9
D 1670 243 2 413 636 415 9
D 1669 241 2 416 1670 411 9
D 1668 239 2 403 1669 417 9
D 1671 231 2 399 400 401 30
D 1666 233 2 1667 1668 1671 9
D 1665 229 2 946 1666 947 9
D 1664 225 2 852 1665 855 9
D 1677 243 2 415 414 413 9
D 1676 241 2 416 1677 411 9
D 1675 239 2 403 1676 417 9
D 1674 233 2 1581 1675 1582 9
D 1673 229 2 393 1674 422 9
D 1672 225 2 852 1673 855 9
D 1683 243 2 415 636 413 30
D 1682 241 2 416 1683 411 30
D 1681 239 2 403 1682 417 30
D 1680 233 2 1581 1681 1582 30
D 1687 243 2 413 414 415 30
D 1686 241 2 416 1687 411 30
D 1685 239 2 403 1686 417 30
D 1684 233 2 1667 1685 1671 30
D 1679 229 3 393 1680 946 1684 423 30
D 1678 225 3 852 1679 374 631 732 30
D 1663 245 4 1664 1179 1672 1202 373 428 1678 9
D 1688 207 2 719 357 847 9
D 1695 237 2 408 407 406 9
D 1694 235 2 409 1695 404 9
D 1697 237 2 408 419 406 30
D 1696 235 2 409 1697 404 30
D 1693 239 2 1694 410 1696 9
D 1692 233 2 398 1693 420 9
D 1691 229 2 946 1692 947 9
D 1690 225 2 374 1691 424 9
D 1701 247 2 432 921 437 9
D 1702 247 2 432 926 437 30
D 1700 251 2 1701 506 1702 9
D 1703 251 2 1701 1182 1702 30
D 1699 261 2 1700 508 1703 9
D 1704 261 2 1700 624 1703 30
D 1698 289 2 1699 514 1704 9
D 1710 237 2 406 419 408 9
D 1709 235 2 409 1710 404 9
D 1712 237 2 406 407 408 30
D 1711 235 2 409 1712 404 30
D 1708 239 2 1709 410 1711 9
D 1707 233 2 1667 1708 1671 9
D 1706 229 2 946 1707 947 9
D 1705 225 2 374 1706 424 9
D 1716 239 2 1694 634 1696 30
D 1717 239 2 1709 634 1711 30
D 1715 233 3 398 1716 1667 1717 401 30
D 1714 229 2 946 1715 947 30
D 1713 225 3 374 1714 852 631 732 30
D 1689 245 4 1690 1698 1705 1202 851 428 1713 9
D 1718 207 2 719 777 847 30
D 1661 213 3 1662 1663 1688 1689 1718 9
D 1720 245 2 728 856 775 9
D 1723 301 3 515 533 1233 746 1231 9
D 1722 289 2 429 1723 623 9
D 1724 225 2 852 631 855 30
D 1721 245 2 851 1722 1724 9
D 1719 213 4 846 1720 890 1721 931 850 776 9
D 1727 195 2 340 1189 335 338
D 1726 193 2 341 1727 333 30
D 1725 191 2 1168 1726 1172 30
D 1563 199 4 1564 1567 1657 1661 1167 1719 1725 9
D 1562 187 4 933 1563 910 844 258 862 782 9
D 1561 149 2 186 1562 653 9
D 1553 109 4 787 1554 699 1555 128 1561 863 9
D 1733 207 2 346 638 932 30
D 1732 213 2 931 372 1733 9
D 1731 199 2 1167 1732 1186 9
D 1734 199 2 715 344 779 9
D 1730 187 4 933 1731 910 1734 258 326 782 9
D 1729 149 2 186 1730 653 9
D 1728 109 2 128 1729 660 9
D 1735 61 2 666 815 1544 9
D 1737 149 3 1216 1507 793 1480 1493 9
D 1736 109 3 699 1737 787 1547 808 9
D 1739 65 2 670 1037 675 30
D 1740 65 2 681 991 685 30
D 1744 49 2 77 80 75 76
D 1745 49 2 75 80 77 76
D 1743 51 2 1744 78 1745 9
D 1746 51 2 1744 93 1745 30
D 1742 53 2 1743 81 1746 9
D 1741 47 2 65 1742 94 9
D 1750 55 2 85 84 83 91
D 1749 57 3 82 697 1413 1418 1750 30
D 1748 53 3 678 1749 73 124 79 30
D 1751 53 2 1743 124 1746 30
D 1753 45 2 70 69 68 96
D 1752 43 2 71 1753 66 95
D 1747 47 4 667 1748 65 1751 1330 123 1752 30
D 1738 61 7 1410 1739 1329 1740 1741 1021 666 985 676 993 686 995 1747 30
D 1125 77 15 1126 1135 1213 1214 1328 1336 1373 1375 1409 1419 1471 1472 1501 1503 1516 1520 1530 1534 1543 1545 1551 1552 826 1553 63 1728 1735 1736 1738 9
D 1759 107 2 174 173 172 9
D 1758 105 2 167 1759 175 9
D 1757 101 2 162 1758 177 9
D 1756 97 2 129 1757 179 9
D 1763 169 3 912 291 935 707 321 9
D 1762 161 2 259 1763 323 9
D 1765 213 2 890 372 909 9
D 1764 199 2 327 1765 642 9
D 1768 159 2 269 325 274 9
D 1767 155 2 260 1768 276 9
D 1771 163 2 283 290 281 9
D 1772 163 2 283 282 281 30
D 1770 165 2 1771 936 1772 9
D 1775 171 2 296 295 294 9
D 1776 171 2 296 302 294 30
D 1774 173 2 1775 297 1776 9
D 1777 173 2 1775 319 1776 30
D 1773 177 2 1774 303 1777 9
D 1778 165 2 1771 938 1772 30
D 1769 169 2 1770 1773 1778 9
D 1780 159 2 269 273 274 30
D 1779 155 2 260 1780 276 30
D 1766 161 2 1767 1769 1779 9
D 1783 245 2 373 1202 630 9
D 1782 213 2 890 1783 909 9
D 1781 199 2 327 1782 642 9
D 1786 153 2 261 277 266 9
D 1787 153 2 261 265 266 30
D 1785 155 2 1786 1768 1787 9
D 1791 185 2 314 313 312 9
D 1790 183 2 304 1791 315 9
D 1789 177 2 1774 1790 1777 9
D 1788 169 2 935 1789 937 9
D 1795 175 2 300 320 298 9
D 1794 173 2 709 1795 711 9
D 1797 179 2 310 883 305 9
D 1798 179 2 310 885 305 30
D 1796 183 2 1797 311 1798 9
D 1800 175 2 300 299 298 30
D 1799 173 2 709 1800 711 30
D 1793 177 2 1794 1796 1799 9
D 1792 169 2 876 1793 886 9
D 1801 155 2 261 1780 266 30
D 1784 161 3 1785 1788 1767 1792 1801 9
D 1804 245 2 373 1179 630 9
D 1803 213 2 890 1804 909 9
D 1802 199 2 327 1803 642 9
D 1809 185 2 312 652 314 9
D 1808 183 2 882 1809 884 9
D 1807 177 2 1794 1808 1799 9
D 1806 169 2 876 1807 886 9
D 1805 161 2 259 1806 323 9
D 1815 251 2 897 438 904 9
D 1816 251 2 897 956 904 30
D 1814 261 2 1815 456 1816 9
D 1817 261 2 1815 629 1816 30
D 1813 289 2 1814 514 1817 9
D 1812 245 2 373 1813 630 9
D 1811 213 2 890 1812 909 9
D 1810 199 2 327 1811 642 9
D 1821 183 2 1797 651 1798 30
D 1820 177 2 1794 1821 1799 30
D 1822 177 2 1774 650 1777 30
D 1823 165 3 877 887 1771 938 281 30
D 1819 169 3 876 1820 1770 1822 1823 30
D 1827 185 2 314 652 312 30
D 1826 183 2 304 1827 315 30
D 1825 177 2 1774 1826 1777 30
D 1824 169 2 935 1825 937 30
D 1831 185 2 312 313 314 30
D 1830 183 2 882 1831 884 30
D 1829 177 2 1794 1830 1799 30
D 1828 169 4 912 649 876 1829 935 976 979 30
D 1832 155 3 1786 1780 260 274 266 30
D 1818 161 4 1767 1819 1785 1824 259 1828 1832 30
D 1761 187 5 1762 1764 1766 1781 1784 1802 1805 1810 1818 9
D 1760 149 2 186 1761 653 9
D 1835 199 2 327 1732 642 9
D 1834 187 2 1005 1835 782 9
D 1833 149 2 186 1834 653 9
D 1838 105 2 167 664 175 30
D 1837 101 2 162 1838 177 30
D 1836 97 2 129 1837 179 30
D 1755 109 3 1756 1760 128 1833 1836 9
D 1754 77 5 826 1008 665 1015 814 1018 63 1755 1020 9
D 1852 341 2 606 595 594 9
D 1851 339 2 589 1852 607 9
D 1850 335 2 580 1851 609 9
D 1849 329 2 557 1850 611 9
D 1848 315 2 534 1849 615 9
D 1847 301 3 515 1848 1233 746 1231 9
D 1846 289 3 429 1847 759 1229 769 9
D 1845 245 2 373 1846 630 9
D 1844 213 2 890 1845 909 9
D 1843 199 2 1223 1844 1235 9
D 1842 187 2 933 1843 1236 9
D 1841 149 2 1149 1842 1210 9
D 1862 311 2 543 1364 551 9
D 1861 307 2 535 1862 553 9
D 1866 331 2 584 583 582 9
D 1867 331 2 584 587 582 30
D 1865 333 2 1866 585 1867 9
D 1869 337 2 592 608 590 9
D 1870 337 2 592 591 590 30
D 1868 339 2 1869 1852 1870 9
D 1871 333 2 1866 610 1867 30
D 1864 335 2 1865 1868 1871 9
D 1863 329 2 557 1864 611 9
D 1873 311 2 543 1370 551 30
D 1872 307 2 535 1873 553 30
D 1860 315 2 1861 1863 1872 9
D 1859 301 3 515 1860 1233 746 1231 9
D 1878 317 2 564 560 559 9
D 1879 317 2 564 577 559 30
D 1877 321 2 1878 565 1879 9
D 1882 337 2 592 591 590 9
L 1886 348 -89
D 1885 347 2 601 1886 603 9
D 1884 345 2 596 1885 604 9
D 1883 341 2 606 1884 594 9
D 1887 337 2 592 608 590 30
D 1881 339 2 1882 1883 1887 9
D 1880 335 2 1865 1881 1871 9
D 1888 321 2 1878 612 1879 30
D 1876 329 2 1877 1880 1888 9
D 1875 315 2 534 1876 615 9
D 1874 301 3 515 1875 1233 746 1231 9
D 1858 289 4 1203 1859 1180 1874 759 1229 769 9
D 1857 245 2 373 1858 630 9
D 1856 213 2 890 1857 909 9
D 1855 199 2 1223 1856 1235 9
D 1854 187 2 933 1855 1236 9
D 1853 149 2 1216 1854 1237 9
D 1840 109 3 699 1841 787 1853 808 9
D 1895 289 3 759 1229 429 1723 769 9
D 1894 245 2 373 1895 630 9
D 1893 213 2 890 1894 909 9
D 1892 199 2 1223 1893 1235 9
D 1891 187 2 933 1892 1236 9
D 1890 149 3 186 1499 1149 1891 1509 9
D 1896 149 3 793 1499 1216 1891 1493 9
D 1889 109 3 699 1890 787 1896 808 9
D 1897 109 2 1032 1896 808 9
D 1899 149 2 186 1499 653 9
D 1898 109 3 699 1899 787 1554 808 9
D 1901 47 3 667 695 65 1751 95 30
D 1900 61 5 666 985 1741 1036 676 993 686 995 1901 30
D 1839 77 5 1213 1840 665 1889 814 1897 826 1898 1900 9
D 1124 41 5 51 1125 998 1754 1024 1839 1039 1040 1044 9
D 1904 27 2 41 40 39 30
D 1903 29 2 1051 42 1904 9
D 1902 25 2 1049 1903 1056 9
D 1907 61 2 666 827 1544 9
D 1914 133 2 225 221 220 9
D 1913 131 2 218 1914 226 9
D 1916 133 2 225 247 220 30
D 1915 131 2 218 1916 226 30
D 1912 137 2 1913 227 1915 9
D 1911 129 2 209 1912 249 9
D 1910 123 2 1150 1911 1153 9
D 1919 155 2 1157 268 1163 9
D 1920 155 2 1157 324 1163 30
D 1918 161 2 1919 934 1920 9
D 1921 161 2 1919 1208 1920 30
D 1917 187 2 1918 1408 1921 9
D 1924 137 2 1913 656 1915 30
D 1923 129 2 209 1924 249 30
D 1922 123 2 1150 1923 1153 30
D 1909 149 2 1910 1917 1922 9
D 1927 99 2 163 164 165 178
D 1926 101 2 1927 810 1327 30
D 1925 97 2 129 1926 179 30
D 1908 109 5 1337 1909 1317 1319 787 1547 699 1506 1925 9
D 1928 109 5 1337 1406 699 1737 1317 1319 787 1547 1925 9
D 1929 109 5 1337 1505 1317 1319 787 1547 699 1506 1925 9
D 1930 61 3 676 680 686 690 1098 9
D 1932 149 3 1149 1474 186 1480 1509 9
D 1931 109 3 699 1932 787 1496 808 9
D 1906 77 6 1907 1908 1735 1928 1543 1929 1930 1931 1471 1472 1061 9
D 1933 77 3 1059 1889 814 1897 1061 9
D 1905 41 5 51 1906 1024 1933 998 1064 1039 1065 1044 9
D 1935 29 2 1051 1054 1904 9
D 1934 25 2 1049 1935 1056 9
D 1945 135 2 224 223 222 9
D 1944 133 2 225 1945 220 9
D 1943 131 2 226 1944 218 9
D 1947 139 2 231 244 229 9
D 1948 139 2 231 230 229 30
D 1946 141 2 1947 232 1948 9
D 1951 135 2 224 248 222 30
D 1950 133 2 225 1951 220 30
D 1949 131 2 226 1950 218 30
D 1942 137 2 1943 1946 1949 9
D 1941 129 2 209 1942 249 9
D 1940 123 2 1150 1941 1153 9
D 1953 199 2 1247 1200 1316 9
D 1952 187 2 1918 1953 1921 9
D 1957 127 2 212 251 214 9
D 1956 125 2 210 1957 215 9
D 1961 143 2 236 235 234 9
D 1962 143 2 236 242 234 30
D 1960 145 2 1961 237 1962 9
D 1959 141 2 1947 1960 1948 9
D 1958 137 2 1913 1959 1915 9
D 1964 127 2 212 213 214 30
D 1963 125 2 210 1964 215 30
D 1955 129 2 1956 1958 1963 9
D 1954 123 2 1150 1955 1153 9
D 1966 199 2 1247 1173 1316 9
D 1965 187 2 1918 1966 1921 9
D 1970 141 2 1947 657 1948 30
D 1969 137 2 1943 1970 1949 30
D 1973 145 2 1961 658 1962 30
D 1972 141 2 1947 1973 1948 30
D 1971 137 2 1913 1972 1915 30
D 1974 125 2 210 214 215 30
D 1968 129 3 209 1969 1956 1971 1974 30
D 1967 123 2 1150 1968 1153 30
D 1939 149 3 1940 1952 1954 1965 1967 9
D 1938 109 5 1337 1939 1317 1319 787 1547 699 1506 1925 9
D 1937 77 6 1907 1938 1735 1928 1543 1929 1930 1931 1471 1472 1061 9
D 1936 41 5 51 1937 1024 1933 998 1064 1039 1065 1044 9
D 1976 29 2 38 1054 46 9
D 1975 25 2 1049 1976 1056 9
D 1984 127 2 214 251 212 9
D 1983 125 2 215 1984 210 9
D 1987 139 2 229 244 231 9
D 1988 139 2 229 230 231 30
D 1986 141 2 1987 232 1988 9
D 1985 137 2 217 1986 245 9
D 1990 127 2 214 213 212 30
D 1989 125 2 215 1990 210 30
D 1982 129 2 1983 1985 1989 9
D 1981 123 2 1523 1982 1527 9
D 1991 187 2 933 1953 1236 9
D 1996 121 2 200 256 202 9
D 1995 119 2 203 1996 198 9
D 1994 117 2 1525 1995 1526 9
D 1993 113 2 1151 1994 1152 9
D 1998 125 2 215 1957 210 9
D 1999 125 2 215 1964 210 30
D 1997 129 2 1998 216 1999 9
D 2003 121 2 200 201 202 30
D 2002 119 2 203 2003 198 30
D 2001 117 2 1525 2002 1526 30
D 2000 113 2 1151 2001 1152 30
D 1992 123 2 1993 1997 2000 9
D 2004 187 2 933 1966 1236 9
D 2006 129 2 1998 655 1999 30
D 2009 141 2 1987 657 1988 30
D 2008 137 2 217 2009 245 30
D 2007 129 2 1983 2008 1989 30
D 2012 119 2 203 2003 198 255
D 2011 117 2 1525 2012 1526 30
D 2010 113 2 1151 2011 1152 30
D 2005 123 3 1993 2006 1523 2007 2010 30
D 1980 149 3 1981 1991 1992 2004 2005 9
D 1979 109 4 1504 1980 787 1496 699 1506 1512 9
D 2014 149 2 1149 1917 1210 9
D 2013 109 5 1546 2014 1317 1319 787 1547 699 1506 1548 9
D 2015 61 3 676 1502 686 690 1098 9
D 1978 77 7 1516 1979 1907 2013 1735 1928 1471 1472 2015 1503 1543 1545 1061 9
D 1977 41 5 51 1978 1024 1933 998 1064 1039 1065 1044 9
D 1123 33 5 32 1124 1902 1905 1934 1936 1975 1977 1066 9
D 2016 15 2 17 1074 28 9
D 2020 109 5 1337 2014 1317 1319 787 1547 699 1506 1925 9
D 2019 77 6 1907 2020 1735 1928 1543 1929 1930 1931 1471 1472 1061 9
D 2018 41 5 51 2019 1024 1933 998 1064 1039 1065 1044 9
D 2022 23 2 36 49 34 30
D 2021 25 2 1081 37 2022 9
D 2028 161 2 1156 1208 1164 30
D 2027 187 2 1155 1408 2028 9
D 2026 149 2 1149 2027 1210 9
D 2025 109 5 1337 2026 1317 1319 787 1547 699 1506 1925 9
D 2024 77 6 1907 2025 1735 1928 1543 1929 1930 1931 1471 1472 1061 9
D 2023 41 5 51 2024 1024 1933 998 1064 1039 1065 1044 9
D 2017 33 3 1048 2018 2021 2023 1082 9
D 2030 13 2 20 19 18 30
D 2029 15 2 1077 1074 2030 9
D 2036 187 2 1155 1953 2028 9
D 2040 131 2 226 219 218 9
D 2043 143 2 234 242 236 9
D 2044 143 2 234 235 236 30
D 2042 145 2 2043 237 2044 9
D 2041 141 2 228 2042 243 9
D 2045 131 2 226 246 218 30
D 2039 137 2 2040 2041 2045 9
D 2038 129 2 209 2039 249 9
D 2037 123 2 1150 2038 1153 9
D 2050 151 2 264 267 262 9
D 2051 151 2 264 263 262 30
D 2049 153 2 2050 265 2051 9
D 2052 153 2 2050 277 2051 30
D 2048 155 2 2049 1160 2052 9
D 2053 155 2 2049 1165 2052 30
D 2047 161 2 2048 934 2053 9
D 2054 161 2 2048 1208 2053 30
D 2046 187 2 2047 1966 2054 9
D 2059 145 2 2043 658 2044 30
D 2058 141 2 228 2059 243 30
D 2057 137 3 2040 2058 217 656 246 30
D 2056 129 2 209 2057 249 30
D 2055 123 2 1150 2056 1153 30
D 2035 149 3 1149 2036 2037 2046 2055 9
D 2034 109 5 1317 1319 1337 2035 787 1547 699 1506 1925 9
D 2033 77 6 1735 1928 1543 1929 1907 2034 1930 1931 1471 1472 1061 9
D 2032 41 5 51 2033 1024 1933 998 1064 1039 1065 1044 9
D 2031 33 3 2021 2032 1048 2018 1082 9
D 2061 17 2 22 1075 27 9
D 2060 15 2 1077 2061 2030 9
D 2072 135 2 222 248 224 9
D 2071 133 2 225 2072 220 9
D 2070 131 2 226 2071 218 9
D 2075 147 2 240 239 238 9
D 2074 145 2 2043 2075 2044 9
D 2073 141 2 228 2074 243 9
D 2078 135 2 222 223 224 30
D 2077 133 2 225 2078 220 30
D 2076 131 2 226 2077 218 30
D 2069 137 2 2070 2073 2076 9
D 2068 129 2 209 2069 249 9
D 2067 123 2 1150 2068 1153 9
D 2084 147 2 238 659 240 9
D 2083 145 2 233 2084 241 9
D 2082 141 2 1987 2083 1988 9
D 2081 137 2 2070 2082 2076 9
D 2080 129 2 209 2081 249 9
D 2079 123 2 1150 2080 1153 9
D 2090 147 2 238 239 240 30
D 2089 145 2 233 2090 241 30
D 2092 147 2 240 659 238 30
D 2091 145 2 2043 2092 2044 30
D 2088 141 3 1987 2089 228 2091 231 30
D 2087 137 2 2070 2088 2076 30
D 2086 129 2 209 2087 249 30
D 2085 123 2 1150 2086 1153 30
D 2066 149 3 2067 1952 2079 1965 2085 9
D 2065 109 5 1337 2066 1317 1319 787 1547 699 1506 1925 9
D 2064 77 6 1907 2065 1735 1928 1543 1929 1930 1931 1471 1472 1061 9
D 2063 41 5 51 2064 1024 1933 998 1064 1039 1065 1044 9
D 2062 33 5 1975 2018 2021 2023 1902 2063 1934 1905 1082 9
D 1122 21 5 16 1123 2016 2017 2029 2031 2060 2062 1083 9
D 2098 65 3 670 691 98 671 685 9
D 2097 61 3 676 2098 686 690 1098 9
D 2096 77 4 1100 1472 2097 1503 1516 1520 1101 9
D 2099 77 3 1093 1889 1100 1897 1101 9
D 2095 41 5 51 2096 1024 2099 998 1103 1039 1104 1044 9
D 2102 61 2 1410 827 1415 9
D 2107 81 2 135 134 133 9
D 2106 79 2 136 2107 131 9
D 2110 93 2 153 149 148 9
D 2109 91 2 1140 2110 1141 9
D 2108 87 2 1423 2109 1429 9
D 2112 81 2 135 160 133 30
D 2111 79 2 136 2112 131 30
D 2105 83 2 2106 2108 2111 9
D 2116 93 2 153 183 148 30
D 2115 91 2 1140 2116 1141 30
D 2114 87 2 1423 2115 1429 30
D 2113 83 2 2106 2114 2111 30
D 2104 97 2 2105 700 2113 9
D 2122 289 2 1180 1464 1183 9
D 2121 245 2 1175 2122 1184 9
D 2120 213 2 890 2121 909 9
D 2119 199 2 1247 2120 1316 9
D 2118 187 2 933 2119 1236 9
D 2117 149 2 1149 2118 1210 9
D 2123 97 2 2105 1468 2113 30
D 2103 109 2 2104 2117 2123 9
D 2128 81 2 133 160 135 9
D 2127 79 2 136 2128 131 9
D 2130 81 2 133 134 135 30
D 2129 79 2 136 2130 131 30
D 2126 83 2 2127 2108 2129 9
D 2131 83 2 2127 2114 2129 30
D 2125 97 2 2126 700 2131 9
D 2136 119 2 198 1996 203 9
D 2135 117 2 193 2136 204 9
D 2134 113 2 1151 2135 1152 9
D 2139 119 2 198 2003 203 30
D 2138 117 2 193 2139 204 30
D 2137 113 2 1151 2138 1152 30
D 2133 123 2 2134 208 2137 9
D 2140 123 2 2134 654 2137 30
D 2132 149 2 2133 1991 2140 9
D 2143 79 2 136 2130 131 159
D 2142 83 3 2127 2114 130 180 2143 30
D 2141 97 3 129 809 2126 1468 2142 30
D 2124 109 4 2125 2132 787 1496 699 1506 2141 9
D 2149 115 2 196 205 194 9
D 2151 121 2 202 256 200 9
D 2150 119 2 198 2151 203 9
D 2152 115 2 196 195 194 30
D 2148 117 2 2149 2150 2152 9
D 2147 113 2 1151 2148 1152 9
D 2153 129 2 1956 216 1963 9
D 2157 121 2 202 201 200 30
D 2156 119 2 198 2157 203 30
D 2155 117 2 2149 2156 2152 30
D 2154 113 2 1151 2155 1152 30
D 2146 123 2 2147 2153 2154 9
D 2159 129 2 1956 655 1963 30
D 2158 123 2 2147 2159 2154 30
D 2145 149 2 2146 1991 2158 9
D 2163 85 2 139 157 141 9
D 2164 85 2 139 140 141 30
D 2162 87 2 2163 1139 2164 9
D 2161 83 2 1447 2162 1452 9
D 2166 87 2 2163 1147 2164 30
D 2165 83 2 1447 2166 1452 30
D 2160 97 2 2161 700 2165 9
D 2170 117 2 1525 2150 1526 9
D 2169 113 2 1151 2170 1152 9
D 2172 117 2 1525 2156 1526 30
D 2171 113 2 1151 2172 1152 30
D 2168 123 2 2169 208 2171 9
D 2173 123 2 2169 654 2171 30
D 2167 149 2 2168 2004 2173 9
D 2175 83 3 1447 2162 130 1138 159 9
D 2176 83 3 130 1514 1447 2166 159 30
D 2174 97 3 129 809 2175 1468 2176 30
D 2144 109 5 1504 2145 2160 2167 787 1496 699 1506 2174 9
D 2177 61 3 676 2098 686 680 1098 9
D 2180 53 2 678 1749 679 30
D 2179 47 2 667 2180 668 30
D 2178 61 3 1410 1036 1094 995 2179 30
D 2101 77 7 2102 2103 1530 2124 1516 2144 1100 1472 2177 1503 1551 1534 2178 9
D 2100 41 5 51 2101 1024 2099 998 1103 1039 1104 1044 9
D 2182 29 2 1051 1052 1904 9
D 2181 25 2 1049 2182 1056 9
D 2184 77 3 1093 1931 1100 1472 1101 9
D 2183 41 5 51 2184 1024 2099 998 1103 1039 1104 1044 9
D 2094 33 4 1975 2095 32 2100 2181 2183 1066 9
D 2185 33 2 1080 2183 1082 9
D 2093 21 3 16 2094 1073 2185 1083 9
D 1121 11 3 11 1122 1087 2093 1107 9
D 2194 199 2 1247 1893 1316 9
D 2193 187 2 933 2194 1236 9
D 2192 149 3 793 1480 1216 2193 1493 9
D 2191 109 3 699 2192 787 1896 808 9
D 2196 149 3 186 1480 1149 2193 1509 9
D 2195 109 3 699 2196 787 1896 808 9
D 2190 77 3 1100 2191 1093 2195 1101 9
D 2189 41 5 51 2190 1024 2099 998 1103 1039 1104 1044 9
D 2188 33 2 1106 2189 1066 9
D 2197 33 2 1080 2189 1082 9
D 2187 21 3 16 2188 1073 2197 1083 9
D 2216 343 2 599 598 597 9
D 2217 347 2 603 602 601 9
D 2218 343 2 599 605 597 30
D 2215 345 2 2216 2217 2218 9
D 2214 341 2 606 2215 594 9
D 2213 339 2 589 2214 607 9
D 2212 335 2 1865 2213 1871 9
D 2211 329 2 1877 2212 1888 9
D 2210 315 2 534 2211 615 9
D 2209 301 3 515 2210 1233 746 1231 9
D 2224 327 2 573 614 571 9
D 2223 325 2 566 2224 574 9
D 2222 321 2 1878 2223 1879 9
D 2228 345 2 2216 600 2218 9
D 2227 341 2 606 2228 594 9
D 2226 339 2 589 2227 607 9
D 2225 335 2 580 2226 609 9
D 2231 327 2 573 572 571 30
D 2230 325 2 566 2231 574 30
D 2229 321 2 1878 2230 1879 30
D 2221 329 2 2222 2225 2229 9
D 2220 315 2 534 2221 615 9
D 2219 301 3 515 2220 1233 746 1231 9
D 2208 289 4 1203 2209 1180 2219 759 1229 769 9
D 2207 245 2 373 2208 630 9
D 2206 213 2 890 2207 909 9
D 2205 199 2 1223 2206 1235 9
D 2204 187 2 933 2205 1236 9
D 2203 149 2 1149 2204 1210 9
D 2232 149 2 1216 1842 1237 9
D 2202 109 3 699 2203 787 2232 808 9
D 2201 77 5 1213 2202 665 1889 814 1897 826 1898 1900 9
D 2244 265 2 460 504 462 9
D 2243 263 2 463 2244 458 9
D 2246 265 2 460 461 462 30
D 2245 263 2 463 2246 458 30
D 2242 267 2 2243 1290 2245 9
D 2241 261 2 505 2242 1181 9
D 2252 323 2 567 575 569 9
D 2253 323 2 567 568 569 30
D 2251 325 2 2252 1301 2253 9
D 2250 321 2 558 2251 576 9
D 2255 325 2 2252 1306 2253 30
D 2254 321 2 558 2255 576 30
D 2249 329 2 2250 748 2254 9
D 2248 315 2 534 2249 615 9
D 2247 301 2 515 2248 619 9
D 2258 263 2 458 2244 463 9
D 2259 263 2 458 2246 463 30
D 2257 267 2 2258 1253 2259 9
D 2256 261 2 430 2257 1204 9
D 2265 323 2 569 568 567 9
D 2266 323 2 569 575 567 30
D 2264 325 2 2265 1301 2266 9
D 2263 321 2 1878 2264 1879 9
D 2268 325 2 2265 1306 2266 30
D 2267 321 2 1878 2268 1879 30
D 2262 329 2 2263 748 2267 9
D 2261 315 2 534 2262 615 9
D 2260 301 2 515 2261 619 9
D 2272 285 2 497 839 492 627
D 2271 283 2 465 2272 498 30
D 2273 263 2 458 462 463 30
D 2270 267 3 457 2271 2258 1311 2273 30
D 2275 263 2 463 462 458 30
D 2274 267 3 509 2271 2243 1309 2275 30
D 2269 261 3 430 2270 505 2274 511 30
D 2240 289 5 429 1723 2241 2247 2256 2260 1251 1232 2269 9
D 2239 245 2 373 2240 630 9
D 2238 213 2 890 2239 909 9
D 2237 199 2 1247 2238 1316 9
D 2236 187 2 933 2237 1236 9
D 2235 149 2 1149 2236 1210 9
D 2276 149 2 1216 1891 1237 9
D 2234 109 3 699 2235 787 2276 808 9
D 2278 149 2 186 1480 653 9
D 2277 109 3 699 2278 787 1554 808 9
D 2233 77 5 1213 2234 826 2277 814 2191 665 2195 1900 9
D 2200 41 5 1024 2201 51 2233 998 1115 1039 1040 1044 9
D 2280 77 3 814 2191 1059 2195 1061 9
D 2279 41 5 1024 1933 51 2280 998 1064 1039 1065 1044 9
D 2199 33 3 32 2200 1048 2279 1066 9
D 2281 33 2 1080 2279 1082 9
D 2198 21 3 16 2199 1073 2281 1083 9
D 2186 11 3 1087 2187 11 2198 1107 9
D 1120 7 3 5 1121 1108 2186 1116 9
D 1119 3 2 1117 1120 3 9
D 0 1 2 1 2 1118 1119
