c ids of sdd nodes start at 0
c sdd nodes appear bottom-up, children before parents
c
c file syntax:
c sdd count-of-sdd-nodes
c F id-of-false-sdd-node
c T id-of-true-sdd-node
c L id-of-literal-sdd-node id-of-vtree literal
c D id-of-decomposition-sdd-node id-of-vtree number-of-elements {id-of-prime id-of-sub}*
c
sdd 2972
L 1 0 185
L 4 2 -186
L 6 4 188
L 7 6 -187
L 8 4 -188
F 9
D 5 5 2 6 7 8 9
L 10 2 186
D 3 3 2 4 5 10 9
L 13 8 288
L 15 10 287
L 16 12 -320
L 17 10 -287
D 14 11 2 15 16 17 9
L 18 8 -288
D 12 9 2 13 14 18 9
L 20 14 -191
L 23 16 189
L 24 18 -190
L 25 16 -189
D 22 17 2 23 24 25 9
L 28 20 -181
L 30 22 182
L 32 24 183
L 33 26 -184
L 34 24 -183
D 31 25 2 32 33 34 9
L 35 22 -182
D 29 23 2 30 31 35 9
L 36 20 181
D 27 21 2 28 29 36 9
L 39 28 -318
L 41 30 284
L 42 32 283
L 43 30 -284
D 40 31 2 41 42 43 9
L 44 28 318
D 38 29 2 39 40 44 9
L 48 34 179
L 50 36 -180
L 52 38 178
L 53 40 -177
L 54 38 -178
D 51 39 2 52 53 54 9
L 55 36 180
D 49 37 2 50 51 55 9
L 56 34 -179
D 47 35 2 48 49 56 9
L 58 42 -59
L 59 44 60
L 60 42 59
D 57 43 2 58 59 60 9
L 64 40 177
T 65
D 63 39 2 52 64 54 65
D 62 37 2 50 63 55 65
D 61 35 2 48 62 56 65
D 46 41 2 47 57 61 9
L 69 46 47
L 70 48 -48
L 71 46 -47
D 68 47 2 69 70 71 9
L 73 50 35
L 74 52 -36
L 75 50 -35
D 72 51 2 73 74 75 9
L 77 48 48
D 76 47 2 69 77 71 65
D 67 49 2 68 72 76 9
L 80 54 289
L 82 56 -290
L 84 58 -192
L 85 60 193
L 86 58 192
D 83 59 2 84 85 86 9
L 87 56 290
D 81 57 2 82 83 87 9
L 88 54 -289
D 79 55 2 80 81 88 9
L 92 62 -54
L 93 64 53
L 94 62 54
D 91 63 2 92 93 94 9
L 96 66 319
L 98 68 -286
L 99 70 285
L 100 68 286
D 97 69 2 98 99 100 9
L 101 66 -319
D 95 67 2 96 97 101 9
L 103 64 -53
D 102 63 2 92 103 94 65
D 90 65 2 91 95 102 9
L 106 72 -201
L 108 74 -205
L 109 76 -214
L 110 74 205
D 107 75 2 108 109 110 9
L 111 72 201
D 105 73 2 106 107 111 9
L 114 78 -173
L 116 80 -168
L 118 82 167
L 120 84 -165
L 121 86 166
L 122 84 165
D 119 85 2 120 121 122 9
L 123 82 -167
D 117 83 2 118 119 123 9
L 124 80 168
D 115 81 2 116 117 124 9
L 125 78 173
D 113 79 2 114 115 125 9
L 128 88 -169
L 131 90 174
L 132 92 175
L 133 90 -174
D 130 91 2 131 132 133 9
L 134 94 -176
L 136 92 -175
D 135 91 2 131 136 133 65
D 129 93 2 130 134 135 9
L 137 88 169
D 127 89 2 128 129 137 9
L 140 96 -317
L 142 98 282
L 143 100 281
L 144 98 -282
D 141 99 2 142 143 144 9
L 145 96 317
D 139 97 2 140 141 145 9
L 149 102 170
L 151 104 171
L 152 106 -172
L 153 104 -171
D 150 105 2 151 152 153 9
L 154 102 -170
D 148 103 2 149 150 154 9
L 156 108 -63
L 157 110 64
L 158 108 63
D 155 109 2 156 157 158 9
L 161 106 172
D 160 105 2 151 161 153 65
D 159 103 2 149 160 154 65
D 147 107 2 148 155 159 9
L 164 112 -316
L 166 114 280
L 167 116 279
L 168 114 -280
D 165 115 2 166 167 168 9
L 169 112 316
D 163 113 2 164 165 169 9
L 172 118 209
L 174 120 26
L 175 122 -25
L 176 120 -26
D 173 121 2 174 175 176 9
L 177 118 -209
D 171 119 2 172 173 177 9
L 181 124 8
L 182 126 -7
L 183 124 -8
D 180 125 2 181 182 183 9
L 185 128 -315
L 187 130 278
L 188 132 277
L 189 130 -278
D 186 131 2 187 188 189 9
L 190 128 315
D 184 129 2 185 186 190 9
L 192 126 7
D 191 125 2 181 192 183 65
D 179 127 2 180 184 191 9
L 196 134 -45
L 197 136 46
L 198 134 45
D 195 135 2 196 197 198 9
L 200 138 200
L 201 140 217
L 202 138 -200
D 199 139 2 200 201 202 9
L 204 136 -46
D 203 135 2 196 204 198 65
D 194 137 2 195 199 203 9
L 207 142 -161
L 209 144 162
L 211 146 163
L 212 148 -164
L 213 146 -163
D 210 147 2 211 212 213 9
L 214 144 -162
D 208 145 2 209 210 214 9
L 215 142 161
D 206 143 2 207 208 215 9
L 218 150 275
L 220 152 276
L 221 154 -314
L 222 152 -276
D 219 153 2 220 221 222 9
L 223 150 -275
D 217 151 2 218 219 223 9
L 226 156 -225
L 228 158 -223
L 229 160 -221
L 230 158 223
D 227 159 2 228 229 230 9
L 231 156 225
D 225 157 2 226 227 231 9
L 234 162 271
L 235 164 -312
L 236 162 -271
D 233 163 2 234 235 236 9
L 238 166 196
L 241 168 272
L 243 170 -311
L 245 172 269
L 246 174 270
L 247 172 -269
D 244 173 2 245 246 247 9
L 248 170 311
D 242 171 2 243 244 248 9
L 249 168 -272
D 240 169 2 241 242 249 9
L 253 176 18
L 254 178 -17
L 255 176 -18
D 252 177 2 253 254 255 9
L 257 180 199
L 259 182 44
L 260 184 -43
L 261 182 -44
D 258 183 2 259 260 261 9
L 262 180 -199
D 256 181 2 257 258 262 9
L 264 178 17
D 263 177 2 253 264 255 65
D 251 179 2 252 256 263 9
L 268 186 -145
L 270 188 -148
L 272 190 147
L 273 192 146
L 274 190 -147
D 271 191 2 272 273 274 9
L 275 188 148
D 269 189 2 270 271 275 9
L 276 186 145
D 267 187 2 268 269 276 9
L 280 194 -149
L 281 196 150
L 282 194 149
D 279 195 2 280 281 282 9
L 284 198 151
L 285 200 -152
L 286 198 -151
D 283 199 2 284 285 286 9
L 288 196 -150
D 287 195 2 280 288 282 65
D 278 197 2 279 283 287 9
L 290 202 267
L 292 204 268
L 293 206 -310
L 294 204 -268
D 291 205 2 292 293 294 9
L 295 202 -267
D 289 203 2 290 291 295 9
L 298 200 152
D 297 199 2 284 298 286 65
D 296 197 2 279 297 287 65
D 277 201 2 278 289 296 9
L 302 192 -146
D 301 191 2 272 302 274 65
D 300 189 2 270 301 275 65
D 299 187 2 268 300 276 65
D 266 193 2 267 277 299 9
L 306 208 219
L 308 210 -37
L 309 212 38
L 310 210 37
D 307 211 2 308 309 310 9
L 311 208 -219
D 305 209 2 306 307 311 9
L 313 214 -33
L 317 216 -153
L 319 218 154
L 320 220 155
L 321 218 -154
D 318 219 2 319 320 321 9
L 322 216 153
D 316 217 2 317 318 322 9
L 323 222 -156
L 326 220 -155
D 325 219 2 319 326 321 65
D 324 217 2 317 325 322 65
D 315 221 2 316 323 324 9
L 328 224 34
L 331 226 159
L 332 228 -160
L 333 226 -159
D 330 227 2 331 332 333 9
L 335 230 -157
L 336 232 158
L 337 230 157
D 334 231 2 335 336 337 9
L 339 228 160
D 338 227 2 331 339 333 65
D 329 229 2 330 334 338 9
L 340 224 -34
D 327 225 2 328 329 340 9
L 342 222 156
D 341 221 2 316 342 324 65
D 314 223 2 315 327 341 9
L 343 214 33
D 312 215 2 313 314 343 9
L 346 212 -38
D 345 211 2 308 346 310 65
D 344 209 2 306 345 311 65
D 304 213 2 305 312 344 9
L 349 234 273
L 351 236 -313
L 352 238 274
L 353 236 313
D 350 237 2 351 352 353 9
L 354 234 -273
D 348 235 2 349 350 354 9
L 357 240 213
L 358 242 211
L 359 240 -213
D 356 241 2 357 358 359 9
L 361 244 265
L 365 246 24
L 366 248 -23
L 367 246 -24
D 364 247 2 365 366 367 9
L 369 250 -309
L 370 252 266
L 371 250 309
D 368 251 2 369 370 371 9
L 373 248 23
D 372 247 2 365 373 367 65
D 363 249 2 364 368 372 9
L 377 254 56
L 378 256 -55
L 379 254 -56
D 376 255 2 377 378 379 9
L 381 258 263
L 383 260 -308
L 384 262 264
L 385 260 308
D 382 261 2 383 384 385 9
L 386 258 -263
D 380 259 2 381 382 386 9
L 388 256 55
D 387 255 2 377 388 379 65
D 375 257 2 376 380 387 9
L 391 264 203
L 392 266 204
L 393 264 -203
D 390 265 2 391 392 393 9
L 397 268 -15
L 398 270 16
L 399 268 15
D 396 269 2 397 398 399 9
L 401 272 261
L 403 274 262
L 404 276 -307
L 405 274 -262
D 402 275 2 403 404 405 9
L 406 272 -261
D 400 273 2 401 402 406 9
L 408 270 -16
D 407 269 2 397 408 399 65
D 395 271 2 396 400 407 9
L 412 278 52
L 413 280 -51
L 414 278 -52
D 411 279 2 412 413 414 9
L 416 282 -136
L 418 284 -133
L 420 286 134
L 421 288 135
L 422 286 -134
D 419 287 2 420 421 422 9
L 423 284 133
D 417 285 2 418 419 423 9
L 424 282 136
D 415 283 2 416 417 424 9
L 426 280 51
D 425 279 2 412 426 414 65
D 410 281 2 411 415 425 9
L 430 290 260
L 432 292 131
L 435 294 -129
L 436 296 130
L 437 294 129
D 434 295 2 435 436 437 9
L 438 298 -132
L 440 296 -130
D 439 295 2 435 440 437 65
D 433 297 2 434 438 439 9
L 441 292 -131
D 431 293 2 432 433 441 9
L 442 290 -260
D 429 291 2 430 431 442 9
L 444 300 259
L 445 302 -306
L 446 300 -259
D 443 301 2 444 445 446 9
L 450 298 132
D 449 297 2 434 450 439 65
D 448 293 2 432 449 441 65
D 447 291 2 430 448 442 65
D 428 299 2 429 443 447 9
L 453 304 255
L 455 306 256
L 456 308 -304
L 457 306 -256
D 454 307 2 455 456 457 9
L 458 304 -255
D 452 305 2 453 454 458 9
L 462 310 139
L 464 312 -140
L 466 314 138
L 467 316 -137
L 468 314 -138
D 465 315 2 466 467 468 9
L 469 312 140
D 463 313 2 464 465 469 9
L 470 310 -139
D 461 311 2 462 463 470 9
L 473 318 142
L 475 320 143
L 476 322 -144
L 477 320 -143
D 474 321 2 475 476 477 9
L 478 318 -142
D 472 319 2 473 474 478 9
L 479 324 -141
L 482 322 144
D 481 321 2 475 482 477 65
D 480 319 2 473 481 478 65
D 471 323 2 472 479 480 9
L 486 316 137
D 485 315 2 466 486 468 65
D 484 313 2 464 485 469 65
D 483 311 2 462 484 470 65
D 460 317 2 461 471 483 9
L 489 326 -305
L 491 328 258
L 492 330 257
L 493 328 -258
D 490 329 2 491 492 493 9
L 494 326 305
D 488 327 2 489 490 494 9
L 498 332 -125
L 500 334 126
L 502 336 -128
L 503 338 127
L 504 336 128
D 501 337 2 502 503 504 9
L 505 334 -126
D 499 335 2 500 501 505 9
L 506 332 125
D 497 333 2 498 499 506 9
L 508 340 -11
L 509 342 12
L 510 340 11
D 507 341 2 508 509 510 9
L 514 338 -127
D 513 337 2 502 514 504 65
D 512 335 2 500 513 505 65
D 511 333 2 498 512 506 65
D 496 339 2 497 507 511 9
L 518 344 20
L 519 346 -19
L 520 344 -20
D 517 345 2 518 519 520 9
L 522 348 218
L 523 350 194
L 524 348 -218
D 521 349 2 522 523 524 9
L 526 346 19
D 525 345 2 518 526 520 65
D 516 347 2 517 521 525 9
L 529 352 -303
L 531 354 210
L 533 356 -65
L 534 358 66
L 535 356 65
D 532 357 2 533 534 535 9
L 536 354 -210
D 530 355 2 531 532 536 9
L 537 352 303
D 528 353 2 529 530 537 9
L 541 360 253
L 542 362 254
L 543 360 -253
D 540 361 2 541 542 543 9
L 545 364 28
L 546 366 -27
L 547 364 -28
D 544 365 2 545 546 547 9
L 549 362 -254
D 548 361 2 541 549 543 65
D 539 363 2 540 544 548 9
L 552 368 246
L 554 370 -30
L 556 372 29
L 558 374 31
L 559 376 32
L 560 374 -31
D 557 375 2 558 559 560 9
L 561 372 -29
D 555 373 2 556 557 561 9
L 562 370 30
D 553 371 2 554 555 562 9
L 563 368 -246
D 551 369 2 552 553 563 9
L 566 378 251
L 568 380 -302
L 569 382 252
L 570 380 302
D 567 381 2 568 569 570 9
L 571 378 -251
D 565 379 2 566 567 571 9
L 575 384 197
L 577 386 -39
L 578 388 40
L 579 386 39
D 576 387 2 577 578 579 9
L 580 384 -197
D 574 385 2 575 576 580 9
L 583 390 -3
L 584 392 4
L 585 390 3
D 582 391 2 583 584 585 9
L 587 394 -301
L 589 396 249
L 590 398 250
L 591 396 -249
D 588 397 2 589 590 591 9
L 592 394 301
D 586 395 2 587 588 592 9
L 594 392 -4
D 593 391 2 583 594 585 65
D 581 393 2 582 586 593 9
L 597 388 -40
D 596 387 2 577 597 579 65
D 595 385 2 575 596 580 65
D 573 389 2 574 581 595 9
L 600 400 -299
L 602 402 247
L 604 404 248
L 605 406 -300
L 606 404 -248
D 603 405 2 604 605 606 9
L 607 402 -247
D 601 403 2 602 603 607 9
L 608 400 299
D 599 401 2 600 601 608 9
L 612 408 245
L 614 410 2
L 615 412 -1
L 616 410 -2
D 613 411 2 614 615 616 9
L 617 408 -245
D 611 409 2 612 613 617 9
L 622 414 102
L 624 416 103
L 625 418 -104
L 626 416 -103
D 623 417 2 624 625 626 9
L 627 414 -102
D 621 415 2 622 623 627 9
L 629 420 -105
L 631 422 106
L 633 424 -108
L 634 426 107
L 635 424 108
D 632 425 2 633 634 635 9
L 636 422 -106
D 630 423 2 631 632 636 9
L 637 420 105
D 628 421 2 629 630 637 9
L 640 418 104
D 639 417 2 624 640 626 65
D 638 415 2 622 639 627 65
D 620 419 2 621 628 638 9
L 642 428 -109
L 644 430 110
L 646 432 111
L 647 434 -112
L 648 432 -111
D 645 433 2 646 647 648 9
L 649 430 -110
D 643 431 2 644 645 649 9
L 650 428 109
D 641 429 2 642 643 650 9
L 655 426 -107
D 654 425 2 633 655 635 65
D 653 423 2 631 654 636 65
D 652 421 2 629 653 637 65
D 651 419 2 621 652 638 65
D 619 427 2 620 641 651 9
L 657 436 -101
L 659 438 -49
L 660 440 50
L 661 438 49
D 658 439 2 659 660 661 9
L 662 436 101
D 656 437 2 657 658 662 9
L 667 434 112
D 666 433 2 646 667 648 65
D 665 431 2 644 666 649 65
D 664 429 2 642 665 650 65
D 663 427 2 620 664 651 65
D 618 435 2 619 656 663 9
L 670 412 1
D 669 411 2 614 670 616 65
D 668 409 2 612 669 617 65
D 610 413 2 611 618 668 9
L 673 442 222
L 675 444 202
L 676 446 212
L 677 444 -202
D 674 445 2 675 676 677 9
L 678 442 -222
D 672 443 2 673 674 678 9
L 683 448 -116
L 685 450 -113
L 687 452 114
L 688 454 115
L 689 452 -114
D 686 453 2 687 688 689 9
L 690 450 113
D 684 451 2 685 686 690 9
L 691 448 116
D 682 449 2 683 684 691 9
L 693 456 119
L 695 458 -120
L 697 460 118
L 698 462 -117
L 699 460 -118
D 696 461 2 697 698 699 9
L 700 458 120
D 694 459 2 695 696 700 9
L 701 456 -119
D 692 457 2 693 694 701 9
L 705 454 -115
D 704 453 2 687 705 689 65
D 703 451 2 685 704 690 65
D 702 449 2 683 703 691 65
D 681 455 2 682 692 702 9
L 708 464 -298
L 710 466 244
L 711 468 243
L 712 466 -244
D 709 467 2 710 711 712 9
L 713 464 298
D 707 465 2 708 709 713 9
L 717 470 99
L 718 472 -100
L 719 470 -99
D 716 471 2 717 718 719 9
L 721 474 98
L 722 476 -97
L 723 474 -98
D 720 475 2 721 722 723 9
L 725 472 100
D 724 471 2 717 725 719 65
D 715 473 2 716 720 724 9
L 728 478 123
L 729 480 -124
L 730 478 -123
D 727 479 2 728 729 730 9
L 732 482 122
L 733 484 -121
L 734 482 -122
D 731 483 2 732 733 734 9
L 736 480 124
D 735 479 2 728 736 730 65
D 726 481 2 727 731 735 9
L 739 476 97
D 738 475 2 721 739 723 65
D 737 473 2 716 738 724 65
D 714 477 2 715 726 737 9
L 742 468 -243
D 741 467 2 710 742 712 65
D 740 465 2 708 741 713 65
D 706 469 2 707 714 740 9
L 747 462 117
D 746 461 2 697 747 699 65
D 745 459 2 695 746 700 65
D 744 457 2 693 745 701 65
D 743 455 2 682 744 702 65
D 680 463 2 681 706 743 9
L 750 486 198
L 751 488 208
L 752 486 -198
D 749 487 2 750 751 752 9
L 757 490 241
L 759 492 42
L 760 494 -41
L 761 492 -42
D 758 493 2 759 760 761 9
L 762 490 -241
D 756 491 2 757 758 762 9
L 764 496 -297
L 766 498 6
L 770 500 -93
L 772 502 94
L 773 504 95
L 774 502 -94
D 771 503 2 772 773 774 9
L 775 500 93
D 769 501 2 770 771 775 9
L 776 506 -96
L 779 504 -95
D 778 503 2 772 779 774 65
D 777 501 2 770 778 775 65
D 768 505 2 769 776 777 9
L 780 508 -5
L 782 506 96
D 781 505 2 769 782 777 65
D 767 507 2 768 780 781 9
L 783 498 -6
D 765 499 2 766 767 783 9
L 784 496 297
D 763 497 2 764 765 784 9
L 787 494 41
D 786 493 2 759 787 761 65
D 785 491 2 757 786 762 65
D 755 495 2 756 763 785 9
L 790 510 242
L 791 512 239
L 792 510 -242
D 789 511 2 790 791 792 9
L 794 514 240
L 795 516 -296
L 796 514 -240
D 793 515 2 794 795 796 9
L 798 512 -239
D 797 511 2 790 798 792 65
D 788 513 2 789 793 797 9
L 803 508 5
D 802 507 2 768 803 781 65
D 801 499 2 766 802 783 65
D 800 497 2 764 801 784 65
D 799 495 2 756 800 785 65
D 754 509 2 755 788 799 9
L 807 518 224
L 809 520 62
L 810 522 -61
L 811 520 -62
D 808 521 2 809 810 811 9
L 812 518 -224
D 806 519 2 807 808 812 9
L 816 524 58
L 817 526 -57
L 818 524 -58
D 815 525 2 816 817 818 9
L 820 528 -295
L 822 530 237
L 823 532 238
L 824 530 -237
D 821 531 2 822 823 824 9
L 825 528 295
D 819 529 2 820 821 825 9
L 827 526 57
D 826 525 2 816 827 818 65
D 814 527 2 815 819 826 9
L 830 534 -294
L 832 536 236
L 833 538 235
L 834 536 -236
D 831 537 2 832 833 834 9
L 835 534 294
D 829 535 2 830 831 835 9
L 839 540 83
L 840 542 -84
L 841 540 -83
D 838 541 2 839 840 841 9
L 843 544 82
L 844 546 -81
L 845 544 -82
D 842 545 2 843 844 845 9
L 847 542 84
D 846 541 2 839 847 841 65
D 837 543 2 838 842 846 9
L 850 548 -92
L 852 550 86
L 854 552 -88
L 855 554 87
L 856 552 88
D 853 553 2 854 855 856 9
L 857 550 -86
D 851 551 2 852 853 857 9
L 858 548 92
D 849 549 2 850 851 858 9
L 861 556 91
L 863 558 -89
L 864 560 90
L 865 558 89
D 862 559 2 863 864 865 9
L 866 556 -91
D 860 557 2 861 862 866 9
L 867 562 -85
L 870 560 -90
D 869 559 2 863 870 865 65
D 868 557 2 861 869 866 65
D 859 561 2 860 867 868 9
L 874 554 -87
D 873 553 2 854 874 856 65
D 872 551 2 852 873 857 65
D 871 549 2 850 872 858 65
D 848 555 2 849 859 871 9
L 877 546 81
D 876 545 2 843 877 845 65
D 875 543 2 838 876 846 65
D 836 547 2 837 848 875 9
L 880 538 -235
D 879 537 2 832 880 834 65
D 878 535 2 830 879 835 65
D 828 539 2 829 836 878 9
L 884 532 -238
D 883 531 2 822 884 824 65
D 882 529 2 820 883 825 65
D 881 527 2 815 882 826 65
D 813 533 2 814 828 881 9
L 887 522 61
D 886 521 2 809 887 811 65
D 885 519 2 807 886 812 65
D 805 523 2 806 813 885 9
L 891 564 216
L 892 566 220
L 893 564 -216
D 890 565 2 891 892 893 9
L 895 568 195
L 896 570 215
L 897 568 -195
D 894 569 2 895 896 897 9
L 899 566 -220
D 898 565 2 891 899 893 65
D 889 567 2 890 894 898 9
L 903 572 10
L 904 574 -9
L 905 572 -10
D 902 573 2 903 904 905 9
L 907 576 -293
L 909 578 234
L 910 580 233
L 911 578 -234
D 908 579 2 909 910 911 9
L 912 576 293
D 906 577 2 907 908 912 9
L 914 574 9
D 913 573 2 903 914 905 65
D 901 575 2 902 906 913 9
L 917 582 22
L 919 584 -230
L 920 586 -21
L 921 584 230
D 918 585 2 919 920 921 9
L 922 582 -22
D 916 583 2 917 918 922 9
L 925 588 206
L 928 590 74
L 932 592 79
L 933 594 -80
L 934 592 -79
D 931 593 2 932 933 934 9
L 936 596 -77
L 937 598 78
L 938 596 77
D 935 597 2 936 937 938 9
L 940 594 80
D 939 593 2 932 940 934 65
D 930 595 2 931 935 939 9
L 942 600 75
L 944 602 -73
L 945 604 -76
L 946 602 73
D 943 603 2 944 945 946 9
L 947 600 -75
D 941 601 2 942 943 947 9
L 950 598 -78
D 949 597 2 936 950 938 65
D 948 595 2 931 949 939 65
D 929 599 2 930 941 948 9
L 951 590 -74
D 927 591 2 928 929 951 9
L 953 606 231
L 955 608 232
L 956 610 -292
L 957 608 -232
D 954 609 2 955 956 957 9
L 958 606 -231
D 952 607 2 953 954 958 9
L 963 604 76
D 962 603 2 944 963 946 65
D 961 601 2 942 962 947 65
D 960 599 2 930 961 948 65
D 959 591 2 928 960 951 65
D 926 605 2 927 952 959 9
L 964 588 -206
D 924 589 2 925 926 964 9
L 968 612 228
L 970 614 229
L 971 616 -291
L 972 614 -229
D 969 615 2 970 971 972 9
L 973 612 -228
D 967 613 2 968 969 973 9
L 975 618 207
L 977 620 14
L 978 622 -13
L 979 620 -14
D 976 621 2 977 978 979 9
L 980 618 -207
D 974 619 2 975 976 980 9
L 983 616 291
D 982 615 2 970 983 972 65
D 981 613 2 968 982 973 65
D 966 617 2 967 974 981 9
L 986 624 227
L 987 626 226
L 988 624 -227
D 985 625 2 986 987 988 9
L 990 628 -70
L 992 630 71
L 994 632 67
L 996 634 -68
L 998 636 -69
L 999 638 72
L 1000 636 69
D 997 637 2 998 999 1000 9
L 1001 634 68
D 995 635 2 996 997 1001 9
L 1002 632 -67
D 993 633 2 994 995 1002 9
L 1003 630 -71
D 991 631 2 992 993 1003 9
L 1004 628 70
D 989 629 2 990 991 1004 9
L 1006 626 -226
D 1005 625 2 986 1006 988 65
D 984 627 2 985 989 1005 9
L 1010 622 13
D 1009 621 2 977 1010 979 65
D 1008 619 2 975 1009 980 65
D 1007 617 2 967 1008 981 65
D 965 623 2 966 984 1007 9
L 1015 610 292
D 1014 609 2 955 1015 957 65
D 1013 607 2 953 1014 958 65
D 1012 605 2 927 1013 959 65
D 1011 589 2 925 1012 964 65
D 923 611 2 924 965 1011 9
L 1018 586 21
D 1017 585 2 919 1018 921 65
D 1016 583 2 917 1017 922 65
D 915 587 2 916 923 1016 9
L 1022 580 -233
D 1021 579 2 909 1022 911 65
D 1020 577 2 907 1021 912 65
D 1019 575 2 902 1020 913 65
D 900 581 2 901 915 1019 9
L 1025 570 -215
D 1024 569 2 895 1025 897 65
D 1023 567 2 890 1024 898 65
D 888 571 2 889 900 1023 9
L 1032 562 85
D 1031 561 2 860 1032 868 65
D 1030 555 2 849 1031 871 65
D 1029 547 2 837 1030 875 65
D 1028 539 2 829 1029 878 65
D 1027 533 2 814 1028 881 65
D 1026 523 2 806 1027 885 65
D 804 563 2 805 888 1026 9
L 1036 516 296
D 1035 515 2 794 1036 796 65
D 1034 513 2 789 1035 797 65
D 1033 509 2 755 1034 799 65
D 753 517 2 754 804 1033 9
L 1038 488 -208
D 1037 487 2 750 1038 752 65
D 748 489 2 749 753 1037 9
L 1044 484 121
D 1043 483 2 732 1044 734 65
D 1042 481 2 727 1043 735 65
D 1041 477 2 715 1042 737 65
D 1040 469 2 707 1041 740 65
D 1039 463 2 681 1040 743 65
D 679 485 2 680 748 1039 9
L 1047 446 -212
D 1046 445 2 675 1047 677 65
D 1045 443 2 673 1046 678 65
D 671 447 2 672 679 1045 9
L 1052 440 -50
D 1051 439 2 659 1052 661 65
D 1050 437 2 657 1051 662 65
D 1049 435 2 619 1050 663 65
D 1048 413 2 611 1049 668 65
D 609 441 2 610 671 1048 9
L 1056 406 300
D 1055 405 2 604 1056 606 65
D 1054 403 2 602 1055 607 65
D 1053 401 2 600 1054 608 65
D 598 407 2 599 609 1053 9
L 1061 398 -250
D 1060 397 2 589 1061 591 65
D 1059 395 2 587 1060 592 65
D 1058 393 2 582 1059 593 65
D 1057 389 2 574 1058 595 65
D 572 399 2 573 598 1057 9
L 1064 382 -252
D 1063 381 2 568 1064 570 65
D 1062 379 2 566 1063 571 65
D 564 383 2 565 572 1062 9
L 1069 376 -32
D 1068 375 2 558 1069 560 65
D 1067 373 2 556 1068 561 65
D 1066 371 2 554 1067 562 65
D 1065 369 2 552 1066 563 65
D 550 377 2 551 564 1065 9
L 1072 366 27
D 1071 365 2 545 1072 547 65
D 1070 363 2 540 1071 548 65
D 538 367 2 539 550 1070 9
L 1076 358 -66
D 1075 357 2 533 1076 535 65
D 1074 355 2 531 1075 536 65
D 1073 353 2 529 1074 537 65
D 527 359 2 528 538 1073 9
L 1079 350 -194
D 1078 349 2 522 1079 524 65
D 1077 347 2 517 1078 525 65
D 515 351 2 516 527 1077 9
L 1082 342 -12
D 1081 341 2 508 1082 510 65
D 1080 339 2 497 1081 511 65
D 495 343 2 496 515 1080 9
L 1085 330 -257
D 1084 329 2 491 1085 493 65
D 1083 327 2 489 1084 494 65
D 487 331 2 488 495 1083 9
L 1088 324 141
D 1087 323 2 472 1088 480 65
D 1086 317 2 461 1087 483 65
D 459 325 2 460 487 1086 9
L 1091 308 304
D 1090 307 2 455 1091 457 65
D 1089 305 2 453 1090 458 65
D 451 309 2 452 459 1089 9
L 1094 302 306
D 1093 301 2 444 1094 446 65
D 1092 299 2 429 1093 447 65
D 427 303 2 428 451 1092 9
L 1099 288 -135
D 1098 287 2 420 1099 422 65
D 1097 285 2 418 1098 423 65
D 1096 283 2 416 1097 424 65
D 1095 281 2 411 1096 425 65
D 409 289 2 410 427 1095 9
L 1103 276 307
D 1102 275 2 403 1103 405 65
D 1101 273 2 401 1102 406 65
D 1100 271 2 396 1101 407 65
D 394 277 2 395 409 1100 9
L 1105 266 -204
D 1104 265 2 391 1105 393 65
D 389 267 2 390 394 1104 9
L 1109 262 -264
D 1108 261 2 383 1109 385 65
D 1107 259 2 381 1108 386 65
D 1106 257 2 376 1107 387 65
D 374 263 2 375 389 1106 9
L 1112 252 -266
D 1111 251 2 369 1112 371 65
D 1110 249 2 364 1111 372 65
D 362 253 2 363 374 1110 9
L 1113 244 -265
D 360 245 2 361 362 1113 9
L 1115 242 -211
D 1114 241 2 357 1115 359 65
D 355 243 2 356 360 1114 9
L 1118 238 -274
D 1117 237 2 351 1118 353 65
D 1116 235 2 349 1117 354 65
D 347 239 2 348 355 1116 9
L 1125 232 -158
D 1124 231 2 335 1125 337 65
D 1123 229 2 330 1124 338 65
D 1122 225 2 328 1123 340 65
D 1121 223 2 315 1122 341 65
D 1120 215 2 313 1121 343 65
D 1119 213 2 305 1120 344 65
D 303 233 2 304 347 1119 9
L 1130 206 310
D 1129 205 2 292 1130 294 65
D 1128 203 2 290 1129 295 65
D 1127 201 2 278 1128 296 65
D 1126 193 2 267 1127 299 65
D 265 207 2 266 303 1126 9
L 1134 184 43
D 1133 183 2 259 1134 261 65
D 1132 181 2 257 1133 262 65
D 1131 179 2 252 1132 263 65
D 250 185 2 251 265 1131 9
L 1138 174 -270
D 1137 173 2 245 1138 247 65
D 1136 171 2 243 1137 248 65
D 1135 169 2 241 1136 249 65
D 239 175 2 240 250 1135 9
L 1139 166 -196
D 237 167 2 238 239 1139 9
L 1141 164 312
D 1140 163 2 234 1141 236 65
D 232 165 2 233 237 1140 9
L 1144 160 221
D 1143 159 2 228 1144 230 65
D 1142 157 2 226 1143 231 65
D 224 161 2 225 232 1142 9
L 1147 154 314
D 1146 153 2 220 1147 222 65
D 1145 151 2 218 1146 223 65
D 216 155 2 217 224 1145 9
L 1151 148 164
D 1150 147 2 211 1151 213 65
D 1149 145 2 209 1150 214 65
D 1148 143 2 207 1149 215 65
D 205 149 2 206 216 1148 9
L 1154 140 -217
D 1153 139 2 200 1154 202 65
D 1152 137 2 195 1153 203 65
D 193 141 2 194 205 1152 9
L 1158 132 -277
D 1157 131 2 187 1158 189 65
D 1156 129 2 185 1157 190 65
D 1155 127 2 180 1156 191 65
D 178 133 2 179 193 1155 9
L 1161 122 25
D 1160 121 2 174 1161 176 65
D 1159 119 2 172 1160 177 65
D 170 123 2 171 178 1159 9
L 1164 116 -279
D 1163 115 2 166 1164 168 65
D 1162 113 2 164 1163 169 65
D 162 117 2 163 170 1162 9
L 1167 110 -64
D 1166 109 2 156 1167 158 65
D 1165 107 2 148 1166 159 65
D 146 111 2 147 162 1165 9
L 1170 100 -281
D 1169 99 2 142 1170 144 65
D 1168 97 2 140 1169 145 65
D 138 101 2 139 146 1168 9
L 1173 94 176
D 1172 93 2 130 1173 135 65
D 1171 89 2 128 1172 137 65
D 126 95 2 127 138 1171 9
L 1178 86 -166
D 1177 85 2 120 1178 122 65
D 1176 83 2 118 1177 123 65
D 1175 81 2 116 1176 124 65
D 1174 79 2 114 1175 125 65
D 112 87 2 113 126 1174 9
L 1181 76 214
D 1180 75 2 108 1181 110 65
D 1179 73 2 106 1180 111 65
D 104 77 2 105 112 1179 9
L 1185 70 -285
D 1184 69 2 98 1185 100 65
D 1183 67 2 96 1184 101 65
D 1182 65 2 91 1183 102 65
D 89 71 2 90 104 1182 9
L 1189 60 -193
D 1188 59 2 84 1189 86 65
D 1187 57 2 82 1188 87 65
D 1186 55 2 80 1187 88 65
D 78 61 2 79 89 1186 9
D 1191 47 2 71 77 69 9
D 1192 47 2 71 70 69 65
D 1190 49 2 1191 72 1192 9
D 1196 59 2 86 1189 84 9
D 1195 57 2 87 1196 82 9
D 1194 55 2 80 1195 88 9
D 1199 59 2 86 85 84 65
D 1198 57 2 87 1199 82 65
D 1197 55 2 80 1198 88 65
D 1193 61 2 1194 89 1197 9
D 1201 47 2 69 70 71 77
L 1203 52 36
D 1202 51 2 73 1203 75 65
D 1204 47 2 71 70 69 77
D 1200 49 2 1201 1202 1204 65
D 66 53 3 67 78 1190 1193 1200 9
L 1207 44 -60
D 1206 43 2 58 1207 60 65
D 1205 41 2 47 1206 61 65
D 45 45 2 46 66 1205 9
L 1210 32 -283
D 1209 31 2 41 1210 43 65
D 1208 29 2 39 1209 44 65
D 37 33 2 38 45 1208 9
L 1214 26 184
D 1213 25 2 34 1214 32 9
D 1212 23 2 35 1213 30 9
D 1211 21 2 36 1212 28 9
D 1220 39 2 54 64 52 9
D 1219 37 2 55 1220 50 9
D 1218 35 2 56 1219 48 9
D 1221 43 2 60 1207 58 9
D 1224 39 2 54 53 52 65
D 1223 37 2 55 1224 50 65
D 1222 35 2 56 1223 48 65
D 1217 41 2 1218 1221 1222 9
D 1230 69 2 100 99 98 9
D 1229 67 2 101 1230 96 9
D 1228 65 2 91 1229 102 9
D 1233 79 2 125 115 114 9
D 1237 91 2 133 136 131 9
D 1238 91 2 133 132 131 65
D 1236 93 2 1237 1173 1238 9
D 1235 89 2 128 1236 137 9
D 1242 109 2 158 1167 156 9
D 1241 107 2 148 1242 159 9
D 1245 115 2 168 167 166 9
D 1244 113 2 169 1245 164 9
D 1248 121 2 176 1161 174 9
D 1247 119 2 177 1248 172 9
D 1252 139 2 200 1154 202 9
D 1251 137 2 195 1252 203 9
D 1254 139 2 200 201 202 65
D 1253 137 2 195 1254 203 65
D 1250 141 2 1251 205 1253 9
D 1249 133 2 179 1250 1155 9
D 1256 121 2 176 175 174 65
D 1255 119 2 177 1256 172 65
D 1246 123 2 1247 1249 1255 9
D 1258 115 2 168 1164 166 65
D 1257 113 2 169 1258 164 65
D 1243 117 2 1244 1246 1257 9
D 1260 109 2 158 157 156 65
D 1259 107 2 148 1260 159 65
D 1240 111 2 1241 1243 1259 9
D 1262 99 2 142 1170 144 9
D 1261 97 2 145 1262 140 9
D 1263 111 2 147 1243 1165 9
D 1265 99 2 142 143 144 65
D 1264 97 2 145 1265 140 1169
D 1239 101 3 139 1240 1261 1263 1264 9
D 1266 89 2 137 1236 128 9
D 1271 105 2 153 161 151 9
D 1270 103 2 154 1271 149 9
D 1273 105 2 153 152 151 65
D 1272 103 2 154 1273 149 65
D 1269 107 2 1270 1242 1272 9
D 1276 115 2 166 1164 168 9
D 1275 113 2 169 1276 164 9
D 1278 119 2 177 173 172 9
D 1281 125 2 183 192 181 9
D 1283 131 2 189 188 187 9
D 1282 129 2 190 1283 185 9
D 1284 125 2 183 182 181 65
D 1280 127 2 1281 1282 1284 9
D 1287 139 2 202 1154 200 9
D 1286 137 2 195 1287 203 9
D 1289 139 2 202 201 200 65
D 1288 137 2 195 1289 203 65
D 1285 141 2 1286 205 1288 9
D 1292 131 2 189 1158 187 65
D 1291 129 2 190 1292 185 65
D 1290 127 2 1281 1291 1284 65
D 1279 133 2 1280 1285 1290 9
D 1293 119 2 177 1160 172 65
D 1277 123 2 1278 1279 1293 9
D 1294 123 2 1247 1279 1255 9
D 1296 115 2 166 167 168 65
D 1295 113 2 169 1296 164 1163
D 1274 117 3 1275 1277 163 1294 1295 9
D 1297 107 2 1270 1260 1272 65
D 1268 111 2 1269 1274 1297 9
D 1299 107 2 1270 155 1272 9
D 1301 123 2 171 1279 1159 9
D 1300 117 3 1275 1301 163 1294 1295 9
D 1302 107 2 1270 1166 1272 65
D 1298 111 2 1299 1300 1302 9
D 1267 101 3 139 1268 1261 1298 1264 9
D 1303 93 2 1237 134 1238 65
D 1234 95 3 1235 1239 1266 1267 1303 9
D 1307 99 2 144 143 142 9
D 1306 97 2 145 1307 140 9
D 1310 123 2 1278 1249 1293 9
D 1309 117 2 163 1310 1162 9
D 1308 111 2 1241 1309 1259 9
D 1312 99 2 144 1170 142 65
D 1311 97 2 145 1312 140 65
D 1305 101 2 1306 1308 1311 9
D 1304 95 2 127 1305 1171 9
D 1316 85 2 122 1178 120 9
D 1315 83 2 123 1316 118 9
D 1314 81 2 124 1315 116 9
D 1313 79 2 125 1314 114 9
D 1325 131 2 187 1158 189 9
D 1324 129 2 190 1325 185 9
D 1323 127 2 180 1324 191 9
D 1330 147 2 213 1151 211 9
D 1329 145 2 214 1330 209 9
D 1328 143 2 215 1329 207 9
D 1333 153 2 220 1147 222 9
D 1332 151 2 223 1333 218 9
D 1336 163 2 236 1141 234 9
D 1341 173 2 247 246 245 9
D 1340 171 2 248 1341 243 9
D 1339 169 2 241 1340 249 9
D 1347 191 2 274 302 272 9
D 1346 189 2 275 1347 270 9
D 1345 187 2 276 1346 268 9
D 1350 195 2 282 288 280 9
D 1351 199 2 286 298 284 9
D 1352 195 2 282 281 280 65
D 1349 197 2 1350 1351 1352 9
D 1354 205 2 292 1130 294 9
D 1353 203 2 295 1354 290 9
D 1356 199 2 286 285 284 65
D 1355 197 2 1350 1356 1352 65
D 1348 201 2 1349 1353 1355 9
D 1359 191 2 274 273 272 65
D 1358 189 2 275 1359 270 65
D 1357 187 2 276 1358 268 65
D 1344 193 2 1345 1348 1357 9
D 1362 209 2 311 307 306 9
D 1367 219 2 321 326 319 9
D 1366 217 2 322 1367 317 9
D 1369 219 2 321 320 319 65
D 1368 217 2 322 1369 317 65
D 1365 221 2 1366 342 1368 9
D 1372 227 2 333 339 331 9
D 1373 231 2 337 1125 335 9
D 1374 227 2 333 332 331 65
D 1371 229 2 1372 1373 1374 9
D 1370 225 2 328 1371 340 9
D 1375 221 2 1366 323 1368 65
D 1364 223 2 1365 1370 1375 9
D 1363 215 2 313 1364 343 9
D 1376 209 2 311 345 306 65
D 1361 213 2 1362 1363 1376 9
D 1379 237 2 353 352 351 9
D 1378 235 2 354 1379 349 9
D 1381 241 2 359 358 357 9
D 1385 247 2 367 373 365 9
D 1386 247 2 367 366 365 65
D 1384 249 2 1385 368 1386 9
D 1390 261 2 385 384 383 9
D 1389 259 2 386 1390 381 9
D 1391 255 2 379 388 377 9
D 1392 255 2 379 378 377 388
D 1388 257 3 376 1389 1391 380 1392 9
D 1394 265 2 393 1105 391 9
D 1397 269 2 399 408 397 9
D 1398 269 2 399 398 397 65
D 1396 271 2 1397 400 1398 9
D 1401 279 2 414 426 412 9
D 1404 287 2 422 1099 420 9
D 1403 285 2 423 1404 418 9
D 1402 283 2 424 1403 416 9
D 1405 279 2 414 413 412 65
D 1400 281 2 1401 1402 1405 9
D 1411 295 2 437 440 435 9
D 1412 295 2 437 436 435 65
D 1410 297 2 1411 450 1412 9
D 1409 293 2 441 1410 432 9
D 1408 291 2 430 1409 442 9
D 1415 297 2 1411 438 1412 65
D 1414 293 2 441 1415 432 65
D 1413 291 2 430 1414 442 65
D 1407 299 2 1408 443 1413 9
D 1421 315 2 468 486 466 9
D 1420 313 2 469 1421 464 9
D 1419 311 2 470 1420 462 9
D 1424 321 2 477 482 475 9
D 1423 319 2 478 1424 473 9
D 1426 321 2 477 476 475 65
D 1425 319 2 478 1426 473 65
D 1422 323 2 1423 1088 1425 9
D 1429 315 2 468 467 466 65
D 1428 313 2 469 1429 464 65
D 1427 311 2 470 1428 462 65
D 1418 317 2 1419 1422 1427 9
D 1432 329 2 491 1085 493 9
D 1431 327 2 494 1432 489 9
D 1437 337 2 504 514 502 9
D 1436 335 2 505 1437 500 9
D 1435 333 2 506 1436 498 9
D 1438 341 2 510 1082 508 9
D 1441 337 2 504 503 502 65
D 1440 335 2 505 1441 500 65
D 1439 333 2 506 1440 498 65
D 1434 339 2 1435 1438 1439 9
D 1444 349 2 524 1079 522 9
D 1443 347 2 517 1444 525 9
D 1448 357 2 535 1076 533 9
D 1447 355 2 536 1448 531 9
D 1446 353 2 529 1447 537 9
D 1451 365 2 547 1072 545 9
D 1450 363 2 540 1451 548 9
D 1455 381 2 570 1064 568 9
D 1454 379 2 566 1455 571 9
D 1460 443 2 678 674 673 9
D 1466 461 2 699 747 697 9
D 1465 459 2 700 1466 695 9
D 1464 457 2 701 1465 693 9
D 1463 455 2 682 1464 702 9
D 1470 479 2 730 736 728 9
D 1471 483 2 734 1044 732 9
D 1472 479 2 730 729 728 65
D 1469 481 2 1470 1471 1472 9
D 1468 477 2 715 1469 737 9
D 1467 469 2 707 1468 740 9
D 1476 461 2 699 698 697 65
D 1475 459 2 700 1476 695 65
D 1474 457 2 701 1475 693 65
D 1473 455 2 682 1474 702 65
D 1462 463 2 1463 1467 1473 9
D 1481 519 2 812 808 807 9
D 1482 519 2 812 886 807 65
D 1480 523 2 1481 813 1482 9
D 1483 523 2 1481 1027 1482 65
D 1479 563 2 1480 888 1483 9
D 1478 517 2 754 1479 1033 9
D 1477 489 2 749 1478 1037 9
D 1488 483 2 734 733 732 65
D 1487 481 2 1470 1488 1472 65
D 1486 477 2 715 1487 737 65
D 1485 469 2 707 1486 740 65
D 1484 463 2 1463 1485 1473 65
D 1461 485 2 1462 1477 1484 9
D 1489 443 2 678 1046 673 65
D 1459 447 2 1460 1461 1489 9
D 1458 441 2 610 1459 1048 9
D 1457 407 2 599 1458 1053 9
D 1456 399 2 573 1457 1057 9
D 1494 397 2 591 590 589 9
D 1493 395 2 592 1494 587 9
D 1492 393 2 582 1493 593 9
D 1491 389 2 574 1492 595 9
D 1498 405 2 604 1056 606 9
D 1497 403 2 607 1498 602 9
D 1496 401 2 608 1497 600 9
D 1501 409 2 617 613 612 9
D 1506 417 2 626 640 624 9
D 1505 415 2 627 1506 622 9
D 1509 425 2 635 655 633 9
D 1508 423 2 636 1509 631 9
D 1507 421 2 637 1508 629 9
D 1511 417 2 626 625 624 65
D 1510 415 2 627 1511 622 65
D 1504 419 2 1505 1507 1510 9
D 1514 433 2 648 667 646 9
D 1513 431 2 649 1514 644 9
D 1512 429 2 650 1513 642 9
D 1518 425 2 635 634 633 65
D 1517 423 2 636 1518 631 65
D 1516 421 2 637 1517 629 65
D 1515 419 2 1505 1516 1510 65
D 1503 427 2 1504 1512 1515 9
D 1519 437 2 662 658 657 9
D 1523 433 2 648 647 646 65
D 1522 431 2 649 1523 644 65
D 1521 429 2 650 1522 642 65
D 1520 427 2 1504 1521 1515 65
D 1502 435 2 1503 1519 1520 9
D 1524 409 2 617 669 612 65
D 1500 413 2 1501 1502 1524 9
D 1531 453 2 689 705 687 9
D 1530 451 2 690 1531 685 9
D 1529 449 2 691 1530 683 9
D 1534 453 2 689 688 687 65
D 1533 451 2 690 1534 685 65
D 1532 449 2 691 1533 683 65
D 1528 455 2 1529 1464 1532 9
D 1537 467 2 710 742 712 9
D 1536 465 2 713 1537 708 9
D 1540 471 2 719 725 717 9
D 1541 475 2 723 739 721 9
D 1542 471 2 719 718 717 65
D 1539 473 2 1540 1541 1542 9
D 1544 475 2 723 722 721 65
D 1543 473 2 1540 1544 1542 65
D 1538 477 2 1539 1469 1543 9
D 1546 467 2 710 711 712 65
D 1545 465 2 713 1546 708 65
D 1535 469 2 1536 1538 1545 9
D 1547 455 2 1529 1474 1532 65
D 1527 463 2 1528 1535 1547 9
D 1552 491 2 762 758 757 9
D 1558 503 2 774 779 772 9
D 1557 501 2 775 1558 770 9
D 1560 503 2 774 773 772 65
D 1559 501 2 775 1560 770 65
D 1556 505 2 1557 782 1559 9
D 1561 505 2 1557 776 1559 65
D 1555 507 2 1556 780 1561 9
D 1554 499 2 766 1555 783 9
D 1553 497 2 784 1554 764 9
D 1562 491 2 762 786 757 65
D 1551 495 2 1552 1553 1562 9
D 1564 511 2 790 798 792 9
D 1565 515 2 794 1036 796 9
D 1566 511 2 790 791 792 65
D 1563 513 2 1564 1565 1566 9
D 1570 507 2 1556 803 1561 65
D 1569 499 2 766 1570 783 65
D 1568 497 2 784 1569 764 65
D 1567 495 2 1552 1568 1562 65
D 1550 509 2 1551 1563 1567 9
D 1576 531 2 824 823 822 9
D 1575 529 2 825 1576 820 9
D 1574 527 2 815 1575 826 9
D 1579 537 2 832 880 834 9
D 1578 535 2 835 1579 830 9
D 1582 541 2 841 847 839 9
D 1583 545 2 845 877 843 9
D 1584 541 2 841 840 839 65
D 1581 543 2 1582 1583 1584 9
D 1588 553 2 856 874 854 9
D 1587 551 2 857 1588 852 9
D 1586 549 2 858 1587 850 9
D 1591 559 2 865 870 863 9
D 1590 557 2 866 1591 861 9
D 1593 559 2 865 864 863 65
D 1592 557 2 866 1593 861 65
D 1589 561 2 1590 1032 1592 9
D 1596 553 2 856 855 854 65
D 1595 551 2 857 1596 852 65
D 1594 549 2 858 1595 850 65
D 1585 555 2 1586 1589 1594 9
D 1598 545 2 845 844 843 65
D 1597 543 2 1582 1598 1584 65
D 1580 547 2 1581 1585 1597 9
D 1600 537 2 832 833 834 65
D 1599 535 2 835 1600 830 65
D 1577 539 2 1578 1580 1599 9
D 1603 531 2 824 884 822 65
D 1602 529 2 825 1603 820 65
D 1601 527 2 815 1602 826 65
D 1573 533 2 1574 1577 1601 9
D 1572 523 2 1481 1573 1482 9
D 1606 565 2 891 899 893 9
D 1607 569 2 895 1025 897 9
D 1608 565 2 891 892 893 65
D 1605 567 2 1606 1607 1608 9
D 1612 579 2 909 1022 911 9
D 1611 577 2 912 1612 907 9
D 1610 575 2 902 1611 913 9
D 1620 593 2 934 940 932 9
D 1621 597 2 938 950 936 9
D 1622 593 2 934 933 932 65
D 1619 595 2 1620 1621 1622 9
D 1624 603 2 946 963 944 9
D 1623 601 2 947 1624 942 9
D 1626 597 2 938 937 936 65
D 1625 595 2 1620 1626 1622 65
D 1618 599 2 1619 1623 1625 9
D 1617 591 2 951 1618 928 9
D 1628 609 2 955 1015 957 9
D 1627 607 2 958 1628 953 9
D 1632 603 2 946 945 944 65
D 1631 601 2 947 1632 942 65
D 1630 599 2 1619 1631 1625 65
D 1629 591 2 951 1630 928 65
D 1616 605 2 1617 1627 1629 9
D 1615 589 2 964 1616 925 9
D 1636 615 2 972 983 970 9
D 1635 613 2 968 1636 973 9
D 1638 621 2 979 1010 977 9
D 1637 619 2 975 1638 980 9
D 1640 615 2 972 971 970 65
D 1639 613 2 968 1640 973 65
D 1634 617 2 1635 1637 1639 9
D 1643 621 2 979 978 977 65
D 1642 619 2 975 1643 980 65
D 1641 617 2 1635 1642 1639 65
D 1633 623 2 1634 984 1641 9
D 1647 609 2 955 956 957 65
D 1646 607 2 958 1647 953 65
D 1645 605 2 1617 1646 1629 65
D 1644 589 2 964 1645 925 65
D 1614 611 2 1615 1633 1644 9
D 1649 585 2 921 920 919 9
D 1648 583 2 917 1649 922 9
D 1653 619 2 980 1638 975 9
D 1655 615 2 970 983 972 9
D 1654 613 2 973 1655 968 9
D 1656 619 2 980 976 975 9
D 1658 615 2 970 971 972 65
D 1657 613 2 968 982 973 1658
D 1652 617 3 967 1653 1654 1656 1657 9
D 1660 625 2 988 1006 986 9
L 1666 638 -72
D 1665 637 2 1000 1666 998 9
D 1664 635 2 1001 1665 996 9
D 1663 633 2 1002 1664 994 9
D 1662 631 2 992 1663 1003 9
D 1661 629 2 990 1662 1004 9
D 1668 631 2 1003 1663 992 9
D 1667 629 2 1004 1668 990 9
D 1669 625 2 986 1006 988 987
D 1659 627 3 1660 1661 985 1667 1669 9
D 1670 617 2 967 1637 981 9
D 1672 625 2 988 987 986 9
D 1673 625 2 988 1006 986 65
D 1671 627 2 1672 1667 1673 9
D 1675 619 2 980 1009 975 65
D 1674 617 3 1654 1675 967 1643 1657 65
D 1651 623 3 1652 1659 1670 1671 1674 9
D 1650 611 2 1615 1651 1644 9
D 1676 583 2 917 1018 922 65
D 1613 587 3 916 1614 1648 1650 1676 9
D 1679 579 2 909 910 911 65
D 1678 577 2 912 1679 907 65
D 1677 575 2 902 1678 913 65
D 1609 581 2 1610 1613 1677 9
D 1681 569 2 897 1025 895 9
D 1680 567 2 1606 1681 1608 9
D 1684 573 2 905 914 903 9
D 1685 573 2 905 904 903 65
D 1683 575 2 1684 906 1685 9
D 1688 589 2 925 1616 964 9
D 1691 613 2 973 1658 968 65
D 1690 617 2 1654 974 1691 9
D 1692 617 2 1654 1008 1691 65
D 1689 623 2 1690 1671 1692 9
D 1687 611 3 1615 1651 1688 1689 1645 9
D 1694 585 2 921 1018 919 9
D 1693 583 2 922 1694 917 9
D 1697 605 2 1617 952 1629 9
D 1696 589 2 964 1697 925 9
D 1698 589 2 925 1697 964 9
D 1699 605 2 1617 1013 1629 65
D 1695 611 3 1696 1651 1698 1689 1699 9
D 1701 585 2 919 1018 921 9
D 1700 583 2 922 1701 917 9
D 1706 599 2 1619 941 1625 9
D 1705 591 2 928 1706 951 9
D 1708 609 2 957 1015 955 9
D 1707 607 2 953 1708 958 9
D 1710 599 2 1619 961 1625 65
D 1709 591 2 928 1710 951 65
D 1704 605 2 1705 1707 1709 9
D 1703 589 2 925 1704 964 9
D 1714 609 2 957 956 955 65
D 1713 607 2 953 1714 958 65
D 1712 605 2 1705 1713 1709 65
D 1711 589 2 925 1712 964 1699
D 1702 611 3 1696 1633 1703 965 1711 9
D 1715 583 2 922 920 917 1018
D 1686 587 5 1648 1687 1693 1695 1700 1702 916 1614 1715 9
D 1717 583 2 922 920 917 65
D 1716 587 3 1693 1695 1700 1702 1717 9
D 1720 579 2 911 910 909 9
D 1719 577 2 912 1720 907 9
D 1718 575 2 1684 1719 1685 9
D 1723 579 2 911 1022 909 65
D 1722 577 2 912 1723 907 1021
D 1724 573 2 905 904 903 914
D 1721 575 3 1684 1722 902 1678 1724 65
D 1682 581 4 1683 1686 1610 1716 1718 915 1721 9
D 1728 589 2 925 1645 964 65
D 1727 611 2 1688 1689 1728 9
D 1730 585 2 921 1018 919 65
D 1729 583 2 917 1730 922 65
D 1726 587 2 1648 1727 1729 9
D 1725 581 2 1610 1726 1677 9
D 1731 567 3 890 1024 1606 896 893 65
D 1604 571 4 1605 1609 1680 1682 889 1725 1731 9
D 1737 561 2 1590 867 1592 65
D 1736 555 2 1586 1737 1594 65
D 1735 547 2 1581 1736 1597 65
D 1734 539 2 1578 1735 1599 65
D 1733 533 2 1574 1734 1601 65
D 1732 523 2 1481 1733 1482 65
D 1571 563 2 1572 1604 1732 9
D 1740 515 2 794 795 796 65
D 1739 513 2 1564 1740 1566 65
D 1738 509 2 1551 1739 1567 65
D 1549 517 2 1550 1571 1738 9
D 1741 487 2 750 1038 752 9
D 1747 525 2 818 827 816 9
D 1748 525 2 818 817 816 65
D 1746 527 2 1747 819 1748 9
D 1749 527 2 1747 882 1748 65
D 1745 533 2 1746 1577 1749 9
D 1751 521 2 811 887 809 9
D 1750 519 2 812 1751 807 9
D 1754 525 2 818 817 816 827
D 1753 527 3 815 1575 1747 819 1754 9
D 1755 539 2 829 1580 878 9
D 1756 527 3 815 1602 1747 882 1754 65
D 1752 533 2 1753 1755 1756 9
D 1758 521 2 811 810 809 887
D 1757 519 2 812 1758 807 65
D 1744 523 3 1481 1745 1750 1752 1757 9
D 1761 565 2 893 899 891 9
D 1762 565 2 893 892 891 65
D 1760 567 2 1761 1607 1762 9
D 1763 567 2 1761 1681 1762 9
D 1764 567 2 1761 894 1762 9
D 1766 569 2 897 896 895 9
D 1765 567 2 1761 1766 1762 65
D 1759 571 4 1760 1609 1763 1682 1764 1725 1765 9
D 1771 531 2 822 884 824 9
D 1770 529 2 825 1771 820 9
D 1769 527 2 1747 1770 1748 9
D 1775 549 2 858 851 850 9
D 1776 561 2 1590 867 1592 9
D 1777 549 2 858 872 850 65
D 1774 555 2 1775 1776 1777 9
D 1773 547 2 837 1774 875 9
D 1772 539 2 829 1773 878 9
D 1780 531 2 822 823 824 65
D 1779 529 2 825 1780 820 65
D 1778 527 2 1747 1779 1748 65
D 1768 533 2 1769 1772 1778 9
D 1784 537 2 834 833 832 9
D 1783 535 2 835 1784 830 9
D 1785 547 2 837 1585 875 9
D 1787 537 2 834 880 832 65
D 1786 535 2 835 1787 830 65
D 1782 539 2 1783 1785 1786 9
D 1781 533 2 1753 1782 1756 9
D 1767 523 3 1481 1768 1750 1781 1757 9
D 1789 567 2 1761 1024 1762 65
D 1788 571 2 1764 900 1789 9
D 1795 561 2 1590 1032 1592 65
D 1794 555 2 1775 1795 1777 65
D 1793 547 2 837 1794 875 65
D 1792 539 2 829 1793 878 65
D 1797 529 2 825 1780 820 883
D 1796 527 2 1747 1797 1748 65
D 1791 533 3 1769 1792 1746 1734 1796 65
D 1800 547 2 837 1736 875 65
D 1801 535 2 835 1787 830 879
D 1799 539 3 1783 1800 829 1735 1801 65
D 1798 533 2 1753 1799 1756 65
D 1790 523 3 1481 1791 1750 1798 1757 65
D 1743 563 3 1744 1759 1767 1788 1790 9
D 1742 517 2 1550 1743 1738 9
D 1802 487 2 752 751 750 9
D 1808 507 2 1556 803 1561 9
D 1807 499 2 783 1808 766 9
D 1806 497 2 784 1807 764 9
D 1810 493 2 761 787 759 9
D 1809 491 2 757 1810 762 9
D 1811 497 2 764 1807 784 9
D 1813 493 2 761 760 759 65
D 1812 491 2 757 1813 762 786
D 1805 495 3 1552 1806 1809 1811 1812 9
D 1815 515 2 796 1036 794 9
D 1814 513 2 789 1815 797 9
D 1817 497 2 784 765 764 9
D 1818 491 2 757 1813 762 65
D 1816 495 2 1809 1817 1818 9
D 1820 511 2 792 791 790 9
D 1821 511 2 792 798 790 65
D 1819 513 2 1820 793 1821 9
D 1825 507 2 1556 780 1561 65
D 1824 499 2 783 1825 766 65
D 1823 497 2 764 1824 784 801
D 1826 497 2 784 1824 764 65
D 1822 495 3 1809 1823 1552 1826 1812 65
D 1804 509 3 1805 1814 1816 1819 1822 9
D 1827 563 2 1480 1788 1483 9
D 1830 497 2 764 1554 784 9
D 1829 495 2 1809 1830 1818 9
D 1833 499 2 783 1825 766 1570
D 1832 497 2 764 1833 784 65
D 1831 495 3 1552 1826 1809 1832 1812 65
D 1828 509 3 1829 1563 1805 788 1831 9
D 1834 563 2 1572 1759 1732 9
D 1837 515 2 796 795 794 1036
D 1836 513 2 789 1837 797 65
D 1838 513 2 1820 1035 1821 65
D 1840 497 2 764 1833 784 801
D 1839 495 3 1809 1840 1552 1826 1812 65
D 1835 509 4 1805 1836 1816 1838 1829 1739 1839 65
D 1803 517 3 1804 1827 1828 1834 1835 9
D 1841 487 2 752 1038 750 9
D 1843 509 3 1829 1739 1805 1034 1831 65
D 1842 517 2 1828 1743 1843 9
D 1548 489 4 749 1549 1741 1742 1802 1803 1841 1842
D 1846 477 2 1539 1487 1543 65
D 1845 469 2 1536 1846 1545 65
D 1844 463 2 1528 1845 1547 65
D 1526 485 2 1527 1548 1844 9
D 1525 447 2 1460 1526 1489 9
D 1850 439 2 661 1052 659 9
D 1849 437 2 662 1850 657 9
D 1848 435 2 1503 1849 1520 9
D 1847 413 2 1501 1848 1524 9
D 1853 445 2 677 1047 675 9
D 1852 443 2 678 1853 673 9
D 1856 469 2 707 1538 740 9
D 1855 463 2 1528 1856 1547 9
D 1860 467 2 712 711 710 9
D 1859 465 2 713 1860 708 9
D 1862 467 2 712 742 710 65
D 1861 465 2 713 1862 708 65
D 1858 469 2 1859 1468 1861 9
D 1857 463 2 1528 1858 1547 9
D 1865 465 2 713 1862 708 741
D 1864 469 3 707 1846 1859 1486 1865 65
D 1863 463 2 1528 1864 1547 65
D 1854 485 3 1855 1548 1857 1477 1863 9
D 1867 445 2 677 676 675 65
D 1866 443 2 678 1867 673 65
D 1851 447 2 1852 1854 1866 9
D 1871 439 2 659 1052 661 660
D 1870 437 2 662 1871 657 65
D 1869 435 2 1503 1870 1520 65
D 1868 413 2 1501 1869 1524 65
D 1499 441 3 1500 1525 1847 1851 1868 9
D 1872 401 2 600 1497 608 9
D 1876 411 2 616 670 614 9
D 1875 409 2 612 1876 617 9
D 1878 411 2 616 615 614 65
D 1877 409 2 612 1878 617 65
D 1874 413 2 1875 1848 1877 9
D 1879 413 2 1875 1502 1877 9
D 1880 447 2 1852 1526 1866 9
D 1881 413 2 1875 1869 1877 65
D 1873 441 3 1874 1851 1879 1880 1881 9
D 1883 405 2 604 605 606 65
D 1882 403 2 607 1883 602 65
D 1495 407 3 1496 1499 1872 1873 1882 9
D 1886 387 2 579 597 577 9
D 1885 385 2 580 1886 575 9
D 1888 387 2 579 578 577 65
D 1887 385 2 580 1888 575 65
D 1884 389 2 1885 581 1887 9
D 1893 445 2 675 1047 677 9
D 1892 443 2 678 1893 673 9
D 1895 445 2 675 676 677 65
D 1894 443 2 678 1895 673 65
D 1891 447 2 1892 1526 1894 9
D 1890 441 3 1500 1891 1847 1851 1868 9
D 1889 407 3 1496 1890 1872 1873 1882 9
D 1898 391 2 585 594 583 9
D 1899 391 2 585 584 583 65
D 1897 393 2 1898 586 1899 9
D 1900 385 2 580 576 575 9
D 1901 393 2 1898 1493 1899 9
D 1903 387 2 577 597 579 578
D 1902 385 2 580 1903 575 65
D 1896 389 3 1885 1897 1900 1901 1902 9
D 1905 401 2 608 601 600 9
D 1908 405 2 606 1056 604 9
D 1907 403 2 602 1908 607 9
D 1906 401 2 600 1907 608 9
D 1912 427 2 620 1512 651 9
D 1913 427 2 620 1521 651 65
D 1911 435 2 1912 656 1913 9
D 1910 413 2 611 1911 668 9
D 1916 463 2 1528 1467 1547 9
D 1917 463 2 1528 1485 1547 65
D 1915 485 2 1916 1477 1917 9
D 1914 447 2 1892 1915 1894 9
D 1919 435 2 1912 1050 1913 65
D 1918 413 2 611 1919 668 65
D 1909 441 2 1910 1914 1918 9
D 1922 405 2 606 605 604 1056
D 1921 403 2 602 1922 607 65
D 1920 401 2 600 1921 608 1054
D 1904 407 4 1905 1890 1906 1909 599 1873 1920 9
D 1926 397 2 589 1061 591 9
D 1925 395 2 592 1926 587 9
D 1924 393 2 582 1925 593 9
D 1923 389 2 1885 1924 1887 9
D 1928 441 2 610 1914 1048 9
D 1927 407 2 599 1928 1053 9
D 1932 397 2 589 590 591 65
D 1931 395 2 592 1932 587 1060
D 1933 391 2 583 594 585 584
D 1930 393 3 582 1931 1898 1059 1933 65
D 1936 397 2 591 1061 589 65
D 1935 395 2 592 1936 587 65
D 1934 393 2 1898 1935 1899 65
D 1937 393 2 582 1935 593 65
D 1938 385 2 580 1903 575 596
D 1929 389 4 1885 1930 1900 1934 574 1937 1938 65
D 1490 399 5 1491 1495 1884 1889 1896 1904 1923 1927 1929 9
D 1940 381 2 568 1064 570 569
D 1939 379 2 566 1940 571 65
D 1453 383 3 1454 1456 565 1490 1939 9
D 1941 369 2 563 553 552 9
D 1945 385 2 580 1888 575 596
D 1944 389 3 574 1492 1885 581 1945 9
D 1951 419 2 621 1507 638 9
D 1952 419 2 621 1516 638 65
D 1950 427 2 1951 1512 1952 9
D 1953 427 2 1951 1521 1952 65
D 1949 435 2 1950 656 1953 9
D 1948 413 2 1875 1949 1877 9
D 1954 447 2 1852 1915 1866 9
D 1956 435 2 1950 1050 1953 65
D 1955 413 2 1875 1956 1877 65
D 1947 441 2 1948 1954 1955 9
D 1957 401 2 608 1882 600 65
D 1946 407 2 1496 1947 1957 9
D 1959 401 2 608 1054 600 65
D 1958 407 2 1905 1947 1959 9
D 1962 391 2 585 594 583 584
D 1961 393 2 1962 1059 1933 65
D 1960 389 4 1885 1961 1900 1934 574 1937 1938 65
D 1943 399 3 1944 1946 1896 1958 1960 9
D 1942 383 2 565 1943 1062 9
D 1452 377 3 551 1453 1941 1942 1066 9
D 1964 365 2 547 546 545 65
D 1963 363 2 540 1964 548 65
D 1449 367 2 1450 1452 1963 9
D 1966 355 2 536 532 531 9
D 1965 353 2 529 1966 537 9
D 1971 381 2 570 569 568 9
D 1970 379 2 571 1971 566 9
D 1973 381 2 570 1064 568 65
D 1972 379 2 571 1973 566 65
D 1969 383 2 1970 1490 1972 9
D 1974 383 2 1970 1943 1972 9
D 1968 377 3 551 1969 1941 1974 1066 9
D 1967 367 2 1450 1968 1963 9
D 1975 353 2 537 1966 529 9
D 1978 361 2 541 549 543 9
D 1979 361 2 541 542 543 65
D 1977 363 2 1978 1451 1979 9
D 1987 463 2 681 1467 743 9
D 1988 463 2 681 1485 743 65
D 1986 485 2 1987 1477 1988 9
D 1985 447 2 1460 1986 1489 9
D 1984 441 2 610 1985 1048 9
D 1983 407 2 599 1984 1053 9
D 1982 399 2 573 1983 1057 9
D 1981 383 2 565 1982 1062 9
D 1980 377 2 551 1981 1065 9
D 1989 363 2 1978 1964 1979 65
D 1976 367 2 1977 1980 1989 9
D 1990 353 2 537 1447 529 9
D 1993 361 2 543 542 541 9
D 1994 361 2 543 549 541 65
D 1992 363 2 1993 544 1994 9
D 1995 363 2 1993 1071 1994 65
D 1991 367 2 1992 1452 1995 9
D 1996 353 2 537 530 529 9
D 1997 367 2 1992 1968 1995 9
D 2000 357 2 533 1076 535 534
D 1999 355 2 536 2000 531 1075
D 2001 355 2 536 2000 531 65
D 1998 353 2 537 1999 529 2001
D 1445 359 6 1446 1449 1965 1967 1975 1976 1990 1991 1996 1997 1998 9
D 2003 349 2 524 523 522 65
D 2002 347 2 517 2003 525 65
D 1442 351 2 1443 1445 2002 9
D 2005 341 2 510 509 508 65
D 2004 339 2 1435 2005 1439 65
D 1433 343 2 1434 1442 2004 9
D 2009 345 2 520 526 518 9
D 2010 345 2 520 519 518 65
D 2008 347 2 2009 1444 2010 9
D 2011 347 2 2009 2003 2010 65
D 2007 351 2 2008 1445 2011 9
D 2006 343 2 1434 2007 2004 9
D 2013 329 2 493 492 491 9
D 2012 327 2 494 2013 489 9
D 2024 485 2 680 1477 1039 9
D 2023 447 2 1460 2024 1489 9
D 2022 441 2 610 2023 1048 9
D 2021 407 2 599 2022 1053 9
D 2020 399 2 573 2021 1057 9
D 2019 383 2 565 2020 1062 9
D 2018 377 2 551 2019 1065 9
D 2017 367 2 539 2018 1070 9
D 2016 359 2 528 2017 1073 9
D 2015 351 2 2008 2016 2011 9
D 2014 343 2 496 2015 1080 9
D 2026 329 2 493 1085 491 492
D 2025 327 2 494 2026 489 1084
D 1430 331 4 1431 1433 488 2006 2012 2014 2025 9
D 2028 323 2 1423 479 1425 65
D 2027 317 2 1419 2028 1427 65
D 1417 325 2 1418 1430 2027 9
D 2030 307 2 455 1091 457 9
D 2029 305 2 458 2030 453 9
D 2034 339 2 1435 507 1439 9
D 2049 567 2 1606 896 1608 65
D 2048 571 3 1605 1609 1680 1682 2049 9
D 2050 523 2 806 1573 885 9
D 2051 571 2 889 1725 1023 9
D 2052 523 2 808 1733 886 65
D 2047 563 3 1572 2048 2050 2051 2052 9
D 2046 517 2 1550 2047 1738 9
D 2045 489 4 749 2046 1741 1742 1802 1803 1841 1842
D 2044 485 2 1527 2045 1844 9
D 2043 447 2 672 2044 1045 9
D 2042 441 3 1500 2043 1847 1851 1868 9
D 2041 407 3 1496 2042 1872 1873 1882 9
D 2040 399 5 1491 2041 1884 1889 1896 1904 1923 1927 1929 9
D 2039 383 2 1970 2040 1972 9
D 2038 377 3 551 2039 1941 1974 1066 9
D 2037 367 2 1992 2038 1995 9
D 2053 353 2 537 1074 529 65
D 2036 359 2 1996 2037 2053 9
D 2055 349 2 524 523 522 9
D 2054 347 2 517 2055 525 9
D 2056 359 5 1446 1449 1965 1967 1975 1976 1990 1991 2001 9
D 2057 347 2 517 1079 525 65
D 2035 351 3 516 2036 2054 2056 2057 9
D 2058 339 2 1435 1081 1439 65
D 2033 343 2 2034 2035 2058 9
D 2059 343 2 2034 2007 2058 9
D 2061 329 2 491 492 493 65
D 2060 327 2 494 2061 489 1084
D 2032 331 3 1431 2033 488 2059 2060 9
D 2031 325 2 1418 2032 2027 9
D 2063 307 2 457 1091 455 9
D 2062 305 2 453 2063 458 9
D 2067 351 2 1443 2016 2002 9
D 2066 343 2 1434 2067 2004 9
D 2068 343 2 1434 2015 2004 9
D 2065 331 3 1431 2066 488 2068 2060 9
D 2064 325 2 1418 2065 2027 9
D 2070 307 2 457 456 455 1091
D 2071 307 2 455 456 457 65
D 2069 305 2 453 2070 458 2071
D 1416 309 4 452 1417 2029 2031 2062 2064 2069 9
D 2073 291 2 442 431 430 9
D 2074 301 2 444 1094 446 9
D 2075 291 2 442 448 430 65
D 2072 299 2 2073 2074 2075 9
D 2077 325 2 1418 487 2027 9
D 2076 309 2 452 2077 1089 9
D 2079 301 2 444 445 446 65
D 2080 291 2 430 1414 442 448
D 2078 299 3 2073 2079 1408 1093 2080 65
D 1406 303 3 1407 1416 2072 2076 2078 9
D 2081 281 2 411 1402 425 9
D 2084 301 2 446 1094 444 9
D 2083 299 2 1408 2084 1413 9
D 2086 301 2 446 445 444 65
D 2085 299 2 1408 2086 1413 65
D 2082 303 2 2083 1416 2085 9
D 2088 279 2 412 413 414 426
D 2091 287 2 422 421 420 65
D 2090 285 2 423 2091 418 65
D 2089 283 2 424 2090 416 65
D 2092 279 2 414 413 412 426
D 2087 281 2 2088 2089 2092 65
D 1399 289 3 1400 1406 2081 2082 2087 9
D 2095 275 2 405 1103 403 9
D 2094 273 2 401 2095 406 9
D 2093 271 2 1397 2094 1398 9
D 2097 303 2 428 2076 1092 9
D 2096 289 2 410 2097 1095 9
D 2100 275 2 403 1103 405 9
D 2099 273 2 406 2100 401 9
D 2098 271 2 396 2099 407 9
D 2102 281 2 1401 2089 1405 65
D 2101 289 2 1400 1406 2102 9
D 2105 275 2 405 404 403 1103
D 2104 273 2 401 2105 406 65
D 2107 275 2 403 404 405 65
D 2106 273 2 406 2107 401 65
D 2108 269 2 397 408 399 398
D 2103 271 3 1397 2104 396 2106 2108 65
D 1395 277 4 1396 1399 2093 2096 2098 2101 2103 9
D 2109 265 2 391 1105 393 9
D 2112 281 2 411 2089 425 65
D 2111 289 2 2081 2082 2112 9
D 2113 271 2 396 2106 407 65
D 2110 277 2 2098 2111 2113 9
D 1393 267 3 1394 1395 2109 2110 392 9
D 2116 261 2 385 1109 383 9
D 2115 259 2 381 2116 386 9
D 2117 255 2 379 378 377 65
D 2114 257 2 1391 2115 2117 9
D 2124 317 2 461 1422 483 9
D 2125 317 2 461 2028 483 65
D 2123 325 2 2124 487 2125 9
D 2122 309 2 452 2123 1089 9
D 2121 303 2 428 2122 1092 9
D 2120 289 2 410 2121 1095 9
D 2119 277 2 395 2120 1100 9
D 2126 265 2 391 392 393 65
D 2118 267 2 2109 2119 2126 9
D 2129 261 2 385 1109 383 65
D 2128 259 2 386 2129 381 65
D 2131 261 2 383 1109 385 384
D 2130 259 2 381 2131 386 65
D 2127 257 3 376 2128 1391 2130 1392 65
D 1387 263 3 1388 1393 2114 2118 2127 9
D 2133 251 2 371 1112 369 9
D 2132 249 2 1385 2133 1386 9
D 2135 267 2 2109 394 2126 9
D 2134 263 2 375 2135 1106 9
D 2137 251 2 369 1112 371 370
D 2136 249 2 1385 2137 1386 65
D 1383 253 3 1384 1387 2132 2134 2136 9
D 2140 251 2 371 370 369 9
D 2139 249 2 364 2140 372 9
D 2142 257 2 376 1389 387 9
D 2144 265 2 393 392 391 9
D 2145 265 2 393 1105 391 65
D 2143 267 2 2144 1395 2145 9
D 2146 257 2 1391 380 2117 9
D 2141 263 4 2142 2143 2146 1393 2114 2118 2127 9
D 2148 251 2 371 1112 369 65
D 2147 249 2 364 2148 372 65
D 2138 253 2 2139 2141 2147 9
D 1382 245 2 361 1383 1113 2138
D 2149 241 2 359 1115 357 65
D 1380 243 2 1381 1382 2149 9
D 2151 237 2 353 1118 351 65
D 2150 235 2 354 2151 349 65
D 1377 239 2 1378 1380 2150 9
D 2152 213 2 305 1363 344 9
D 2158 267 2 390 2110 1104 9
D 2159 257 2 376 2128 387 65
D 2157 263 2 2142 2158 2159 9
D 2156 253 2 2139 2157 2147 9
D 2155 245 2 1113 2156 361 9
D 2154 243 2 356 2155 1114 9
D 2153 239 2 1378 2154 2150 9
D 2165 231 2 337 336 335 65
D 2164 229 2 1372 2165 1374 65
D 2163 225 2 328 2164 340 65
D 2162 223 2 1365 2163 1375 65
D 2161 215 2 313 2162 343 65
D 2160 213 2 307 2161 345 65
D 1360 233 3 1361 1377 2152 2153 2160 9
D 2169 205 2 292 293 294 65
D 2168 203 2 295 2169 290 65
D 2167 201 2 1349 2168 1355 65
D 2166 193 2 1345 2167 1357 65
D 1343 207 2 1344 1360 2166 9
D 2172 183 2 261 1134 259 9
D 2171 181 2 262 2172 257 9
D 2170 179 2 252 2171 263 9
D 2177 205 2 294 1130 292 9
D 2176 203 2 290 2177 295 9
D 2175 201 2 1349 2176 1355 9
D 2174 193 2 267 2175 299 9
D 2181 241 2 357 1115 359 9
D 2182 241 2 357 358 359 65
D 2180 243 2 2181 360 2182 9
D 2179 239 2 1378 2180 2150 9
D 2183 213 2 1362 2161 1376 65
D 2178 233 2 1361 2179 2183 9
D 2185 201 2 1349 289 1355 9
D 2184 193 2 1345 2185 1357 9
D 2189 241 2 359 1115 357 9
D 2188 243 3 2189 1382 2181 2155 358 9
D 2187 239 2 1378 2188 2150 9
D 2186 233 2 1361 2187 2183 9
D 2193 205 2 294 293 292 65
D 2192 203 2 290 2193 295 65
D 2191 201 2 1349 2192 1355 65
D 2194 201 2 1349 1128 1355 65
D 2195 187 2 276 1358 268 300
D 2190 193 3 267 2191 1345 2194 2195 65
D 2173 207 3 2174 2178 2184 2186 2190 9
D 2198 183 2 261 260 259 65
D 2197 181 2 262 2198 257 1133
D 2196 179 2 252 2197 263 65
D 1342 185 3 251 1343 2170 2173 2196 9
D 2201 173 2 245 1138 247 9
D 2200 171 2 248 2201 243 9
D 2199 169 2 241 2200 249 9
D 2204 177 2 255 264 253 9
D 2205 181 2 262 258 257 9
D 2206 177 2 255 254 253 65
D 2203 179 2 2204 2205 2206 9
D 2207 207 2 266 2178 1126 9
D 2209 181 2 262 1133 257 65
D 2208 179 2 2204 2209 2206 65
D 2202 185 2 2203 2207 2208 9
D 2211 207 2 1344 2186 2166 9
D 2212 179 2 2204 2171 2206 9
D 2215 183 2 261 260 259 1134
D 2214 181 2 262 2215 257 65
D 2213 179 2 2204 2214 2206 65
D 2210 185 3 2203 2211 2212 2173 2213 9
D 2218 173 2 247 1138 245 246
D 2217 171 2 248 2218 243 1137
D 2216 169 2 241 2217 249 65
D 1338 175 4 1339 1342 2199 2202 240 2210 2216 9
D 2225 211 2 310 346 308 9
D 2224 209 2 311 2225 306 9
D 2227 211 2 310 309 308 65
D 2226 209 2 311 2227 306 65
D 2223 213 2 2224 1363 2226 9
D 2228 239 2 348 2180 1116 9
D 2229 213 2 2224 2161 2226 65
D 2222 233 2 2223 2228 2229 9
D 2221 207 2 266 2222 1126 9
D 2220 185 2 2203 2221 2208 9
D 2233 239 2 348 2188 1116 9
D 2232 233 2 2223 2233 2229 9
D 2231 207 2 1344 2232 2166 9
D 2234 207 3 2174 2222 2184 2232 2190 9
D 2230 185 3 2203 2231 2212 2234 2213 9
D 2235 185 3 251 2231 2170 2234 2196 9
D 2219 175 4 2199 2220 240 2230 1339 2235 2216 9
D 1337 167 2 238 1338 1139 2219
D 2244 225 2 340 1371 328 9
D 2243 223 2 1365 2244 1375 9
D 2242 215 2 343 2243 313 9
D 2241 213 2 1362 2242 1376 9
D 2245 213 2 2224 2242 2226 9
D 2248 211 2 310 346 308 309
D 2247 209 2 311 2248 306 9
D 2251 225 2 340 2164 328 65
D 2250 223 2 1365 2251 1375 65
D 2249 215 2 343 2250 313 65
D 2253 211 2 308 346 310 309
D 2252 209 2 311 2253 306 65
D 2246 213 2 2247 2249 2252 65
D 2240 233 3 2241 2179 2245 2228 2246 9
D 2239 207 2 266 2240 1126 9
D 2238 185 2 2203 2239 2208 9
D 2257 213 2 2224 312 2226 9
D 2260 237 2 353 1118 351 9
D 2259 235 2 349 2260 354 9
D 2262 237 2 353 352 351 65
D 2261 235 2 349 2262 354 65
D 2258 239 2 2259 2180 2261 9
D 2263 213 2 2224 1120 2226 65
D 2256 233 2 2257 2258 2263 9
D 2255 207 2 266 2256 1126 9
D 2265 233 3 2241 2187 2245 2233 2246 9
D 2264 207 2 1344 2265 2166 9
D 2266 207 3 2184 2265 2174 2240 2190 9
D 2268 177 2 255 254 253 264
D 2267 179 3 2204 2214 252 1132 2268 65
D 2254 185 4 251 2255 2203 2264 2212 2266 2267 9
D 2269 185 3 251 2264 2170 2266 2196 9
D 2237 175 4 2199 2238 240 2254 1339 2269 2216 9
D 2236 167 2 1139 2237 238 9
D 2270 163 2 234 1141 236 9
D 2273 169 2 249 242 241 9
D 2279 223 2 315 2244 341 9
D 2278 215 2 343 2279 313 9
D 2277 213 2 1362 2278 1376 9
D 2280 213 2 2224 2278 2226 9
D 2283 223 2 315 2251 341 65
D 2282 215 2 343 2283 313 65
D 2281 213 2 2247 2282 2252 65
D 2276 233 3 2277 2179 2280 2228 2281 9
D 2275 207 2 266 2276 1126 9
D 2274 185 2 251 2275 1131 9
D 2284 169 2 249 1136 241 65
D 2272 175 2 2273 2274 2284 9
D 2271 167 2 1139 2272 238 9
D 2285 163 2 236 235 234 9
D 1335 165 4 1336 1337 233 2236 2270 2271 2285 9
D 1334 161 2 225 1335 1142 9
D 2287 153 2 220 221 222 65
D 2286 151 2 223 2287 218 65
D 1331 155 2 1332 1334 2286 9
D 2290 147 2 213 212 211 65
D 2289 145 2 214 2290 209 65
D 2288 143 2 215 2289 207 65
D 1327 149 2 1328 1331 2288 9
D 2292 135 2 198 204 196 9
D 2293 135 2 198 197 196 65
D 2291 137 2 2292 1287 2293 9
D 2295 155 2 217 1334 1145 9
D 2298 153 2 222 1147 220 9
D 2297 151 2 218 2298 223 9
D 2300 153 2 222 221 220 65
D 2299 151 2 218 2300 223 65
D 2296 155 2 2297 224 2299 9
D 2301 143 2 215 2289 207 1149
D 2294 149 3 1328 2295 206 2296 2301 9
D 2303 135 2 196 204 198 197
D 2302 137 3 195 1153 2292 1289 2303 65
D 1326 141 3 194 1327 2291 2294 2302 9
D 2304 127 2 1281 184 1284 9
D 2307 135 2 198 204 196 197
D 2306 137 2 2307 1289 2303 65
D 2305 141 3 1286 1327 2291 2294 2306 9
D 2310 131 2 187 188 189 65
D 2309 129 2 190 2310 185 65
D 2311 125 2 183 182 181 192
D 2308 127 3 180 2309 1281 1156 2311 65
D 1322 133 3 1323 1326 2304 2305 2308 9
D 1321 123 2 171 1322 1159 9
D 2315 137 3 195 1254 2292 1289 2303 65
D 2314 141 3 1251 1327 2291 2294 2315 9
D 2313 133 3 2304 2305 1323 2314 2308 9
D 2312 123 2 1247 2313 1255 9
D 1320 117 3 1275 1321 163 2312 1295 9
D 1319 111 2 1299 1320 1302 9
D 2318 123 2 1278 2313 1293 9
D 2322 137 3 195 1252 2292 1287 2303 9
D 2332 183 2 259 260 261 1134
D 2331 181 2 262 2332 257 9
D 2330 179 3 2204 2331 252 2171 2268 9
D 2343 281 2 2088 1402 2092 9
D 2351 345 2 518 519 520 526
D 2352 345 2 520 519 518 526
D 2350 347 2 2351 1444 2352 9
D 2359 375 2 560 1069 558 9
D 2358 373 2 561 2359 556 9
D 2357 371 2 562 2358 554 9
D 2356 369 2 552 2357 563 9
D 2364 413 2 611 1502 668 9
D 2370 495 2 756 1830 785 9
D 2372 497 2 764 1569 784 65
D 2371 495 2 756 2372 785 65
D 2369 509 2 2370 788 2371 9
D 2375 533 2 814 1755 881 9
D 2374 523 2 1481 2375 1482 9
D 2383 621 2 977 978 979 1010
D 2382 619 2 980 2383 975 9
D 2381 617 2 967 2382 981 9
D 2385 625 2 988 1006 986 987
D 2384 627 2 2385 1661 1669 9
D 2386 627 3 1672 1661 985 989 1006 9
D 2389 621 2 979 978 977 1010
D 2388 619 2 980 2389 975 1643
D 2387 617 2 967 2388 981 65
D 2380 623 3 2381 2384 1670 2386 2387 9
D 2390 589 2 964 1699 925 65
D 2379 611 2 1696 2380 2390 9
D 2378 587 2 1648 2379 1729 9
D 2377 581 2 901 2378 1019 9
D 2393 583 2 917 1649 922 1694
D 2395 623 2 966 2386 1007 9
D 2394 611 3 1696 2380 1698 2395 1699 9
D 2397 585 2 921 920 919 65
D 2396 583 2 922 2397 917 1730
D 2392 587 2 2393 2394 2396 9
D 2399 583 2 922 2397 917 65
D 2398 587 2 1693 2394 2399 9
D 2401 573 2 903 904 905 914
D 2400 575 2 2401 1020 1724 65
D 2391 581 3 1683 2392 901 2398 2400 9
D 2405 589 2 925 1699 964 65
D 2404 611 2 1698 2395 2405 9
D 2403 587 2 1648 2404 1729 9
D 2402 581 2 901 2403 1019 9
D 2376 571 4 1605 2377 1680 2391 889 2402 1731 9
D 2408 539 2 829 1735 878 65
D 2407 533 2 814 2408 881 65
D 2406 523 2 1481 2407 1482 65
D 2373 563 2 2374 2376 2406 9
D 2409 509 2 2370 1034 2371 65
D 2368 517 2 2369 2373 2409 9
D 2415 525 2 816 817 818 827
D 2414 527 2 2415 819 1754 9
D 2416 527 2 2415 882 1754 65
D 2413 533 2 2414 1755 2416 9
D 2417 533 2 1746 1755 1749 9
D 2412 523 3 1750 2413 1481 2417 1757 9
D 2418 571 4 1760 2377 1763 2391 1764 2402 1765 9
D 2420 533 2 1746 2408 1749 65
D 2421 533 2 2414 2408 2416 65
D 2419 523 3 1481 2420 1750 2421 1757 65
D 2411 563 2 2412 2418 2419 9
D 2410 517 2 2369 2411 2409 9
D 2426 499 2 766 1555 783 1808
D 2425 497 2 764 2426 784 9
D 2428 493 2 761 760 759 787
D 2427 491 2 757 2428 762 65
D 2424 495 3 1809 2425 756 1811 2427 9
D 2430 497 2 764 1824 784 65
D 2429 495 3 756 2430 1809 1832 2427 65
D 2423 509 2 2424 788 2429 9
D 2431 563 2 2374 2418 2406 9
D 2432 509 2 2424 1034 2429 65
D 2422 517 2 2423 2431 2432 9
D 2433 517 2 2423 2411 2432 9
D 2367 489 4 749 2368 1741 2410 1802 2422 1841 2433
D 2435 469 2 707 1846 740 65
D 2434 463 2 1528 2435 1547 65
D 2366 485 2 1855 2367 2434 9
D 2365 447 2 1460 2366 1489 9
D 2439 439 2 661 1052 659 660
D 2438 437 2 662 2439 657 9
D 2437 435 2 1503 2438 1520 9
D 2441 411 2 616 615 614 670
D 2440 409 2 612 2441 617 65
D 2436 413 3 1875 2437 611 1848 2440 9
D 2442 447 2 1852 2366 1866 9
D 2445 411 2 614 615 616 670
D 2444 409 2 612 2445 617 9
D 2443 413 2 2444 1869 2440 65
D 2363 441 3 2364 2365 2436 2442 2443 9
D 2362 407 2 599 2363 1053 9
D 2447 393 2 1962 586 1933 9
D 2446 389 3 1885 2447 1900 1897 1902 9
D 2450 447 2 1892 2366 1894 9
D 2449 441 3 2436 2442 2364 2450 2443 9
D 2448 407 2 599 2449 1053 9
D 2452 393 2 1898 1059 1899 65
D 2451 389 4 1885 1961 1900 2452 574 1058 1938 65
D 2361 399 3 573 2362 2446 2448 2451 9
D 2360 383 2 565 2361 1062 9
D 2456 375 2 560 559 558 65
D 2455 373 2 561 2456 556 65
D 2454 371 2 562 2455 554 65
D 2453 369 2 552 2454 563 65
D 2355 377 2 2356 2360 2453 9
D 2354 367 2 1450 2355 1963 9
D 2459 365 2 545 546 547 1072
D 2458 363 2 540 2459 548 9
D 2461 365 2 547 546 545 1072
D 2460 363 2 540 2461 548 65
D 2457 367 2 2458 2355 2460 9
D 2462 367 2 539 2355 1070 9
D 2463 353 2 529 1999 537 65
D 2353 359 4 1965 2354 1446 2457 528 2462 2463 9
D 2464 347 2 2351 2003 2352 65
D 2349 351 2 2350 2353 2464 9
D 2467 353 2 529 2001 537 65
D 2466 359 3 1965 2354 1446 2457 2467 9
D 2480 571 3 1605 2377 1680 2391 2049 9
D 2481 523 2 806 2375 885 9
D 2482 571 2 889 2402 1023 9
D 2483 523 2 808 2407 886 65
D 2479 563 3 2374 2480 2481 2482 2483 9
D 2478 517 2 2369 2479 2409 9
D 2477 489 4 749 2478 1741 2410 1802 2422 1841 2433
D 2476 485 2 1855 2477 2434 9
D 2475 447 2 672 2476 1045 9
D 2474 441 3 2364 2475 2436 2442 2443 9
D 2473 407 2 599 2474 1053 9
D 2472 399 3 573 2473 2446 2448 2451 9
D 2471 383 2 565 2472 1062 9
D 2470 377 2 2356 2471 2453 9
D 2469 367 2 539 2470 1070 9
D 2468 359 2 528 2469 1073 9
D 2484 347 3 2009 2003 517 1079 2352 65
D 2465 351 4 2054 2466 516 2468 2008 2353 2484 9
D 2486 341 2 508 1082 510 509
D 2485 339 2 1435 2486 1439 65
D 2348 343 3 1434 2349 2034 2465 2485 9
D 2347 331 2 488 2348 1083 9
D 2346 325 2 1418 2347 2027 9
D 2345 309 2 452 2346 1089 9
D 2487 299 2 1408 1093 1413 65
D 2344 303 2 1407 2345 2487 9
D 2342 289 2 2343 2344 2087 9
D 2488 289 2 1400 2344 2102 9
D 2490 269 2 399 408 397 398
D 2489 271 2 2490 1101 2108 65
D 2341 277 3 1396 2342 395 2488 2489 9
D 2340 267 2 2144 2341 2145 9
D 2493 289 2 2081 2344 2112 9
D 2492 277 2 395 2493 1100 9
D 2491 267 3 1394 2341 2109 2492 392 9
D 2495 255 2 377 378 379 388
D 2494 257 2 2495 1107 1392 65
D 2339 263 3 375 2340 2146 2491 2494 9
D 2497 257 2 2495 380 1392 9
D 2496 263 2 2497 2491 2494 9
D 2499 247 2 365 366 367 373
D 2500 247 2 367 366 365 373
D 2498 249 2 2499 1111 2500 65
D 2338 253 3 363 2339 1384 2496 2498 9
D 2337 245 2 361 2338 1113 9
D 2504 267 2 390 2492 1104 9
D 2503 263 2 375 2504 1106 9
D 2502 253 2 363 2503 1110 9
D 2501 245 2 361 2502 1113 9
D 2336 243 3 2189 2337 2181 2501 358 9
D 2335 239 2 348 2336 1116 9
D 2334 233 2 1361 2335 2183 9
D 2505 193 2 1345 2194 1357 65
D 2333 207 2 2184 2334 2505 9
D 2509 243 2 1381 2337 2149 9
D 2508 239 2 348 2509 1116 9
D 2511 243 2 356 2501 1114 9
D 2510 239 2 348 2511 1116 9
D 2507 233 3 1361 2508 2152 2510 2160 9
D 2506 207 2 2184 2507 2505 9
D 2512 179 3 252 2197 2204 2214 2268 65
D 2329 185 3 2330 2333 251 2506 2512 9
D 2328 175 2 240 2329 1135 9
D 2516 181 2 262 2172 257 258
D 2515 179 3 252 2516 2204 2331 2268 9
D 2520 215 2 343 2243 313 1364
D 2519 213 3 2224 2520 1362 2242 2252 9
D 2522 215 2 313 2162 343 2250
D 2521 213 3 2224 2522 1362 2249 2252 65
D 2518 233 2 2519 2335 2521 9
D 2517 207 2 2184 2518 2505 9
D 2514 185 2 2515 2517 2512 9
D 2513 175 2 240 2514 1135 9
D 2327 167 2 238 2328 1139 2513
D 2326 165 2 233 2327 1140 9
D 2325 161 2 225 2326 1142 9
D 2324 155 2 217 2325 1145 9
D 2323 149 2 1328 2324 2288 9
D 2321 141 2 2322 2323 2315 9
D 2526 151 2 223 2287 218 1146
D 2525 155 3 1332 1334 217 2325 2526 9
D 2524 149 2 1328 2525 2288 9
D 2537 203 2 295 2169 290 1129
D 2536 201 2 1349 2537 1355 65
D 2535 193 2 1345 2536 1357 65
D 2534 207 3 1344 2265 2184 2518 2535 9
D 2539 193 3 1345 2194 267 1127 2195 65
D 2538 207 3 266 2256 2184 2518 2539 9
D 2544 245 2 1113 2156 361 2502
D 2553 301 2 446 445 444 1094
D 2552 299 2 1408 2553 1413 65
D 2551 303 3 1407 2345 2083 1416 2552 9
D 2564 371 2 562 2455 554 1067
D 2563 369 2 552 2564 563 1066
D 2562 377 4 551 1969 1941 1974 2356 2360 2563 9
D 2561 367 2 1450 2562 1963 9
D 2566 377 4 551 1453 1941 1942 2356 2360 2563 9
D 2565 367 3 1450 2566 539 2355 2460 9
D 2560 359 7 1965 2561 1446 2565 1975 1976 1990 1991 1996 1997 528 2462 1999 9
D 2559 351 3 2008 2560 1443 2353 2464 9
D 2558 343 3 1434 2559 2034 2465 2485 9
D 2557 331 4 488 2558 1431 1433 2012 2014 2025 9
D 2556 325 2 1418 2557 2027 9
D 2555 309 4 452 2556 2029 2031 2062 2064 2069 9
D 2554 303 3 1407 2555 2072 2076 2078 9
D 2550 289 3 2081 2551 1400 2554 2087 9
D 2568 273 2 406 2107 401 1102
D 2567 271 3 1397 2104 396 2568 2108 65
D 2549 277 5 1396 2550 2093 2096 2098 2101 395 2488 2567 9
D 2570 271 2 396 2568 407 65
D 2569 277 3 395 2493 2098 2111 2570 9
D 2548 267 3 1394 2549 2109 2569 392 9
D 2572 259 2 386 2129 381 1108
D 2571 257 3 376 2572 1391 2130 1392 65
D 2547 263 5 2146 2548 375 2491 2142 1393 2114 2118 2571 9
D 2573 249 3 1385 2137 364 1111 2500 65
D 2546 253 4 1384 2547 363 2339 2132 2134 2573 9
D 2545 245 2 361 2546 1113 2138
D 2543 243 3 2181 2544 2189 2545 358 9
D 2542 239 2 348 2543 1116 9
D 2575 235 2 354 2151 349 1117
D 2574 239 3 1378 2188 348 2336 2575 9
D 2541 233 4 2245 2542 2223 2335 2241 2574 2521 9
D 2540 207 3 2174 2240 2184 2541 2190 9
D 2533 185 5 2203 2534 251 2538 2170 2517 2212 2540 2512 9
D 2532 175 4 240 2533 2199 2238 1339 2269 2216 9
D 2531 167 2 1139 2532 238 2328
D 2530 165 4 233 2531 1336 1337 2270 2271 2285 9
D 2529 161 2 225 2530 1142 9
D 2528 155 2 217 2529 1145 9
D 2527 149 3 1328 2528 206 2296 2301 9
D 2523 141 3 1286 2524 2291 2527 2306 9
D 2577 129 2 190 2310 185 1157
D 2576 127 3 1281 1156 180 2577 2311 65
D 2320 133 4 179 2321 2304 2523 1323 2314 2576 9
D 2580 137 2 2307 1287 2303 9
D 2579 141 2 2580 2323 2306 9
D 2582 125 2 181 182 183 192
D 2581 127 2 2582 1156 2311 65
D 2578 133 3 2304 2579 179 2321 2581 9
D 2584 121 2 176 175 174 1161
D 2583 119 2 177 2584 172 65
D 2319 123 3 1247 2320 1278 2578 2583 9
D 2317 117 3 1275 2318 163 2319 1295 9
D 2589 137 3 195 199 2292 1287 2303 9
D 2588 141 2 2589 2323 2302 9
D 2587 133 3 2304 2579 179 2588 2581 9
D 2590 119 2 172 1160 177 1256
D 2586 123 3 171 2587 1247 2578 2590 9
D 2585 117 2 163 2586 1162 9
D 2592 109 2 156 1167 158 157
D 2591 107 2 1270 2592 1272 65
D 2316 111 3 1269 2317 1299 2585 2591 9
D 1318 101 3 1261 1319 139 2316 1264 9
D 2593 89 2 137 1303 128 65
D 1317 95 2 1266 1318 2593 9
D 2597 85 2 122 121 120 65
D 2596 83 2 123 2597 118 65
D 2595 81 2 124 2596 116 1176
D 2594 79 2 125 2595 114 1175
D 1232 87 4 1233 1234 113 1304 1313 1317 2594 9
D 1231 77 2 105 1232 1179 9
D 2599 63 2 94 103 92 9
D 2600 63 2 94 93 92 65
D 2598 65 2 2599 1229 2600 9
D 2609 121 2 174 175 176 1161
D 2608 119 2 177 2609 172 9
D 2607 123 2 2608 2578 2583 9
D 2606 117 2 163 2607 1162 9
D 2605 111 3 1299 2585 1269 2606 2591 9
D 2604 101 2 139 2605 1168 9
D 2603 95 2 1266 2604 2593 9
D 2611 81 2 124 2596 116 65
D 2610 79 2 125 2611 114 65
D 2602 87 2 1313 2603 2610 9
D 2601 77 2 105 2602 1179 9
D 2614 69 2 100 1185 98 9
D 2613 67 2 96 2614 101 9
D 2612 65 2 2599 2613 2600 9
D 2620 117 3 163 2312 1275 2318 1295 9
D 2619 111 2 1269 2620 1297 9
D 2618 101 3 139 2619 1261 1319 1264 9
D 2617 95 2 1266 2618 2593 9
D 2616 87 4 1233 1234 113 1304 1313 2617 2594 9
D 2615 77 2 105 2616 1179 9
D 2623 69 2 100 1185 98 65
D 2622 67 2 101 2623 96 65
D 2625 69 2 100 99 98 65
D 2624 67 2 96 2625 101 2623
D 2626 63 2 92 103 94 93
D 2621 65 3 91 2622 2599 2624 2626 65
D 1227 71 4 1228 1231 2598 2601 2612 2615 2621 9
D 1226 61 2 79 1227 1186 9
D 2629 57 2 87 83 82 9
D 2628 55 2 80 2629 88 9
D 2632 63 2 94 103 92 93
D 2631 65 2 2632 1229 2626 9
D 2633 65 2 2632 2622 2626 65
D 2630 71 2 2631 2601 2633 9
D 2635 65 3 2599 2613 91 1229 2626 9
D 2637 67 2 96 2625 101 65
D 2636 65 3 2599 2637 91 2622 2626 65
D 2634 71 2 2635 2615 2636 9
D 2640 59 2 84 1189 86 85
D 2639 57 2 87 2640 82 65
D 2638 55 2 80 2639 88 65
D 2627 61 3 2628 2630 1194 2634 2638 9
D 2642 51 2 75 1203 73 9
D 2641 49 2 68 2642 76 9
D 2643 61 2 79 2630 1186 9
D 2644 49 2 1191 2642 1192 9
D 2648 73 2 111 107 106 9
D 2649 73 2 111 1180 106 65
D 2647 77 2 2648 2602 2649 9
D 2646 71 2 2631 2647 2633 9
D 2651 57 2 87 1188 82 65
D 2650 55 2 80 2651 88 65
D 2645 61 2 2628 2646 2650 9
D 2653 51 2 75 74 73 1203
D 2652 49 2 1201 2653 1204 65
D 1225 53 5 67 1226 1190 2627 2641 2643 2644 2645 2652 9
D 2654 41 2 1218 57 1222 9
D 2660 75 2 110 1181 108 9
D 2659 73 2 111 2660 106 9
D 2673 159 2 230 1144 228 9
D 2672 157 2 231 2673 226 9
D 2706 523 2 806 2407 885 65
D 2705 563 2 2481 2482 2706 9
D 2704 517 2 2369 2705 2409 9
D 2703 489 2 749 2704 1037 9
D 2702 485 2 1855 2703 2434 9
D 2701 447 2 672 2702 1045 9
D 2709 437 2 662 1051 657 65
D 2708 435 2 1503 2709 1520 65
D 2707 413 2 611 2708 668 65
D 2700 441 2 2364 2701 2707 9
D 2699 407 2 599 2700 1053 9
D 2698 399 2 573 2699 1057 9
D 2697 383 2 565 2698 1062 9
D 2696 377 2 2356 2697 2453 9
D 2695 367 2 539 2696 1070 9
D 2694 359 2 528 2695 1073 9
D 2693 351 2 516 2694 1077 9
D 2692 343 2 2034 2693 2058 9
D 2691 331 2 488 2692 1083 9
D 2690 325 2 1418 2691 2027 9
D 2689 309 2 452 2690 1089 9
D 2688 303 2 1407 2689 2487 9
D 2687 289 2 2081 2688 2112 9
D 2686 277 2 395 2687 1100 9
D 2685 267 2 390 2686 1104 9
D 2684 263 2 375 2685 1106 9
D 2683 253 2 363 2684 1110 9
D 2682 245 2 361 2683 1113 9
D 2681 243 2 356 2682 1114 9
D 2680 239 2 348 2681 1116 9
D 2710 213 2 305 2161 344 65
D 2679 233 2 2152 2680 2710 9
D 2678 207 2 2184 2679 2505 9
D 2677 185 2 251 2678 1131 9
D 2676 175 2 240 2677 1135 9
D 2675 167 2 238 2676 1139 9
D 2674 165 2 233 2675 1140 9
D 2711 157 2 226 2673 231 9
D 2743 563 2 2374 2480 2406 9
D 2742 517 2 2369 2743 2409 9
D 2741 489 4 749 2742 1741 2410 1802 2422 1841 2433
D 2740 485 2 1855 2741 2434 9
D 2739 447 2 672 2740 1045 9
D 2738 441 3 2364 2739 2436 2442 2443 9
D 2737 407 2 599 2738 1053 9
D 2736 399 3 573 2737 2446 2448 2451 9
D 2735 383 2 565 2736 1062 9
D 2734 377 2 2356 2735 2453 9
D 2733 367 2 539 2734 1070 9
D 2732 359 2 528 2733 1073 9
D 2731 351 4 516 2732 2054 2466 2008 2353 2484 9
D 2730 343 3 1434 2349 2034 2731 2485 9
D 2729 331 2 488 2730 1083 9
D 2728 325 2 1418 2729 2027 9
D 2727 309 2 452 2728 1089 9
D 2726 303 2 1407 2727 2487 9
D 2725 289 2 2081 2726 2112 9
D 2724 277 2 395 2725 1100 9
D 2723 267 2 390 2724 1104 9
D 2722 263 2 375 2723 1106 9
D 2721 253 2 363 2722 1110 9
D 2720 245 2 361 2721 1113 9
D 2719 243 2 356 2720 1114 9
D 2718 239 2 348 2719 1116 9
D 2717 233 2 2152 2718 2710 9
D 2716 207 2 2184 2717 2505 9
D 2715 185 2 251 2716 1131 9
D 2714 175 2 240 2715 1135 9
D 2713 167 2 238 2714 1139 9
D 2712 165 2 233 2713 1140 9
D 2745 159 2 228 1144 230 9
D 2744 157 2 226 2745 231 9
D 2751 233 2 1361 2508 2183 9
D 2750 207 2 2184 2751 2505 9
D 2749 185 3 251 2750 2330 2333 2512 9
D 2748 175 2 240 2749 1135 9
D 2747 167 2 1139 2513 238 2748
D 2746 165 2 233 2747 1140 9
D 2753 159 2 230 229 228 65
D 2752 157 2 231 2753 226 229
D 2671 161 4 2672 2674 2711 2712 2744 2746 2752 9
D 2670 155 2 217 2671 1145 9
D 2669 149 2 1328 2670 2288 9
D 2668 141 3 2291 2323 194 2669 2302 9
D 2667 133 3 179 2668 2304 2579 2581 9
D 2666 123 3 171 2667 1247 2578 2590 9
D 2665 117 2 163 2666 1162 9
D 2664 111 3 1299 2665 1269 2606 2591 9
D 2663 101 2 139 2664 1168 9
D 2662 95 2 1266 2663 2593 9
D 2661 87 2 1313 2662 2610 9
D 2755 75 2 110 109 108 65
D 2754 73 2 111 2755 106 65
D 2658 77 2 2659 2661 2754 9
D 2657 71 3 2598 2658 1228 2647 2633 9
D 2656 61 2 2628 2657 2650 9
D 2760 75 2 110 109 108 9
D 2759 73 2 106 2760 111 9
D 2762 75 2 110 1181 108 65
D 2761 73 2 106 2762 111 65
D 2758 77 2 2759 2602 2761 9
D 2757 71 3 2598 2758 1228 2601 2633 9
D 2756 61 2 2628 2757 2650 9
D 2764 51 2 73 74 75 1203
D 2763 49 2 68 2764 76 9
D 2765 61 2 79 2757 1186 9
D 2655 53 4 2644 2656 1190 2756 2763 2765 2652 9
D 2767 43 2 58 1207 60 59
D 2766 41 2 1218 2767 1222 65
D 1216 45 3 1217 1225 2654 2655 2766 9
D 2769 31 2 41 1210 43 9
D 2768 29 2 44 2769 39 9
D 2774 77 2 2759 2616 2761 9
D 2773 71 3 2612 2774 1228 2615 2636 9
D 2772 61 2 79 2773 1186 9
D 2775 61 2 1194 2773 1197 9
D 2771 53 3 67 2772 1190 2775 1200 9
D 2776 41 2 1218 1206 1222 65
D 2770 45 2 2654 2771 2776 9
D 2778 31 2 43 42 41 9
D 2777 29 2 44 2778 39 9
D 2780 41 2 47 1221 61 9
D 2783 71 2 2635 104 2636 9
D 2782 61 2 79 2783 1186 9
D 2784 61 2 1194 2783 1197 9
D 2781 53 3 67 2782 1190 2784 1200 9
D 2786 43 2 60 59 58 65
D 2785 41 2 47 2786 61 65
D 2779 45 2 2780 2781 2785 9
D 2788 31 2 43 1210 41 42
D 2787 29 2 44 2788 39 1209
D 1215 33 4 38 1216 2768 2770 2777 2779 2787 9
D 2791 25 2 34 33 32 65
D 2790 23 2 35 2791 30 65
D 2793 25 2 32 1214 34 65
D 2792 23 2 30 2793 35 65
D 2789 21 2 36 2790 28 2792
D 26 27 3 27 37 1211 1215 2789 9
L 2795 18 190
D 2794 17 2 23 2795 25 65
D 21 19 2 22 26 2794 9
L 2796 14 191
D 19 15 2 20 21 2796 9
L 2799 12 320
D 2798 11 2 17 2799 15 9
D 2797 9 2 13 2798 18 9
D 2851 563 2 1572 2048 1732 9
D 2850 517 2 1550 2851 1738 9
D 2849 489 4 749 2850 1741 1742 1802 1803 1841 1842
D 2848 485 2 1527 2849 1844 9
D 2847 447 2 672 2848 1045 9
D 2846 441 3 1500 2847 1847 1851 1868 9
D 2845 407 3 1496 2846 1872 1873 1882 9
D 2844 399 5 1491 2845 1884 1889 1896 1904 1923 1927 1929 9
D 2843 383 2 1970 2844 1972 9
D 2842 377 3 551 2843 1941 1974 1066 9
D 2841 367 2 1992 2842 1995 9
D 2840 359 2 1996 2841 2053 9
D 2839 351 3 516 2840 2054 2056 2057 9
D 2838 343 2 2034 2839 2058 9
D 2837 331 3 488 2059 1431 2838 2060 9
D 2836 325 2 1418 2837 2027 9
D 2835 309 4 2029 2836 452 1417 2062 2064 2069 9
D 2834 303 2 2083 2835 2085 9
D 2833 289 2 2081 2834 2112 9
D 2832 277 2 2098 2833 2113 9
D 2831 267 2 390 2832 1104 9
D 2830 263 2 2142 2831 2159 9
D 2829 253 2 2139 2830 2147 9
D 2828 245 2 1113 2829 361 9
D 2827 243 2 356 2828 1114 9
D 2826 239 2 1378 2827 2150 9
D 2825 233 2 2152 2826 2710 9
D 2824 207 2 1344 2825 2166 9
D 2823 185 2 251 2824 1131 9
D 2854 173 2 247 1138 245 65
D 2853 171 2 248 2854 243 65
D 2852 169 2 241 2853 249 65
D 2822 175 2 1339 2823 2852 9
D 2821 167 2 238 2822 1139 9
D 2855 163 2 236 235 234 65
D 2820 165 2 1336 2821 2855 9
D 2861 233 2 1361 1377 2183 9
D 2860 207 2 1344 2861 2166 9
D 2859 185 3 2170 2173 251 2860 2196 9
D 2858 175 4 2199 2202 240 2210 1339 2859 2216 9
D 2857 167 2 1139 2219 238 2858
D 2856 165 4 1336 2857 233 2236 2270 2271 2285 9
D 2894 523 2 806 1733 885 65
D 2893 563 2 2050 2051 2894 9
D 2892 517 2 1550 2893 1738 9
D 2891 489 2 749 2892 1037 9
D 2890 485 2 1527 2891 1844 9
D 2889 447 2 672 2890 1045 9
D 2895 413 2 1501 2708 1524 65
D 2888 441 2 1500 2889 2895 9
D 2887 407 2 1496 2888 1957 9
D 2896 389 2 574 1937 595 65
D 2886 399 2 1491 2887 2896 9
D 2885 383 2 1970 2886 1972 9
D 2884 377 2 551 2885 1065 9
D 2883 367 2 1992 2884 1995 9
D 2882 359 2 1996 2883 2053 9
D 2881 351 2 516 2882 1077 9
D 2880 343 2 2034 2881 2058 9
D 2897 327 2 494 2061 489 65
D 2879 331 2 1431 2880 2897 9
D 2878 325 2 1418 2879 2027 9
D 2898 305 2 458 2071 453 65
D 2877 309 2 2029 2878 2898 9
D 2876 303 2 2083 2877 2085 9
D 2875 289 2 2081 2876 2112 9
D 2874 277 2 2098 2875 2113 9
D 2873 267 2 390 2874 1104 9
D 2872 263 2 2142 2873 2159 9
D 2871 253 2 2139 2872 2147 9
D 2870 245 2 1113 2871 361 9
D 2869 243 2 356 2870 1114 9
D 2868 239 2 1378 2869 2150 9
D 2867 233 2 2152 2868 2710 9
D 2866 207 2 1344 2867 2166 9
D 2865 185 2 251 2866 1131 9
D 2864 175 2 1339 2865 2852 9
D 2863 167 2 238 2864 1139 9
D 2862 165 2 1336 2863 2855 9
D 2819 161 4 2711 2820 2744 2856 2672 2862 2752 9
D 2818 155 2 1332 2819 2286 9
D 2817 149 2 1328 2818 2288 9
D 2816 141 3 194 2817 2291 2294 2302 9
D 2815 133 3 2304 2305 1323 2816 2308 9
D 2814 123 2 171 2815 1159 9
D 2813 117 3 163 2312 1275 2814 1295 9
D 2812 111 2 1299 2813 1302 9
D 2811 101 3 139 2619 1261 2812 1264 9
D 2810 95 2 1266 2811 2593 9
D 2809 87 4 1233 1234 113 1304 1313 2810 2594 9
D 2808 77 2 2659 2809 2754 9
D 2899 77 2 2648 2616 2649 9
D 2807 71 3 2612 2808 1228 2899 2636 9
D 2806 61 2 1194 2807 1197 9
D 2901 51 2 75 74 73 65
D 2900 49 2 1201 2901 1204 65
D 2805 53 3 2644 2806 2641 2772 2900 9
D 2804 45 2 2654 2805 2776 9
D 2906 77 2 2648 112 2649 9
D 2905 71 2 2635 2906 2636 9
D 2904 61 2 1194 2905 1197 9
D 2903 53 3 2644 2904 2641 2782 2900 9
D 2902 45 2 2780 2903 2785 9
D 2909 61 2 79 2634 1186 9
D 2911 71 2 2635 2899 2636 9
D 2910 61 2 1194 2911 1197 9
D 2908 53 3 2641 2909 2644 2910 2900 9
D 2912 41 2 1218 2786 1222 65
D 2907 45 2 1217 2908 2912 9
D 2803 33 4 2768 2804 2777 2902 38 2907 2787 9
D 2917 71 2 90 2906 1182 9
D 2916 61 2 1194 2917 1197 9
D 2915 53 3 2644 2916 2641 78 2900 9
D 2914 45 2 46 2915 1205 9
D 2913 33 2 38 2914 1208 9
D 2802 27 3 1211 2803 27 2913 2789 9
D 2801 19 2 22 2802 2794 9
D 2800 15 2 20 2801 2796 9
D 2919 11 2 17 16 15 2799
D 2918 9 2 13 2919 18 65
D 11 13 3 12 19 2797 2800 2918 9
L 2922 6 187
D 2921 5 2 6 2922 8 65
D 2920 3 2 4 2921 10 65
D 2 7 2 3 11 2920 9
L 2923 0 -185
D 2926 5 2 8 2922 6 9
D 2925 3 2 10 2926 4 9
D 2930 17 2 25 2795 23 9
D 2936 55 2 88 2629 80 9
D 2950 157 2 231 2753 226 65
D 2949 161 2 2672 232 2950 9
D 2948 155 2 217 2949 1145 9
D 2947 149 2 206 2948 1148 9
D 2946 141 2 194 2947 1152 9
D 2945 133 2 179 2946 1155 9
D 2944 123 2 171 2945 1159 9
D 2943 117 2 163 2944 1162 9
D 2942 111 2 147 2943 1165 9
D 2941 101 2 139 2942 1168 9
D 2940 95 2 127 2941 1171 9
D 2939 87 2 113 2940 1174 9
D 2938 77 2 2659 2939 2754 9
D 2951 65 2 2599 2622 2600 65
D 2937 71 2 2598 2938 2951 9
D 2952 55 2 88 2651 80 65
D 2935 61 2 2936 2937 2952 9
D 2955 77 2 2759 112 2761 9
D 2954 71 2 2598 2955 2951 9
D 2953 61 2 1194 2954 1197 9
D 2934 53 3 2644 2935 2641 2953 2900 9
D 2933 45 2 46 2934 1205 9
D 2932 33 2 38 2933 1208 9
D 2956 21 2 28 2792 36 65
D 2931 27 2 27 2932 2956 9
D 2957 17 2 25 24 23 65
D 2929 19 2 2930 2931 2957 9
D 2928 15 2 2796 2929 20 9
D 2959 11 2 15 2799 17 9
D 2958 9 2 18 2959 13 9
D 2966 61 2 79 2954 1186 9
D 2965 53 3 67 2966 1190 2953 1200 9
D 2964 45 2 46 2965 1205 9
D 2963 33 2 38 2964 1208 9
D 2962 27 2 27 2963 2956 9
D 2961 19 2 22 2962 2794 9
D 2960 15 2 20 2961 2796 9
D 2968 11 2 15 16 17 65
D 2969 11 2 15 2799 17 65
D 2967 9 2 18 2968 13 2969
D 2927 13 3 12 2928 2958 2960 2967 9
D 2971 5 2 8 7 6 65
D 2970 3 2 10 2971 4 65
D 2924 7 2 2925 2927 2970 9
D 0 1 2 1 2 2923 2924
