c ids of sdd nodes start at 0
c sdd nodes appear bottom-up, children before parents
c
c file syntax:
c sdd count-of-sdd-nodes
c F id-of-false-sdd-node
c T id-of-true-sdd-node
c L id-of-literal-sdd-node id-of-vtree literal
c D id-of-decomposition-sdd-node id-of-vtree number-of-elements {id-of-prime id-of-sub}*
c
sdd 2292
L 1 0 179
L 3 2 -180
L 5 4 -209
L 7 6 -210
L 9 8 343
L 13 10 22
L 14 12 -21
L 15 10 -22
F 16
D 12 11 2 13 14 15 16
L 18 14 8
L 20 16 -9
L 22 18 -42
L 23 20 41
L 24 18 42
D 21 19 2 22 23 24 16
L 25 16 9
D 19 17 2 20 21 25 16
L 26 14 -8
D 17 15 2 18 19 26 16
L 28 12 21
T 29
D 27 11 2 13 28 15 29
D 11 13 2 12 17 27 16
L 33 22 -203
L 35 24 -167
L 36 26 168
L 37 24 167
D 34 25 2 35 36 37 16
L 38 22 203
D 32 23 2 33 34 38 16
L 40 28 -358
L 42 30 357
L 44 32 -204
L 46 34 77
L 47 36 -78
L 48 34 -77
D 45 35 2 46 47 48 16
L 49 32 204
D 43 33 2 44 45 49 16
L 50 30 -357
D 41 31 2 42 43 50 16
L 51 28 358
D 39 29 2 40 41 51 16
L 54 26 -168
D 53 25 2 35 54 37 29
D 52 23 2 33 53 38 29
D 31 27 2 32 39 52 16
L 58 38 -14
L 60 40 113
L 61 42 -114
L 62 40 -113
D 59 41 2 60 61 62 16
L 63 38 14
D 57 39 2 58 59 63 16
L 66 44 94
L 68 46 -93
L 69 48 44
L 70 46 93
D 67 47 2 68 69 70 16
L 71 44 -94
D 65 45 2 66 67 71 16
L 74 50 -43
L 76 52 73
L 77 54 -74
L 78 52 -73
D 75 53 2 76 77 78 16
L 79 50 43
D 73 51 2 74 75 79 16
L 81 56 13
L 83 58 -119
L 84 60 120
L 85 58 119
D 82 59 2 83 84 85 16
L 86 56 -13
D 80 57 2 81 82 86 16
L 89 54 74
D 88 53 2 76 89 78 29
D 87 51 2 74 88 79 29
D 72 55 2 73 80 87 16
L 92 48 -44
D 91 47 2 68 92 70 29
D 90 45 2 66 91 71 29
D 64 49 2 65 72 90 16
L 95 42 114
D 94 41 2 60 95 62 29
D 93 39 2 58 94 63 29
D 56 43 2 57 64 93 16
L 101 62 -238
L 102 64 -237
L 103 62 238
D 100 63 2 101 102 103 16
L 105 66 -302
L 106 68 -236
L 107 66 302
D 104 67 2 105 106 107 16
L 109 64 237
D 108 63 2 101 109 103 29
D 99 65 2 100 104 108 16
L 112 70 317
L 113 72 316
L 114 70 -317
D 111 71 2 112 113 114 16
L 116 74 -369
L 117 76 -239
L 118 74 369
D 115 75 2 116 117 118 16
L 120 72 -316
D 119 71 2 112 120 114 29
D 110 73 2 111 115 119 16
L 123 68 236
D 122 67 2 105 123 107 29
D 121 65 2 100 122 108 29
D 98 69 2 99 110 121 16
L 126 78 386
L 127 80 -262
L 128 78 -386
D 125 79 2 126 127 128 16
L 130 82 -333
L 132 84 -334
L 135 86 -391
L 136 88 308
L 137 86 391
D 134 87 2 135 136 137 16
L 139 90 401
L 140 92 -400
L 141 90 -401
D 138 91 2 139 140 141 16
L 143 88 -308
D 142 87 2 135 143 137 29
D 133 89 2 134 138 142 16
L 144 84 334
D 131 85 2 132 133 144 16
L 145 82 333
D 129 83 2 130 131 145 16
L 147 80 262
D 146 79 2 126 147 128 29
D 124 81 2 125 129 146 16
L 151 76 239
D 150 75 2 116 151 118 29
D 149 73 2 111 150 119 29
D 148 69 2 99 149 121 29
D 97 77 2 98 124 148 16
L 158 94 -207
L 160 96 -205
L 161 98 -17
L 162 96 205
D 159 97 2 160 161 162 16
L 163 94 207
D 157 95 2 158 159 163 16
L 165 100 121
L 168 102 -124
L 169 104 123
L 170 102 124
D 167 103 2 168 169 170 16
L 171 106 -122
L 173 104 -123
D 172 103 2 168 173 170 29
D 166 105 2 167 171 172 16
L 174 100 -121
D 164 101 2 165 166 174 16
L 177 98 17
D 176 97 2 160 177 162 29
D 175 95 2 158 176 163 29
D 156 99 2 157 164 175 16
L 179 108 -347
L 181 110 208
L 182 112 206
L 183 110 -208
D 180 111 2 181 182 183 16
L 184 108 347
D 178 109 2 179 180 184 16
L 188 106 122
D 187 105 2 167 188 172 29
D 186 101 2 165 187 174 29
D 185 99 2 157 186 175 29
D 155 107 2 156 178 185 16
L 192 114 6
L 194 116 -5
L 195 118 -7
L 196 116 5
D 193 117 2 194 195 196 16
L 197 114 -6
D 191 115 2 192 193 197 16
L 199 120 377
L 201 122 -197
L 202 124 -198
L 203 122 197
D 200 123 2 201 202 203 16
L 204 120 -377
D 198 121 2 199 200 204 16
L 207 118 7
D 206 117 2 194 207 196 29
D 205 115 2 192 206 197 29
D 190 119 2 191 198 205 16
L 211 126 -1
L 212 128 -200
L 213 126 1
D 210 127 2 211 212 213 16
L 215 130 50
L 216 132 -49
L 217 130 -50
D 214 131 2 215 216 217 16
L 219 128 200
D 218 127 2 211 219 213 29
D 209 129 2 210 214 218 16
L 221 134 3
L 222 136 -4
L 223 134 -3
L 224 136 4
D 220 135 2 221 222 223 224
L 227 132 49
D 226 131 2 215 227 217 29
D 225 129 2 210 226 218 29
D 208 133 2 209 220 225 16
L 231 124 198
D 230 123 2 201 231 203 29
D 229 121 2 199 230 204 29
D 228 119 2 191 229 205 29
D 189 125 2 190 208 228 16
L 235 112 -206
D 234 111 2 181 235 183 29
D 233 109 2 179 234 184 29
D 232 107 2 156 233 185 29
D 154 113 2 155 189 232 16
L 239 138 -272
L 241 140 -201
L 243 142 90
L 244 144 -89
L 245 142 -90
D 242 143 2 243 244 245 16
L 246 140 201
D 240 141 2 241 242 246 16
L 247 138 272
D 238 139 2 239 240 247 16
L 251 146 226
L 252 148 -271
L 253 146 -226
D 250 147 2 251 252 253 16
L 255 150 -161
L 256 152 162
L 257 150 161
D 254 151 2 255 256 257 16
L 259 148 271
D 258 147 2 251 259 253 29
D 249 149 2 250 254 258 16
L 262 154 227
L 263 156 -412
L 264 154 -227
D 261 155 2 262 263 264 16
L 266 158 -61
L 267 160 62
L 268 158 61
D 265 159 2 266 267 268 16
L 270 156 412
D 269 155 2 262 270 264 29
D 260 157 2 261 265 269 16
L 273 152 -162
D 272 151 2 255 273 257 29
D 271 149 2 250 272 258 29
D 248 153 2 249 260 271 16
L 277 144 89
D 276 143 2 243 277 245 29
D 275 141 2 241 276 246 29
D 274 139 2 239 275 247 29
D 237 145 2 238 248 274 16
L 281 162 224
L 282 164 223
L 283 162 -224
D 280 163 2 281 282 283 16
L 286 166 -295
L 288 168 165
L 289 170 -166
L 290 168 -165
D 287 169 2 288 289 290 16
L 291 166 295
D 285 167 2 286 287 291 16
L 293 172 -266
L 295 174 -109
L 296 176 110
L 297 174 109
D 294 175 2 295 296 297 16
L 298 172 266
D 292 173 2 293 294 298 16
L 301 170 166
D 300 169 2 288 301 290 29
D 299 167 2 286 300 291 29
D 284 171 2 285 292 299 16
L 303 164 -223
D 302 163 2 281 303 283 29
D 279 165 2 280 284 302 16
L 307 178 -199
L 309 180 85
L 310 182 -86
L 311 180 -85
D 308 181 2 309 310 311 16
L 312 178 199
D 306 179 2 307 308 312 16
L 314 184 51
L 315 186 -52
L 316 184 -51
D 313 185 2 314 315 316 16
L 319 182 86
D 318 181 2 309 319 311 29
D 317 179 2 307 318 312 29
D 305 183 2 306 313 317 16
L 324 188 82
L 325 190 -81
L 326 188 -82
D 323 189 2 324 325 326 16
L 328 192 -72
L 329 194 71
L 330 192 72
D 327 193 2 328 329 330 16
L 332 190 81
D 331 189 2 324 332 326 29
D 322 191 2 323 327 331 16
L 334 196 -376
L 336 198 -59
L 337 200 60
L 338 198 59
D 335 199 2 336 337 338 16
L 339 196 376
D 333 197 2 334 335 339 16
L 342 194 -71
D 341 193 2 328 342 330 29
D 340 191 2 323 341 331 29
D 321 195 2 322 333 340 16
L 345 202 315
L 347 204 314
L 348 206 214
L 349 204 -314
D 346 205 2 347 348 349 16
L 350 202 -315
D 344 203 2 345 346 350 16
L 353 208 18
L 354 210 -37
L 355 208 -18
D 352 209 2 353 354 355 16
L 358 212 38
L 360 214 45
L 361 216 -46
L 362 214 -45
D 359 215 2 360 361 362 16
L 363 212 -38
D 357 213 2 358 359 363 16
L 365 218 83
L 366 220 -84
L 367 218 -83
D 364 219 2 365 366 367 16
L 370 216 46
D 369 215 2 360 370 362 29
D 368 213 2 358 369 363 29
D 356 217 2 357 364 368 16
L 372 210 37
D 371 209 2 353 372 355 16
D 374 213 2 363 359 358 16
D 375 213 2 363 369 358 29
D 373 217 2 374 364 375 16
D 351 211 3 352 356 371 373 355 16
L 378 206 -214
D 377 205 2 347 378 349 29
D 376 203 2 345 377 350 29
D 343 207 2 344 351 376 16
L 382 200 -60
D 381 199 2 336 382 338 29
D 380 197 2 334 381 339 29
D 379 195 2 322 380 340 29
D 320 201 2 321 343 379 16
L 385 186 52
D 384 185 2 314 385 316 29
D 383 183 2 306 384 317 29
D 304 187 2 305 320 383 16
L 390 176 -110
D 389 175 2 295 390 297 29
D 388 173 2 293 389 298 29
D 387 171 2 285 388 299 29
D 386 165 2 280 387 302 29
D 278 177 2 279 304 386 16
L 395 160 -62
D 394 159 2 266 395 268 29
D 393 157 2 261 394 269 29
D 392 153 2 249 393 271 29
D 391 145 2 238 392 274 29
D 236 161 2 237 278 391 16
D 399 135 2 223 222 221 224
D 398 133 2 209 399 225 29
D 397 125 2 190 398 228 29
D 396 113 2 155 397 232 29
D 153 137 2 154 236 396 16
L 406 222 212
L 408 224 -211
L 409 226 -213
L 410 224 211
D 407 225 2 408 409 410 16
L 411 222 -212
D 405 223 2 406 407 411 16
L 413 228 -284
L 415 230 256
L 416 232 -283
L 417 230 -256
D 414 231 2 415 416 417 16
L 418 228 284
D 412 229 2 413 414 418 16
L 421 226 213
D 420 225 2 408 421 410 29
D 419 223 2 406 420 411 29
D 404 227 2 405 412 419 16
L 424 234 -255
L 426 236 11
L 429 238 -12
L 430 240 -10
L 431 238 12
D 428 239 2 429 430 431 16
L 433 242 102
L 434 244 -101
L 435 242 -102
D 432 243 2 433 434 435 16
L 437 240 10
D 436 239 2 429 437 431 29
D 427 241 2 428 432 436 16
L 438 236 -11
D 425 237 2 426 427 438 16
L 439 234 255
D 423 235 2 424 425 439 16
L 442 246 2
L 444 248 155
L 445 250 -156
L 446 248 -155
D 443 249 2 444 445 446 16
L 447 246 -2
D 441 247 2 442 443 447 16
L 449 252 151
L 450 254 -152
L 451 252 -151
D 448 253 2 449 450 451 16
L 454 250 156
D 453 249 2 444 454 446 29
D 452 247 2 442 453 447 29
D 440 251 2 441 448 452 16
L 459 244 101
D 458 243 2 433 459 435 29
D 457 241 2 428 458 436 29
D 456 237 2 426 457 438 29
D 455 235 2 424 456 439 29
D 422 245 2 423 440 455 16
L 463 232 283
D 462 231 2 415 463 417 29
D 461 229 2 413 462 418 29
D 460 227 2 405 461 419 29
D 403 233 2 404 422 460 16
L 466 256 -382
L 468 258 29
L 470 260 104
L 471 262 -103
L 472 260 -104
D 469 261 2 470 471 472 16
L 473 258 -29
D 467 259 2 468 469 473 16
L 474 256 382
D 465 257 2 466 467 474 16
L 476 264 -375
L 478 266 327
L 479 268 313
L 480 266 -327
D 477 267 2 478 479 480 16
L 481 264 375
D 475 265 2 476 477 481 16
L 485 262 103
D 484 261 2 470 485 472 29
D 483 259 2 468 484 473 29
D 482 257 2 466 483 474 29
D 464 263 2 465 475 482 16
L 490 254 152
D 489 253 2 449 490 451 29
D 488 251 2 441 489 452 29
D 487 245 2 423 488 455 29
D 486 233 2 404 487 460 29
D 402 255 2 403 464 486 16
L 496 270 -125
L 497 272 126
L 498 270 125
D 495 271 2 496 497 498 16
L 501 274 -251
L 503 276 87
L 504 278 -88
L 505 276 -87
D 502 277 2 503 504 505 16
L 506 274 251
D 500 275 2 501 502 506 16
L 510 280 -150
L 511 282 149
L 512 280 150
D 509 281 2 510 511 512 16
L 513 284 -250
L 515 282 -149
D 514 281 2 510 515 512 29
D 508 283 2 509 513 514 16
L 517 286 -53
L 518 288 54
L 519 286 53
D 516 287 2 517 518 519 16
L 521 284 250
D 520 283 2 509 521 514 29
D 507 285 2 508 516 520 16
L 524 278 88
D 523 277 2 503 524 505 29
D 522 275 2 501 523 506 29
D 499 279 2 500 507 522 16
L 526 272 -126
D 525 271 2 496 526 498 29
D 494 273 2 495 499 525 16
L 529 290 -265
L 530 292 279
L 531 290 265
D 528 291 2 529 530 531 16
L 534 294 365
L 535 296 278
L 536 294 -365
D 533 295 2 534 535 536 16
L 537 298 -296
L 539 296 -278
D 538 295 2 534 539 536 29
D 532 297 2 533 537 538 16
L 541 292 -279
D 540 291 2 529 541 531 29
D 527 293 2 528 532 540 16
L 546 288 -54
D 545 287 2 517 546 519 29
D 544 285 2 508 545 520 29
D 543 279 2 500 544 522 29
D 542 273 2 495 543 525 29
D 493 289 2 494 527 542 16
L 551 300 311
L 553 302 362
L 555 304 309
L 556 306 -310
L 557 304 -309
D 554 305 2 555 556 557 16
L 558 302 -362
D 552 303 2 553 554 558 16
L 559 300 -311
D 550 301 2 551 552 559 16
L 562 308 -392
L 564 310 389
L 565 312 -273
L 566 310 -389
D 563 311 2 564 565 566 16
L 567 308 392
D 561 309 2 562 563 567 16
L 569 314 -361
L 571 316 363
L 572 318 393
L 573 316 -363
D 570 317 2 571 572 573 16
L 574 314 361
D 568 315 2 569 570 574 16
L 577 312 273
D 576 311 2 564 577 566 29
D 575 309 2 562 576 567 29
D 560 313 2 561 568 575 16
L 581 306 310
D 580 305 2 555 581 557 29
D 579 303 2 553 580 558 29
D 578 301 2 551 579 559 29
D 549 307 2 550 560 578 16
L 586 320 -370
L 587 322 -248
L 588 320 370
D 585 321 2 586 587 588 16
L 590 324 -249
L 591 326 -247
L 592 324 249
D 589 325 2 590 591 592 16
L 594 322 248
D 593 321 2 586 594 588 29
D 584 323 2 585 589 593 16
L 597 328 -337
L 598 330 388
L 599 328 337
D 596 329 2 597 598 599 16
L 601 332 20
L 602 334 -19
L 603 332 -20
L 604 334 19
D 600 333 2 601 602 603 604
L 606 330 -388
D 605 329 2 597 606 599 29
D 595 331 2 596 600 605 16
L 609 326 247
D 608 325 2 590 609 592 29
D 607 323 2 585 608 593 29
D 583 327 2 584 595 607 16
L 612 336 -263
L 614 338 -338
L 615 340 -339
L 616 338 338
D 613 339 2 614 615 616 16
L 617 336 263
D 611 337 2 612 613 617 16
L 620 342 95
L 621 344 -96
L 622 342 -95
D 619 343 2 620 621 622 16
L 624 346 -177
L 625 348 178
L 626 346 177
D 623 347 2 624 625 626 16
L 628 344 96
D 627 343 2 620 628 622 29
D 618 345 2 619 623 627 16
L 631 340 339
D 630 339 2 614 631 616 29
D 629 337 2 612 630 617 29
D 610 341 2 611 618 629 16
D 634 333 2 603 602 601 604
D 633 331 2 596 634 605 29
D 632 327 2 584 633 607 29
D 582 335 2 583 610 632 16
L 639 318 -393
D 638 317 2 571 639 573 29
D 637 315 2 569 638 574 29
D 636 313 2 561 637 575 29
D 635 307 2 550 636 578 29
D 548 319 2 549 582 635 16
L 645 350 -234
L 646 352 -232
L 647 350 234
D 644 351 2 645 646 647 16
L 648 354 301
L 650 352 232
D 649 351 2 645 650 647 29
D 643 353 2 644 648 649 16
L 653 356 -394
L 654 358 -215
L 655 356 394
D 652 357 2 653 654 655 16
L 658 360 128
L 659 362 -127
L 660 360 -128
D 657 361 2 658 659 660 16
L 661 364 395
L 663 362 127
D 662 361 2 658 663 660 29
D 656 363 2 657 661 662 16
L 665 358 215
D 664 357 2 653 665 655 29
D 651 359 2 652 656 664 16
L 667 354 -301
D 666 353 2 644 667 649 29
D 642 355 2 643 651 666 16
L 670 366 -356
L 672 368 -235
L 673 370 233
L 674 368 235
D 671 369 2 672 673 674 16
L 675 366 356
D 669 367 2 670 671 675 16
L 680 372 -91
L 681 374 92
L 682 372 91
D 679 373 2 680 681 682 16
L 683 376 -131
L 685 374 -92
D 684 373 2 680 685 682 29
D 678 375 2 679 683 684 16
L 687 378 132
L 689 380 170
L 690 382 -169
L 691 380 -170
D 688 381 2 689 690 691 16
L 692 378 -132
D 686 379 2 687 688 692 16
L 694 376 131
D 693 375 2 679 694 684 29
D 677 377 2 678 686 693 16
L 698 384 158
L 699 386 -157
L 700 384 -158
D 697 385 2 698 699 700 16
L 701 388 346
L 703 386 157
D 702 385 2 698 703 700 29
D 696 387 2 697 701 702 16
L 705 390 -410
L 707 392 -216
L 708 394 -222
L 709 392 216
D 706 393 2 707 708 709 16
L 710 390 410
D 704 391 2 705 706 710 16
L 712 388 -346
D 711 387 2 697 712 702 29
D 695 389 2 696 704 711 16
L 716 382 169
D 715 381 2 689 716 691 29
D 714 379 2 687 715 692 29
D 713 377 2 678 714 693 29
D 676 383 2 677 695 713 16
L 719 370 -233
D 718 369 2 672 719 674 29
D 717 367 2 670 718 675 29
D 668 371 2 669 676 717 16
L 723 364 -395
D 722 363 2 657 723 662 29
D 721 359 2 652 722 664 29
D 720 355 2 643 721 666 29
D 641 365 2 642 668 720 16
L 727 396 39
L 728 398 -40
L 729 396 -39
D 726 397 2 727 728 729 16
L 732 400 -15
L 734 402 107
L 735 404 -108
L 736 402 -107
D 733 403 2 734 735 736 16
L 737 400 15
D 731 401 2 732 733 737 16
L 740 406 -144
L 741 408 143
L 742 406 144
D 739 407 2 740 741 742 16
L 744 410 -55
L 745 412 56
L 746 410 55
D 743 411 2 744 745 746 16
L 748 408 -143
D 747 407 2 740 748 742 29
D 738 409 2 739 743 747 16
L 751 404 108
D 750 403 2 734 751 736 29
D 749 401 2 732 750 737 29
D 730 405 2 731 738 749 16
L 753 398 40
D 752 397 2 727 753 729 29
D 725 399 2 726 730 752 16
L 756 414 -350
L 760 416 349
L 761 418 -292
L 762 416 -349
D 759 417 2 760 761 762 16
L 763 420 294
L 765 418 292
D 764 417 2 760 765 762 29
D 758 419 2 759 763 764 16
L 767 422 -253
L 769 424 293
L 771 426 -252
L 772 428 -254
L 773 426 252
D 770 427 2 771 772 773 16
L 774 424 -293
D 768 425 2 769 770 774 16
L 775 422 253
D 766 423 2 767 768 775 16
L 777 420 -294
D 776 419 2 759 777 764 29
D 757 421 2 758 766 776 16
L 778 414 350
D 755 415 2 756 757 778 16
L 783 430 231
L 785 432 134
L 786 434 -133
L 787 432 -134
D 784 433 2 785 786 787 16
L 788 430 -231
D 782 431 2 783 784 788 16
L 789 436 230
L 792 434 133
D 791 433 2 785 792 787 29
D 790 431 2 783 791 788 29
D 781 435 2 782 789 790 16
L 794 438 -383
L 796 440 -268
L 798 442 -242
L 799 444 384
L 800 442 242
D 797 443 2 798 799 800 16
L 801 440 268
D 795 441 2 796 797 801 16
L 802 438 383
D 793 439 2 794 795 802 16
L 804 436 -230
D 803 435 2 782 804 790 29
D 780 437 2 781 793 803 16
L 806 446 396
L 809 448 -407
L 811 450 -173
L 812 452 174
L 813 450 173
D 810 451 2 811 812 813 16
L 814 448 407
D 808 449 2 809 810 814 16
L 817 454 -246
L 818 456 321
L 819 454 246
D 816 455 2 817 818 819 16
L 821 458 -379
L 822 460 312
L 823 458 379
D 820 459 2 821 822 823 16
L 825 456 -321
D 824 455 2 817 825 819 29
D 815 457 2 816 820 824 16
L 828 452 -174
D 827 451 2 811 828 813 29
D 826 449 2 809 827 814 29
D 807 453 2 808 815 826 16
L 829 446 -396
D 805 447 2 806 807 829 16
L 834 444 -384
D 833 443 2 798 834 800 29
D 832 441 2 796 833 801 29
D 831 439 2 794 832 802 29
D 830 437 2 781 831 803 29
D 779 445 2 780 805 830 16
L 840 428 254
D 839 427 2 771 840 773 29
D 838 425 2 769 839 774 29
D 837 423 2 767 838 775 29
D 836 421 2 758 837 776 29
D 835 415 2 756 836 778 29
D 754 429 2 755 779 835 16
L 845 412 -56
D 844 411 2 744 845 746 29
D 843 409 2 739 844 747 29
D 842 405 2 731 843 749 29
D 841 399 2 726 842 752 29
D 724 413 2 725 754 841 16
L 852 394 222
D 851 393 2 707 852 709 29
D 850 391 2 705 851 710 29
D 849 389 2 696 850 711 29
D 848 383 2 677 849 713 29
D 847 371 2 669 848 717 29
D 846 365 2 642 847 720 29
D 640 395 2 641 724 846 16
L 858 348 -178
D 857 347 2 624 858 626 29
D 856 345 2 619 857 627 29
D 855 341 2 611 856 629 29
D 854 335 2 583 855 632 29
D 853 319 2 549 854 635 29
D 547 349 2 548 640 853 16
L 862 298 296
D 861 297 2 533 862 538 29
D 860 293 2 528 861 540 29
D 859 289 2 494 860 542 29
D 492 299 2 493 547 859 16
L 868 462 105
L 869 464 -106
L 870 462 -105
D 867 463 2 868 869 870 16
L 871 466 -374
L 873 464 106
D 872 463 2 868 873 870 29
D 866 465 2 867 871 872 16
L 875 468 399
L 877 470 330
L 878 472 -398
L 879 470 -330
D 876 471 2 877 878 879 16
L 880 468 -399
D 874 469 2 875 876 880 16
L 882 466 374
D 881 465 2 867 882 872 29
D 865 467 2 866 874 881 16
L 885 474 16
L 886 476 -298
L 887 474 -16
D 884 475 2 885 886 887 16
L 890 478 297
L 892 480 112
L 893 482 -111
L 894 480 -112
D 891 481 2 892 893 894 16
L 895 478 -297
D 889 479 2 890 891 895 16
L 898 484 -146
L 899 486 145
L 900 484 146
D 897 485 2 898 899 900 16
L 903 488 154
L 904 490 -153
L 905 488 -154
D 902 489 2 903 904 905 16
L 907 492 -99
L 908 494 100
L 909 492 99
D 906 493 2 907 908 909 16
L 911 490 153
D 910 489 2 903 911 905 29
D 901 491 2 902 906 910 16
L 913 486 -145
D 912 485 2 898 913 900 29
D 896 487 2 897 901 912 16
L 916 482 111
D 915 481 2 892 916 894 29
D 914 479 2 890 915 895 29
D 888 483 2 889 896 914 16
L 918 476 298
D 917 475 2 885 918 887 29
D 883 477 2 884 888 917 16
L 922 472 398
D 921 471 2 877 922 879 29
D 920 469 2 875 921 880 29
D 919 467 2 866 920 881 29
D 864 473 2 865 883 919 16
L 927 496 305
L 928 498 -280
L 929 496 -305
D 926 497 2 927 928 929 16
L 932 500 -348
L 933 502 -264
L 934 500 348
D 931 501 2 932 933 934 16
L 935 504 -281
L 937 502 264
D 936 501 2 932 937 934 29
D 930 503 2 931 935 936 16
L 939 498 280
D 938 497 2 927 939 929 29
D 925 499 2 926 930 938 16
L 943 506 336
L 944 508 -360
L 945 506 -336
D 942 507 2 943 944 945 16
L 947 510 304
L 948 512 364
L 949 510 -304
D 946 511 2 947 948 949 16
L 951 508 360
D 950 507 2 943 951 945 29
D 941 509 2 942 946 950 16
L 954 514 -387
L 955 516 -225
L 956 514 387
D 953 515 2 954 955 956 16
L 958 518 -368
L 959 520 335
L 960 518 368
D 957 519 2 958 959 960 16
L 962 516 225
D 961 515 2 954 962 956 29
D 952 517 2 953 957 961 16
L 965 512 -364
D 964 511 2 947 965 949 29
D 963 509 2 942 964 950 29
D 940 513 2 941 952 963 16
L 968 504 281
D 967 503 2 931 968 936 29
D 966 499 2 926 967 938 29
D 924 505 2 925 940 966 16
L 971 522 245
L 974 524 -228
L 976 526 229
L 977 528 -291
L 978 526 -229
D 975 527 2 976 977 978 16
L 979 524 228
D 973 525 2 974 975 979 16
L 981 530 -244
L 982 532 -243
L 983 530 244
D 980 531 2 981 982 983 16
L 986 528 291
D 985 527 2 976 986 978 29
D 984 525 2 974 985 979 29
D 972 529 2 973 980 984 16
L 987 522 -245
D 970 523 2 971 972 987 16
L 989 534 -218
L 991 536 359
L 994 538 -409
L 995 540 -217
L 996 538 409
D 993 539 2 994 995 996 16
L 997 542 -408
L 999 540 217
D 998 539 2 994 999 996 29
D 992 541 2 993 997 998 16
L 1000 536 -359
D 990 537 2 991 992 1000 16
L 1001 534 218
D 988 535 2 989 990 1001 16
L 1005 532 243
D 1004 531 2 981 1005 983 29
D 1003 529 2 973 1004 984 29
D 1002 523 2 971 1003 987 29
D 969 533 2 970 988 1002 16
L 1010 520 -335
D 1009 519 2 958 1010 960 29
D 1008 517 2 953 1009 961 29
D 1007 513 2 941 1008 963 29
D 1006 505 2 925 1007 966 29
D 923 521 2 924 969 1006 16
L 1017 494 -100
D 1016 493 2 907 1017 909 29
D 1015 491 2 902 1016 910 29
D 1014 487 2 897 1015 912 29
D 1013 483 2 889 1014 914 29
D 1012 477 2 884 1013 917 29
D 1011 473 2 865 1012 919 29
D 863 495 2 864 923 1011 16
L 1028 460 -312
D 1027 459 2 821 1028 823 29
D 1026 457 2 816 1027 824 29
D 1025 453 2 808 1026 826 29
D 1024 447 2 806 1025 829 29
D 1023 445 2 780 1024 830 29
D 1022 429 2 755 1023 835 29
D 1021 413 2 725 1022 841 29
D 1020 395 2 641 1021 846 29
D 1019 349 2 548 1020 853 29
D 1018 299 2 493 1019 859 29
D 491 461 2 492 863 1018 16
L 1033 268 -313
D 1032 267 2 478 1033 480 29
D 1031 265 2 476 1032 481 29
D 1030 263 2 465 1031 482 29
D 1029 255 2 403 1030 486 29
D 401 269 2 402 491 1029 16
L 1039 544 -385
L 1041 546 331
L 1042 548 -415
L 1043 546 -331
D 1040 547 2 1041 1042 1043 16
L 1044 544 385
D 1038 545 2 1039 1040 1044 16
L 1046 550 -261
L 1048 552 -142
L 1049 554 141
L 1050 552 142
D 1047 553 2 1048 1049 1050 16
L 1051 550 261
D 1045 551 2 1046 1047 1051 16
L 1054 548 415
D 1053 547 2 1041 1054 1043 29
D 1052 545 2 1039 1053 1044 29
D 1037 549 2 1038 1045 1052 16
L 1057 556 -345
L 1059 558 -241
L 1060 560 -416
L 1061 558 241
D 1058 559 2 1059 1060 1061 16
L 1062 556 345
D 1056 557 2 1057 1058 1062 16
L 1065 562 354
L 1066 564 -260
L 1067 562 -354
D 1064 563 2 1065 1066 1067 16
L 1069 566 332
L 1071 568 -257
L 1072 570 -240
L 1073 568 257
D 1070 569 2 1071 1072 1073 16
L 1074 566 -332
D 1068 567 2 1069 1070 1074 16
L 1076 564 260
D 1075 563 2 1065 1076 1067 29
D 1063 565 2 1064 1068 1075 16
L 1079 560 416
D 1078 559 2 1059 1079 1061 29
D 1077 557 2 1057 1078 1062 29
D 1055 561 2 1056 1063 1077 16
L 1083 554 -141
D 1082 553 2 1048 1083 1050 29
D 1081 551 2 1046 1082 1051 29
D 1080 549 2 1038 1081 1052 29
D 1036 555 2 1037 1055 1080 16
L 1089 572 192
L 1090 574 -191
L 1091 572 -192
D 1088 573 2 1089 1090 1091 16
L 1094 576 -175
L 1095 578 176
L 1096 576 175
D 1093 577 2 1094 1095 1096 16
L 1099 580 -380
L 1100 582 138
L 1101 580 380
D 1098 581 2 1099 1100 1101 16
L 1102 584 -137
L 1104 582 -138
D 1103 581 2 1099 1104 1101 29
D 1097 583 2 1098 1102 1103 16
L 1106 578 -176
D 1105 577 2 1094 1106 1096 29
D 1092 579 2 1093 1097 1105 16
L 1108 574 191
D 1107 573 2 1089 1108 1091 29
D 1087 575 2 1088 1092 1107 16
L 1110 586 25
L 1113 588 27
L 1114 590 -28
L 1115 588 -27
D 1112 589 2 1113 1114 1115 16
L 1117 592 -26
L 1119 594 -68
L 1120 596 67
L 1121 594 68
D 1118 595 2 1119 1120 1121 16
L 1122 592 26
D 1116 593 2 1117 1118 1122 16
L 1124 590 28
D 1123 589 2 1113 1124 1115 29
D 1111 591 2 1112 1116 1123 16
L 1125 586 -25
D 1109 587 2 1110 1111 1125 16
L 1129 584 137
D 1128 583 2 1098 1129 1103 29
D 1127 579 2 1093 1128 1105 29
D 1126 575 2 1088 1127 1107 29
D 1086 585 2 1087 1109 1126 16
L 1134 598 140
L 1135 600 -139
L 1136 598 -140
D 1133 599 2 1134 1135 1136 16
L 1138 602 64
L 1140 604 -355
L 1141 606 -63
L 1142 604 355
D 1139 605 2 1140 1141 1142 16
L 1143 602 -64
D 1137 603 2 1138 1139 1143 16
L 1145 600 139
D 1144 599 2 1134 1145 1136 29
D 1132 601 2 1133 1137 1144 16
L 1148 608 404
L 1149 610 -403
L 1150 608 -404
D 1147 609 2 1148 1149 1150 16
L 1152 612 -406
L 1153 614 -405
L 1154 612 406
D 1151 613 2 1152 1153 1154 16
L 1156 610 403
D 1155 609 2 1148 1156 1150 29
D 1146 611 2 1147 1151 1155 16
L 1160 606 63
D 1159 605 2 1140 1160 1142 29
D 1158 603 2 1138 1159 1143 29
D 1157 601 2 1133 1158 1144 29
D 1131 607 2 1132 1146 1157 16
L 1164 616 172
L 1165 618 -171
L 1166 616 -172
D 1163 617 2 1164 1165 1166 16
L 1168 620 -187
L 1169 622 188
L 1170 620 187
D 1167 621 2 1168 1169 1170 16
L 1172 618 171
D 1171 617 2 1164 1172 1166 29
D 1162 619 2 1163 1167 1171 16
L 1176 624 -185
L 1177 626 186
L 1178 624 185
D 1175 625 2 1176 1177 1178 16
L 1180 628 164
L 1181 630 -163
L 1182 628 -164
D 1179 629 2 1180 1181 1182 16
L 1184 626 -186
D 1183 625 2 1176 1184 1178 29
D 1174 627 2 1175 1179 1183 16
L 1186 632 -195
L 1187 634 196
L 1188 632 195
D 1185 633 2 1186 1187 1188 16
L 1191 630 163
D 1190 629 2 1180 1191 1182 29
D 1189 627 2 1175 1190 1183 29
D 1173 631 2 1174 1185 1189 16
L 1194 622 -188
D 1193 621 2 1168 1194 1170 29
D 1192 619 2 1163 1193 1171 29
D 1161 623 2 1162 1173 1192 16
L 1198 614 405
D 1197 613 2 1152 1198 1154 29
D 1196 611 2 1147 1197 1155 29
D 1195 607 2 1132 1196 1157 29
D 1130 615 2 1131 1161 1195 16
L 1204 596 -67
D 1203 595 2 1119 1204 1121 29
D 1202 593 2 1117 1203 1122 29
D 1201 591 2 1112 1202 1123 29
D 1200 587 2 1110 1201 1125 29
D 1199 585 2 1087 1200 1126 29
D 1085 597 2 1086 1130 1199 16
L 1208 636 -259
L 1210 638 -258
L 1211 640 290
L 1212 638 258
D 1209 639 2 1210 1211 1212 16
L 1213 636 259
D 1207 637 2 1208 1209 1213 16
L 1216 642 344
L 1217 644 202
L 1218 642 -344
D 1215 643 2 1216 1217 1218 16
L 1220 646 351
L 1222 648 299
L 1223 650 -277
L 1224 648 -299
D 1221 649 2 1222 1223 1224 16
L 1225 646 -351
D 1219 647 2 1220 1221 1225 16
L 1227 644 -202
D 1226 643 2 1216 1227 1218 29
D 1214 645 2 1215 1219 1226 16
L 1230 640 -290
D 1229 639 2 1210 1230 1212 29
D 1228 637 2 1208 1229 1213 29
D 1206 641 2 1207 1214 1228 16
L 1234 652 -34
L 1236 654 33
L 1238 656 -57
L 1239 658 58
L 1240 656 57
D 1237 657 2 1238 1239 1240 16
L 1241 654 -33
D 1235 655 2 1236 1237 1241 16
L 1242 652 34
D 1233 653 2 1234 1235 1242 16
L 1245 660 75
L 1246 662 -76
L 1247 660 -75
D 1244 661 2 1245 1246 1247 16
L 1249 664 65
L 1250 666 -66
L 1251 664 -65
D 1248 665 2 1249 1250 1251 16
L 1253 662 76
D 1252 661 2 1245 1253 1247 29
D 1243 663 2 1244 1248 1252 16
L 1257 658 -58
D 1256 657 2 1238 1257 1240 29
D 1255 655 2 1236 1256 1241 29
D 1254 653 2 1234 1255 1242 29
D 1232 659 2 1233 1243 1254 16
L 1260 668 -303
L 1261 670 289
L 1262 668 303
D 1259 669 2 1260 1261 1262 16
L 1263 672 300
L 1265 670 -289
D 1264 669 2 1260 1265 1262 29
D 1258 671 2 1259 1263 1264 16
L 1269 666 66
D 1268 665 2 1249 1269 1251 29
D 1267 663 2 1244 1268 1252 29
D 1266 659 2 1233 1267 1254 29
D 1231 667 2 1232 1258 1266 16
L 1274 650 277
D 1273 649 2 1222 1274 1224 29
D 1272 647 2 1220 1273 1225 29
D 1271 645 2 1215 1272 1226 29
D 1270 641 2 1207 1271 1228 29
D 1205 651 2 1206 1231 1270 16
L 1280 634 -196
D 1279 633 2 1186 1280 1188 29
D 1278 631 2 1174 1279 1189 29
D 1277 623 2 1162 1278 1192 29
D 1276 615 2 1131 1277 1195 29
D 1275 597 2 1086 1276 1199 29
D 1084 635 2 1085 1205 1275 16
L 1286 570 240
D 1285 569 2 1071 1286 1073 29
D 1284 567 2 1069 1285 1074 29
D 1283 565 2 1064 1284 1075 29
D 1282 561 2 1056 1283 1077 29
D 1281 555 2 1037 1282 1080 29
D 1035 571 2 1036 1084 1281 16
L 1293 674 -79
L 1294 676 80
L 1295 674 79
D 1292 675 2 1293 1294 1295 16
L 1297 678 -23
L 1298 680 24
L 1299 678 23
D 1296 679 2 1297 1298 1299 16
L 1301 676 -80
D 1300 675 2 1293 1301 1295 29
D 1291 677 2 1292 1296 1300 16
L 1303 682 118
L 1304 684 -117
L 1305 682 -118
D 1302 683 2 1303 1304 1305 16
L 1308 680 -24
D 1307 679 2 1297 1308 1299 29
D 1306 677 2 1292 1307 1300 29
D 1290 681 2 1291 1302 1306 16
L 1312 686 -48
L 1313 688 47
L 1314 686 48
D 1311 687 2 1312 1313 1314 16
L 1316 690 -129
L 1317 692 130
L 1318 690 129
D 1315 691 2 1316 1317 1318 16
L 1320 688 -47
D 1319 687 2 1312 1320 1314 29
D 1310 689 2 1311 1315 1319 16
L 1322 694 98
L 1323 696 -97
L 1324 694 -98
D 1321 695 2 1322 1323 1324 16
L 1327 692 -130
D 1326 691 2 1316 1327 1318 29
D 1325 689 2 1311 1326 1319 29
D 1309 693 2 1310 1321 1325 16
L 1330 684 117
D 1329 683 2 1303 1330 1305 29
D 1328 681 2 1291 1329 1306 29
D 1289 685 2 1290 1309 1328 16
L 1334 698 282
L 1336 700 115
L 1337 702 -116
L 1338 700 -115
D 1335 701 2 1336 1337 1338 16
L 1339 698 -282
D 1333 699 2 1334 1335 1339 16
L 1342 704 -287
L 1344 706 -31
L 1345 708 32
L 1346 706 31
D 1343 707 2 1344 1345 1346 16
L 1347 704 287
D 1341 705 2 1342 1343 1347 16
L 1348 710 -288
L 1351 708 -32
D 1350 707 2 1344 1351 1346 29
D 1349 705 2 1342 1350 1347 29
D 1340 709 2 1341 1348 1349 16
L 1354 702 116
D 1353 701 2 1336 1354 1338 29
D 1352 699 2 1334 1353 1339 29
D 1332 703 2 1333 1340 1352 16
L 1357 712 342
L 1360 714 193
L 1361 716 -194
L 1362 714 -193
D 1359 715 2 1360 1361 1362 16
L 1364 718 325
L 1365 720 -402
L 1366 718 -325
D 1363 719 2 1364 1365 1366 16
L 1368 716 194
D 1367 715 2 1360 1368 1362 29
D 1358 717 2 1359 1363 1367 16
L 1369 712 -342
D 1356 713 2 1357 1358 1369 16
L 1374 722 -269
L 1375 724 326
L 1376 722 269
D 1373 723 2 1374 1375 1376 16
L 1378 726 -366
L 1379 728 367
L 1380 726 366
D 1377 727 2 1378 1379 1380 16
L 1382 724 -326
D 1381 723 2 1374 1382 1376 29
D 1372 725 2 1373 1377 1381 16
L 1384 730 -329
L 1386 732 147
L 1387 734 -148
L 1388 732 -147
D 1385 733 2 1386 1387 1388 16
L 1389 730 329
D 1383 731 2 1384 1385 1389 16
L 1392 728 -367
D 1391 727 2 1378 1392 1380 29
D 1390 725 2 1373 1391 1381 29
D 1371 729 2 1372 1383 1390 16
L 1396 736 328
L 1397 738 -397
L 1398 736 -328
D 1395 737 2 1396 1397 1398 16
L 1399 740 324
L 1401 738 397
D 1400 737 2 1396 1401 1398 29
D 1394 739 2 1395 1399 1400 16
L 1404 742 -136
L 1405 744 135
L 1406 742 136
D 1403 743 2 1404 1405 1406 16
L 1408 746 189
L 1409 748 -190
L 1410 746 -189
D 1407 747 2 1408 1409 1410 16
L 1412 744 -135
D 1411 743 2 1404 1412 1406 29
D 1402 745 2 1403 1407 1411 16
L 1414 740 -324
D 1413 739 2 1395 1414 1400 29
D 1393 741 2 1394 1402 1413 16
L 1418 734 148
D 1417 733 2 1386 1418 1388 29
D 1416 731 2 1384 1417 1389 29
D 1415 729 2 1372 1416 1390 29
D 1370 735 2 1371 1393 1415 16
L 1422 720 402
D 1421 719 2 1364 1422 1366 29
D 1420 717 2 1359 1421 1367 29
D 1419 713 2 1357 1420 1369 29
D 1355 721 2 1356 1370 1419 16
L 1425 710 288
D 1424 709 2 1341 1425 1349 29
D 1423 703 2 1333 1424 1352 29
D 1331 711 2 1332 1355 1423 16
L 1429 696 97
D 1428 695 2 1322 1429 1324 29
D 1427 693 2 1310 1428 1325 29
D 1426 685 2 1290 1427 1328 29
D 1288 697 2 1289 1331 1426 16
L 1435 750 184
L 1436 752 -183
L 1437 750 -184
D 1434 751 2 1435 1436 1437 16
L 1440 754 -159
L 1441 756 160
L 1442 754 159
D 1439 755 2 1440 1441 1442 16
L 1444 758 182
L 1445 760 -181
L 1446 758 -182
D 1443 759 2 1444 1445 1446 16
L 1448 756 -160
D 1447 755 2 1440 1448 1442 29
D 1438 757 2 1439 1443 1447 16
L 1450 752 183
D 1449 751 2 1435 1450 1437 29
D 1433 753 2 1434 1438 1449 16
L 1453 762 371
L 1454 764 -274
L 1455 762 -371
D 1452 763 2 1453 1454 1455 16
L 1457 766 307
L 1458 768 -352
L 1459 766 -307
D 1456 767 2 1457 1458 1459 16
L 1461 764 274
D 1460 763 2 1453 1461 1455 29
D 1451 765 2 1452 1456 1460 16
L 1465 760 181
D 1464 759 2 1444 1465 1446 29
D 1463 757 2 1439 1464 1447 29
D 1462 753 2 1434 1463 1449 29
D 1432 761 2 1433 1451 1462 16
L 1469 770 323
L 1471 772 322
L 1472 774 306
L 1473 772 -322
D 1470 773 2 1471 1472 1473 16
L 1474 770 -323
D 1468 771 2 1469 1470 1474 16
L 1475 776 -276
L 1478 774 -306
D 1477 773 2 1471 1478 1473 29
D 1476 771 2 1469 1477 1474 29
D 1467 775 2 1468 1475 1476 16
L 1481 778 36
L 1482 780 -381
L 1483 778 -36
D 1480 779 2 1481 1482 1483 16
L 1485 782 -30
L 1487 784 -35
L 1489 786 69
L 1490 788 -70
L 1491 786 -69
D 1488 787 2 1489 1490 1491 16
L 1492 784 35
D 1486 785 2 1487 1488 1492 16
L 1493 782 30
D 1484 783 2 1485 1486 1493 16
L 1495 780 381
D 1494 779 2 1481 1495 1483 29
D 1479 781 2 1480 1484 1494 16
L 1497 776 276
D 1496 775 2 1468 1497 1476 29
D 1466 777 2 1467 1479 1496 16
L 1501 768 352
D 1500 767 2 1457 1501 1459 29
D 1499 765 2 1452 1500 1460 29
D 1498 761 2 1433 1499 1462 29
D 1431 769 2 1432 1466 1498 16
L 1505 790 -353
L 1507 792 275
L 1509 794 -413
L 1510 796 -372
L 1511 794 413
D 1508 795 2 1509 1510 1511 16
L 1512 792 -275
D 1506 793 2 1507 1508 1512 16
L 1513 790 353
D 1504 791 2 1505 1506 1513 16
L 1516 798 219
L 1518 800 221
L 1519 802 220
L 1520 800 -221
D 1517 801 2 1518 1519 1520 16
L 1521 798 -219
D 1515 799 2 1516 1517 1521 16
L 1523 804 320
L 1526 806 -411
L 1527 808 319
L 1528 806 411
D 1525 807 2 1526 1527 1528 16
L 1529 810 -378
L 1531 808 -319
D 1530 807 2 1526 1531 1528 29
D 1524 809 2 1525 1529 1530 16
L 1532 804 -320
D 1522 805 2 1523 1524 1532 16
L 1535 802 -220
D 1534 801 2 1518 1535 1520 29
D 1533 799 2 1516 1534 1521 29
D 1514 803 2 1515 1522 1533 16
L 1539 796 372
D 1538 795 2 1509 1539 1511 29
D 1537 793 2 1507 1538 1512 29
D 1536 791 2 1505 1537 1513 29
D 1503 797 2 1504 1514 1536 16
L 1541 812 -286
L 1544 814 318
L 1545 816 -267
L 1546 814 -318
D 1543 815 2 1544 1545 1546 16
L 1549 818 -340
L 1550 820 -270
L 1551 818 340
D 1548 819 2 1549 1550 1551 16
L 1553 822 -285
L 1555 824 390
L 1557 826 373
L 1559 828 -341
L 1560 830 -414
L 1561 828 341
D 1558 829 2 1559 1560 1561 16
L 1562 826 -373
D 1556 827 2 1557 1558 1562 16
L 1563 824 -390
D 1554 825 2 1555 1556 1563 16
L 1564 822 285
D 1552 823 2 1553 1554 1564 16
L 1566 820 270
D 1565 819 2 1549 1566 1551 29
D 1547 821 2 1548 1552 1565 16
L 1568 816 267
D 1567 815 2 1544 1568 1546 29
D 1542 817 2 1543 1547 1567 16
L 1569 812 286
D 1540 813 2 1541 1542 1569 16
L 1574 810 378
D 1573 809 2 1525 1574 1530 29
D 1572 805 2 1523 1573 1532 29
D 1571 803 2 1515 1572 1533 29
D 1570 797 2 1504 1571 1536 29
D 1502 811 2 1503 1540 1570 16
L 1581 788 70
D 1580 787 2 1489 1581 1491 29
D 1579 785 2 1487 1580 1492 29
D 1578 783 2 1485 1579 1493 29
D 1577 781 2 1480 1578 1494 29
D 1576 777 2 1467 1577 1496 29
D 1575 769 2 1432 1576 1498 29
D 1430 789 2 1431 1502 1575 16
L 1589 748 190
D 1588 747 2 1408 1589 1410 29
D 1587 745 2 1403 1588 1411 29
D 1586 741 2 1394 1587 1413 29
D 1585 735 2 1371 1586 1415 29
D 1584 721 2 1356 1585 1419 29
D 1583 711 2 1332 1584 1423 29
D 1582 697 2 1289 1583 1426 29
D 1287 749 2 1288 1430 1582 16
L 1595 672 -300
D 1594 671 2 1259 1595 1264 29
D 1593 667 2 1232 1594 1266 29
D 1592 651 2 1206 1593 1270 29
D 1591 635 2 1085 1592 1275 29
D 1590 571 2 1036 1591 1281 29
D 1034 673 2 1035 1287 1590 16
L 1604 542 408
D 1603 541 2 993 1604 998 29
D 1602 537 2 991 1603 1000 29
D 1601 535 2 989 1602 1001 29
D 1600 533 2 970 1601 1002 29
D 1599 521 2 924 1600 1006 29
D 1598 495 2 864 1599 1011 29
D 1597 461 2 492 1598 1018 29
D 1596 269 2 402 1597 1029 29
D 400 543 2 401 1034 1596 16
L 1614 220 84
D 1613 219 2 365 1614 367 29
D 1612 217 2 374 1613 375 29
D 1615 217 2 357 1613 368 29
D 1611 211 3 371 1612 352 1615 355 29
D 1610 207 2 344 1611 376 29
D 1609 201 2 321 1610 379 29
D 1608 187 2 305 1609 383 29
D 1607 177 2 279 1608 386 29
D 1606 161 2 237 1607 391 29
D 1605 137 2 154 1606 396 29
D 152 221 2 153 400 1605 16
L 1622 92 400
D 1621 91 2 139 1622 141 29
D 1620 89 2 134 1621 142 29
D 1619 85 2 132 1620 144 29
D 1618 83 2 130 1619 145 29
D 1617 81 2 125 1618 146 29
D 1616 77 2 98 1617 148 29
D 96 93 2 97 152 1616 16
L 1628 60 -120
D 1627 59 2 83 1628 85 29
D 1626 57 2 81 1627 86 29
D 1625 55 2 73 1626 87 29
D 1624 49 2 65 1625 90 29
D 1623 43 2 57 1624 93 29
D 55 61 2 56 96 1623 16
D 1632 33 2 49 45 44 16
D 1631 31 2 42 1632 50 16
D 1630 29 2 40 1631 51 16
D 1629 27 2 32 1630 52 16
D 1638 59 2 85 1628 83 16
D 1637 57 2 81 1638 86 16
D 1636 55 2 73 1637 87 16
D 1635 49 2 65 1636 90 16
D 1634 43 2 57 1635 93 16
D 1647 181 2 311 319 309 16
D 1646 179 2 307 1647 312 16
D 1649 181 2 311 310 309 29
D 1648 179 2 307 1649 312 29
D 1645 183 2 1646 313 1648 16
D 1653 199 2 338 382 336 16
D 1652 197 2 334 1653 339 16
D 1651 195 2 322 1652 340 16
D 1656 205 2 347 378 349 16
D 1655 203 2 345 1656 350 16
D 1658 205 2 347 348 349 29
D 1657 203 2 345 1658 350 29
D 1654 207 2 1655 351 1657 16
D 1661 199 2 338 337 336 29
D 1660 197 2 334 1661 339 29
D 1659 195 2 322 1660 340 29
D 1650 201 2 1651 1654 1659 16
D 1662 183 2 1646 384 1648 29
D 1644 187 2 1645 1650 1662 16
D 1643 177 2 279 1644 386 16
D 1642 161 2 237 1643 391 16
D 1641 137 2 154 1642 396 16
D 1668 223 2 411 407 406 16
D 1669 223 2 411 420 406 29
D 1667 227 2 1668 412 1669 16
D 1670 227 2 1668 461 1669 29
D 1666 233 2 1667 422 1670 16
D 1671 233 2 1667 487 1670 29
D 1665 255 2 1666 464 1671 16
D 1678 287 2 519 546 517 16
D 1677 285 2 508 1678 520 16
D 1676 279 2 500 1677 522 16
D 1675 273 2 495 1676 525 16
D 1682 287 2 519 518 517 29
D 1681 285 2 508 1682 520 29
D 1680 279 2 500 1681 522 29
D 1679 273 2 495 1680 525 29
D 1674 289 2 1675 527 1679 16
D 1688 305 2 555 581 557 16
D 1687 303 2 558 1688 553 16
D 1686 301 2 559 1687 551 16
D 1691 305 2 555 556 557 29
D 1690 303 2 558 1691 553 29
D 1689 301 2 559 1690 551 29
D 1685 307 2 1686 560 1689 16
D 1695 333 2 603 604 601 16
D 1694 331 2 596 1695 605 16
D 1693 327 2 584 1694 607 16
D 1697 337 2 617 613 612 16
D 1698 337 2 617 630 612 29
D 1696 341 2 1697 618 1698 16
D 1701 333 2 603 602 601 29
D 1700 331 2 596 1701 605 29
D 1699 327 2 584 1700 607 29
D 1692 335 2 1693 1696 1699 16
D 1702 307 2 1686 636 1689 29
D 1684 319 2 1685 1692 1702 16
D 1706 367 2 675 671 670 16
D 1707 367 2 675 718 670 29
D 1705 371 2 1706 676 1707 16
D 1704 365 2 642 1705 720 16
D 1711 401 2 737 733 732 16
D 1712 401 2 737 750 732 29
D 1710 405 2 1711 738 1712 16
D 1709 399 2 726 1710 752 16
D 1716 423 2 775 768 767 16
D 1715 421 2 758 1716 776 16
D 1714 415 2 756 1715 778 16
D 1720 431 2 788 784 783 16
D 1721 431 2 788 791 783 29
D 1719 435 2 1720 804 1721 16
D 1722 435 2 1720 789 1721 29
D 1718 437 2 1719 793 1722 16
D 1723 437 2 1719 831 1722 29
D 1717 445 2 1718 805 1723 16
D 1726 423 2 775 838 767 29
D 1725 421 2 758 1726 776 29
D 1724 415 2 756 1725 778 29
D 1713 429 2 1714 1717 1724 16
D 1728 405 2 1711 843 1712 29
D 1727 399 2 726 1728 752 29
D 1708 413 2 1709 1713 1727 16
D 1730 371 2 1706 848 1707 29
D 1729 365 2 642 1730 720 29
D 1703 395 2 1704 1708 1729 16
D 1733 341 2 1697 856 1698 29
D 1732 335 2 1693 1733 1699 29
D 1731 319 2 1685 1732 1702 29
D 1683 349 2 1684 1703 1731 16
D 1734 289 2 1675 860 1679 29
D 1673 299 2 1674 1683 1734 16
D 1738 475 2 887 886 885 16
D 1740 479 2 895 891 890 16
D 1741 479 2 895 915 890 29
D 1739 483 2 1740 896 1741 16
D 1742 475 2 887 918 885 29
D 1737 477 2 1738 1739 1742 16
D 1736 473 2 865 1737 919 16
D 1748 527 2 976 986 978 16
D 1747 525 2 974 1748 979 16
D 1750 527 2 976 977 978 29
D 1749 525 2 974 1750 979 29
D 1746 529 2 1747 980 1749 16
D 1745 523 2 971 1746 987 16
D 1752 529 2 1747 1004 1749 29
D 1751 523 2 971 1752 987 29
D 1744 533 2 1745 988 1751 16
D 1743 521 2 924 1744 1006 16
D 1755 483 2 1740 1014 1741 29
D 1754 477 2 1738 1755 1742 29
D 1753 473 2 865 1754 919 29
D 1735 495 2 1736 1743 1753 16
D 1761 445 2 1718 1024 1723 29
D 1760 429 2 1714 1761 1724 29
D 1759 413 2 1709 1760 1727 29
D 1758 395 2 1704 1759 1729 29
D 1757 349 2 1684 1758 1731 29
D 1756 299 2 1674 1757 1734 29
D 1672 461 2 1673 1735 1756 16
D 1762 255 2 1666 1030 1671 29
D 1664 269 2 1665 1672 1762 16
D 1769 679 2 1299 1308 1297 16
D 1768 677 2 1292 1769 1300 16
D 1770 683 2 1305 1330 1303 16
D 1772 679 2 1299 1298 1297 29
D 1771 677 2 1292 1772 1300 29
D 1767 681 2 1768 1770 1771 16
D 1774 683 2 1305 1304 1303 29
D 1773 681 2 1768 1774 1771 29
D 1766 685 2 1767 1309 1773 16
D 1779 731 2 1389 1385 1384 16
D 1778 729 2 1372 1779 1390 16
D 1781 731 2 1389 1417 1384 29
D 1780 729 2 1372 1781 1390 29
D 1777 735 2 1778 1393 1780 16
D 1776 721 2 1356 1777 1419 16
D 1775 711 2 1332 1776 1423 16
D 1782 685 2 1767 1427 1773 29
D 1765 697 2 1766 1775 1782 16
D 1786 735 2 1778 1586 1780 29
D 1785 721 2 1356 1786 1419 29
D 1784 711 2 1332 1785 1423 29
D 1783 697 2 1766 1784 1782 29
D 1764 749 2 1765 1430 1783 16
D 1763 673 2 1035 1764 1590 16
D 1791 533 2 1745 1601 1751 29
D 1790 521 2 924 1791 1006 29
D 1789 495 2 1736 1790 1753 29
D 1788 461 2 1673 1789 1756 29
D 1787 269 2 1665 1788 1762 29
D 1663 543 2 1664 1763 1787 16
D 1797 207 2 1655 1611 1657 29
D 1796 201 2 1651 1797 1659 29
D 1795 187 2 1645 1796 1662 29
D 1794 177 2 279 1795 386 29
D 1793 161 2 237 1794 391 29
D 1792 137 2 154 1793 396 29
D 1640 221 2 1641 1663 1792 16
D 1801 67 2 107 106 105 16
D 1800 65 2 100 1801 108 16
D 1803 71 2 114 113 112 16
D 1804 71 2 114 120 112 29
D 1802 73 2 1803 115 1804 16
D 1806 67 2 107 123 105 29
D 1805 65 2 100 1806 108 29
D 1799 69 2 1800 1802 1805 16
D 1808 73 2 1803 150 1804 29
D 1807 69 2 1800 1808 1805 29
D 1798 77 2 1799 124 1807 16
D 1819 595 2 1121 1204 1119 16
D 1818 593 2 1122 1819 1117 16
D 1817 591 2 1112 1818 1123 16
D 1816 587 2 1125 1817 1110 16
D 1815 585 2 1087 1816 1126 16
D 1824 595 2 1121 1120 1119 29
D 1823 593 2 1122 1824 1117 29
D 1822 591 2 1112 1823 1123 29
D 1821 587 2 1125 1822 1110 29
D 1820 585 2 1087 1821 1126 29
D 1814 597 2 1815 1130 1820 16
D 1828 639 2 1210 1230 1212 16
D 1827 637 2 1208 1828 1213 16
D 1831 649 2 1224 1223 1222 16
D 1830 647 2 1220 1831 1225 16
D 1829 645 2 1215 1830 1226 16
D 1833 639 2 1210 1211 1212 29
D 1832 637 2 1208 1833 1213 29
D 1826 641 2 1827 1829 1832 16
D 1836 669 2 1262 1261 1260 16
D 1837 669 2 1262 1265 1260 29
D 1835 671 2 1836 1595 1837 16
D 1834 667 2 1232 1835 1266 16
D 1841 649 2 1224 1274 1222 29
D 1840 647 2 1220 1841 1225 29
D 1839 645 2 1215 1840 1226 29
D 1838 641 2 1827 1839 1832 29
D 1825 651 2 1826 1834 1838 16
D 1842 597 2 1815 1276 1820 29
D 1813 635 2 1814 1825 1842 16
D 1812 571 2 1036 1813 1281 16
D 1848 701 2 1338 1354 1336 16
D 1847 699 2 1339 1848 1334 16
D 1851 707 2 1346 1351 1344 16
D 1850 705 2 1347 1851 1342 16
D 1853 707 2 1346 1345 1344 29
D 1852 705 2 1347 1853 1342 29
D 1849 709 2 1850 1425 1852 16
D 1855 701 2 1338 1337 1336 29
D 1854 699 2 1339 1855 1334 29
D 1846 703 2 1847 1849 1854 16
D 1857 709 2 1850 1348 1852 29
D 1856 703 2 1847 1857 1854 29
D 1845 711 2 1846 1355 1856 16
D 1844 697 2 1766 1845 1782 16
D 1862 779 2 1483 1482 1481 16
D 1865 787 2 1491 1581 1489 16
D 1864 785 2 1492 1865 1487 16
D 1863 783 2 1485 1864 1493 16
D 1866 779 2 1483 1495 1481 29
D 1861 781 2 1862 1863 1866 16
D 1860 777 2 1467 1861 1496 16
D 1859 769 2 1432 1860 1498 16
D 1871 819 2 1549 1566 1551 16
D 1872 823 2 1564 1554 1553 16
D 1873 819 2 1549 1550 1551 29
D 1870 821 2 1871 1872 1873 16
D 1869 817 2 1543 1870 1567 16
D 1868 813 2 1541 1869 1569 16
D 1867 811 2 1503 1868 1570 16
D 1879 787 2 1491 1490 1489 29
D 1878 785 2 1492 1879 1487 29
D 1877 783 2 1485 1878 1493 29
D 1876 781 2 1862 1877 1866 29
D 1875 777 2 1467 1876 1496 29
D 1874 769 2 1432 1875 1498 29
D 1858 789 2 1859 1867 1874 16
D 1881 711 2 1846 1584 1856 29
D 1880 697 2 1766 1881 1782 29
D 1843 749 2 1844 1858 1880 16
D 1886 671 2 1836 1263 1837 29
D 1885 667 2 1232 1886 1266 29
D 1884 651 2 1826 1885 1838 29
D 1883 635 2 1814 1884 1842 29
D 1882 571 2 1036 1883 1281 29
D 1811 673 2 1812 1843 1882 16
D 1810 543 2 1664 1811 1787 16
D 1809 221 2 1641 1810 1792 16
D 1889 65 2 100 123 108 29
D 1888 69 3 1800 1802 99 110 1889 16
D 1890 69 3 1800 1808 99 149 1889 29
D 1887 77 2 1888 1617 1890 29
D 1639 93 3 97 1640 1798 1809 1887 16
D 1895 59 2 85 84 83 29
D 1894 57 2 81 1895 86 29
D 1893 55 2 73 1894 87 29
D 1892 49 2 65 1893 90 29
D 1891 43 2 57 1892 93 29
D 1633 61 2 1634 1639 1891 16
L 1900 36 78
D 1899 35 2 46 1900 48 29
D 1898 31 2 42 1899 50 29
D 1897 29 2 40 1898 51 29
D 1896 27 2 32 1897 52 29
D 30 37 3 31 55 1629 1633 1896 16
D 1902 11 2 15 28 13 16
L 1906 20 -41
D 1905 19 2 24 1906 22 16
D 1904 17 2 20 1905 25 16
D 1903 15 2 18 1904 26 16
D 1907 11 2 15 14 13 29
D 1901 13 2 1902 1903 1907 16
D 1918 291 2 531 530 529 16
D 1920 295 2 536 535 534 16
D 1921 295 2 536 539 534 29
D 1919 297 2 1920 862 1921 16
D 1922 291 2 531 541 529 29
D 1917 293 2 1918 1919 1922 16
D 1916 289 2 494 1917 542 16
D 1925 297 2 1920 537 1921 29
D 1924 293 2 1918 1925 1922 29
D 1923 289 2 494 1924 542 29
D 1915 299 2 1916 547 1923 16
D 1929 523 2 987 972 971 16
D 1930 523 2 987 1003 971 29
D 1928 533 2 1929 988 1930 16
D 1927 521 2 924 1928 1006 16
D 1926 495 2 864 1927 1011 16
D 1931 299 2 1916 1019 1923 29
D 1914 461 2 1915 1926 1931 16
D 1913 269 2 402 1914 1029 16
D 1940 605 2 1140 1160 1142 16
D 1939 603 2 1143 1940 1138 16
D 1938 601 2 1133 1939 1144 16
D 1942 609 2 1148 1149 1150 1156
D 1943 609 2 1150 1149 1148 1156
D 1941 611 2 1942 1151 1943 16
D 1946 605 2 1140 1141 1142 29
D 1945 603 2 1143 1946 1138 29
D 1944 601 2 1133 1945 1144 29
D 1937 607 2 1938 1941 1944 16
D 1948 611 2 1942 1197 1943 29
D 1947 607 2 1938 1948 1944 29
D 1936 615 2 1937 1161 1947 16
D 1935 597 2 1086 1936 1199 16
D 1950 615 2 1937 1277 1947 29
D 1949 597 2 1086 1950 1199 29
D 1934 635 2 1935 1205 1949 16
D 1933 571 2 1036 1934 1281 16
D 1956 687 2 1314 1320 1312 16
D 1957 687 2 1314 1313 1312 29
D 1955 689 2 1956 1315 1957 16
D 1958 689 2 1956 1326 1957 29
D 1954 693 2 1955 1321 1958 16
D 1953 685 2 1290 1954 1328 16
D 1960 693 2 1955 1428 1958 29
D 1959 685 2 1290 1960 1328 29
D 1952 697 2 1953 1331 1959 16
D 1961 697 2 1953 1583 1959 29
D 1951 749 2 1952 1430 1961 16
D 1963 635 2 1935 1592 1949 29
D 1962 571 2 1036 1963 1281 29
D 1932 673 2 1933 1951 1962 16
D 1968 533 2 1929 1601 1930 29
D 1967 521 2 924 1968 1006 29
D 1966 495 2 864 1967 1011 29
D 1965 461 2 1915 1966 1931 29
D 1964 269 2 402 1965 1029 29
D 1912 543 2 1913 1932 1964 16
D 1911 221 2 153 1912 1605 16
D 1910 93 2 97 1911 1616 16
D 1909 61 2 56 1910 1623 16
D 1977 123 2 201 231 203 16
D 1976 121 2 204 1977 199 16
D 1975 119 2 191 1976 205 16
D 1980 123 2 201 202 203 29
D 1979 121 2 204 1980 199 29
D 1978 119 2 191 1979 205 29
D 1974 125 2 1975 208 1978 16
D 1973 113 2 155 1974 232 16
D 1982 125 2 1975 398 1978 29
D 1981 113 2 155 1982 232 29
D 1972 137 2 1973 1642 1981 16
D 1989 225 2 408 421 410 16
D 1988 223 2 411 1989 406 16
D 1991 231 2 417 416 415 16
D 1990 229 2 413 1991 418 16
D 1993 225 2 408 409 410 29
D 1992 223 2 411 1993 406 29
D 1987 227 2 1988 1990 1992 16
D 1998 239 2 431 437 429 16
D 1999 243 2 435 459 433 16
D 2000 239 2 431 430 429 29
D 1997 241 2 1998 1999 2000 16
D 1996 237 2 438 1997 426 16
D 1995 235 2 424 1996 439 16
D 2004 243 2 435 434 433 29
D 2003 241 2 1998 2004 2000 29
D 2002 237 2 438 2003 426 29
D 2001 235 2 424 2002 439 29
D 1994 245 2 1995 440 2001 16
D 2007 231 2 417 463 415 29
D 2006 229 2 413 2007 418 29
D 2005 227 2 1988 2006 1992 29
D 1986 233 2 1987 1994 2005 16
D 2009 245 2 1995 488 2001 29
D 2008 233 2 1987 2009 2005 29
D 1985 255 2 1986 464 2008 16
D 2012 289 2 1675 1917 1679 16
D 2013 289 2 1675 1924 1679 29
D 2011 299 2 2012 1683 2013 16
D 2017 523 2 987 1746 971 16
D 2018 523 2 987 1752 971 29
D 2016 533 2 2017 988 2018 16
D 2015 521 2 924 2016 1006 16
D 2014 495 2 1736 2015 1753 16
D 2019 299 2 2012 1757 2013 29
D 2010 461 2 2011 2014 2019 16
D 2020 255 2 1986 1030 2008 29
D 1984 269 2 1985 2010 2020 16
D 2024 685 2 1767 1954 1773 16
D 2027 709 2 1850 1348 1852 16
D 2026 703 2 1333 2027 1352 16
D 2029 709 2 1850 1425 1852 29
D 2028 703 2 1333 2029 1352 29
D 2025 711 2 2026 1355 2028 16
D 2030 685 2 1767 1960 1773 29
D 2023 697 2 2024 2025 2030 16
D 2036 801 2 1520 1519 1518 16
D 2035 799 2 1521 2036 1516 16
D 2038 801 2 1520 1535 1518 29
D 2037 799 2 1521 2038 1516 29
D 2034 803 2 2035 1522 2037 16
D 2033 797 2 1504 2034 1536 16
D 2041 821 2 1871 1552 1873 16
D 2040 817 2 1543 2041 1567 16
D 2039 813 2 1541 2040 1569 16
D 2043 803 2 2035 1572 2037 29
D 2042 797 2 1504 2043 1536 29
D 2032 811 2 2033 2039 2042 16
D 2031 789 2 1431 2032 1575 16
D 2045 711 2 2026 1584 2028 29
D 2044 697 2 2024 2045 2030 29
D 2022 749 2 2023 2031 2044 16
D 2021 673 2 1933 2022 1962 16
D 2050 533 2 2017 1601 2018 29
D 2049 521 2 924 2050 1006 29
D 2048 495 2 1736 2049 1753 29
D 2047 461 2 2011 2048 2019 29
D 2046 269 2 1985 2047 2020 29
D 1983 543 2 1984 2021 2046 16
D 2056 143 2 245 277 243 16
D 2055 141 2 241 2056 246 16
D 2054 139 2 247 2055 239 16
D 2059 147 2 253 252 251 16
D 2060 147 2 253 259 251 29
D 2058 149 2 2059 254 2060 16
D 2061 149 2 2059 272 2060 29
D 2057 153 2 2058 260 2061 16
D 2064 143 2 245 244 243 29
D 2063 141 2 241 2064 246 29
D 2062 139 2 247 2063 239 29
D 2053 145 2 2054 2057 2062 16
D 2066 153 2 2058 393 2061 29
D 2065 145 2 2054 2066 2062 29
D 2052 161 2 2053 1643 2065 16
D 2051 137 2 1973 2052 1981 16
D 2074 647 2 1225 1221 1220 16
D 2073 645 2 1215 2074 1226 16
D 2072 641 2 1207 2073 1228 16
D 2079 657 2 1240 1257 1238 16
D 2078 655 2 1241 2079 1236 16
D 2077 653 2 1242 2078 1234 16
D 2081 661 2 1247 1253 1245 16
D 2082 661 2 1247 1246 1245 29
D 2080 663 2 2081 1248 2082 16
D 2085 657 2 1240 1239 1238 29
D 2084 655 2 1241 2085 1236 29
D 2083 653 2 1242 2084 1234 29
D 2076 659 2 2077 2080 2083 16
D 2087 663 2 2081 1268 2082 29
D 2086 659 2 2077 2087 2083 29
D 2075 667 2 2076 1258 2086 16
D 2090 647 2 1225 1273 1220 29
D 2089 645 2 1215 2090 1226 29
D 2088 641 2 1207 2089 1228 29
D 2071 651 2 2072 2075 2088 16
D 2070 635 2 1935 2071 1949 16
D 2069 571 2 1036 2070 1281 16
D 2094 703 2 1333 1849 1352 16
D 2095 703 2 1333 1857 1352 29
D 2093 711 2 2094 1355 2095 16
D 2092 697 2 2024 2093 2030 16
D 2097 711 2 2094 1584 2095 29
D 2096 697 2 2024 2097 2030 29
D 2091 749 2 2092 2031 2096 16
D 2101 667 2 2076 1594 2086 29
D 2100 651 2 2072 2101 2088 29
D 2099 635 2 1935 2100 1949 29
D 2098 571 2 1036 2099 1281 29
D 2068 673 2 2069 2091 2098 16
D 2067 543 2 1984 2068 2046 16
D 2103 269 2 1665 2010 1762 16
D 2106 697 2 2024 1775 2030 16
D 2107 697 2 2024 1784 2030 29
D 2105 749 2 2106 1430 2107 16
D 2104 673 2 1933 2105 1962 16
D 2108 269 2 1665 2047 1762 29
D 2102 543 2 2103 2104 2108 16
D 2112 139 2 239 275 247 2063
D 2111 145 3 2054 2057 238 248 2112 16
D 2113 145 3 2054 2066 238 392 2112 29
D 2110 161 2 2111 1794 2113 29
D 2117 121 2 204 1977 199 200
D 2116 119 2 191 2117 205 16
D 2119 121 2 204 1980 199 230
D 2118 119 2 191 2119 205 29
D 2115 125 2 2116 398 2118 29
D 2114 113 2 155 2115 232 29
D 2109 137 3 1973 2110 154 1793 2114 29
D 1971 221 4 1972 1983 2051 2067 1641 2102 2109 16
D 2124 139 2 239 2055 247 16
D 2125 139 2 239 2063 247 29
D 2123 145 2 2124 2057 2125 16
D 2126 145 2 2124 2066 2125 29
D 2122 161 2 2123 1643 2126 16
D 2121 137 2 1973 2122 1981 16
D 2131 227 2 1988 412 1992 16
D 2133 235 2 439 1996 424 16
D 2134 235 2 439 2002 424 29
D 2132 245 2 2133 440 2134 16
D 2135 227 2 1988 461 1992 29
D 2130 233 2 2131 2132 2135 16
D 2137 245 2 2133 488 2134 29
D 2136 233 2 2131 2137 2135 29
D 2129 255 2 2130 464 2136 16
D 2143 463 2 870 873 868 16
D 2144 463 2 870 869 868 29
D 2142 465 2 2143 871 2144 16
D 2145 465 2 2143 882 2144 29
D 2141 467 2 2142 874 2145 16
D 2146 467 2 2142 920 2145 29
D 2140 473 2 2141 1737 2146 16
D 2147 473 2 2141 1754 2146 29
D 2139 495 2 2140 2015 2147 16
D 2138 461 2 2011 2139 2019 16
D 2148 255 2 2130 1030 2136 29
D 2128 269 2 2129 2138 2148 16
D 2152 597 2 1815 1936 1820 16
D 2156 669 2 1262 1265 1260 16
D 2157 669 2 1262 1261 1260 29
D 2155 671 2 2156 1263 2157 16
D 2154 667 2 1232 2155 1266 16
D 2153 651 2 1826 2154 1838 16
D 2158 597 2 1815 1950 1820 29
D 2151 635 2 2152 2153 2158 16
D 2150 571 2 1036 2151 1281 16
D 2163 671 2 2156 1595 2157 29
D 2162 667 2 1232 2163 1266 29
D 2161 651 2 1826 2162 1838 29
D 2160 635 2 2152 2161 2158 29
D 2159 571 2 1036 2160 1281 29
D 2149 673 2 2150 2091 2159 16
D 2166 495 2 2140 2049 2147 29
D 2165 461 2 2011 2166 2019 29
D 2164 269 2 2129 2165 2148 29
D 2127 543 2 2128 2149 2164 16
D 2170 635 2 2152 1825 2158 16
D 2169 571 2 1036 2170 1281 16
D 2172 697 2 2024 1845 2030 16
D 2173 697 2 2024 1881 2030 29
D 2171 749 2 2172 1858 2173 16
D 2175 635 2 2152 1884 2158 29
D 2174 571 2 1036 2175 1281 29
D 2168 673 2 2169 2171 2174 16
D 2167 543 2 2103 2168 2108 16
D 2177 161 2 2123 1794 2126 29
D 2176 137 3 1973 2177 154 1793 2114 29
D 2120 221 3 2121 2127 1641 2167 2176 16
D 1970 93 3 97 1971 1798 2120 1887 16
D 1969 61 2 1634 1970 1891 16
D 1908 37 3 31 1909 1629 1969 1896 16
D 2181 19 2 22 1906 24 29
D 2180 17 2 20 2181 25 29
D 2179 15 2 18 2180 26 29
D 2184 19 2 24 23 22 29
D 2183 17 2 20 2184 25 29
D 2182 15 2 18 2183 26 29
D 2185 11 2 15 14 13 28
D 2178 13 3 12 2179 1902 2182 2185 29
D 10 21 3 11 30 1901 1908 2178 16
L 2186 8 -343
D 8 9 2 9 10 2186 16
L 2187 6 210
D 2194 41 2 62 95 60 16
D 2193 39 2 58 2194 63 16
D 2196 41 2 62 61 60 29
D 2195 39 2 58 2196 63 29
D 2192 43 2 2193 64 2195 16
D 2203 163 2 281 303 283 16
D 2204 163 2 281 282 283 29
D 2202 165 2 2203 284 2204 16
D 2205 165 2 2203 387 2204 29
D 2201 177 2 2202 304 2205 16
D 2200 161 2 237 2201 391 16
D 2199 137 2 154 2200 396 16
D 2214 589 2 1115 1124 1113 16
D 2215 593 2 1117 1819 1122 16
D 2216 589 2 1115 1114 1113 29
D 2213 591 2 2214 2215 2216 16
D 2212 587 2 1110 2213 1125 16
D 2211 585 2 1087 2212 1126 16
D 2220 593 2 1117 1824 1122 29
D 2219 591 2 2214 2220 2216 29
D 2218 587 2 1110 2219 1125 29
D 2217 585 2 1087 2218 1126 29
D 2210 597 2 2211 1130 2217 16
D 2222 641 2 1207 1829 1228 16
D 2226 665 2 1251 1269 1249 16
D 2225 663 2 1244 2226 1252 16
D 2224 659 2 1233 2225 1254 16
D 2229 665 2 1251 1250 1249 29
D 2228 663 2 1244 2229 1252 29
D 2227 659 2 1233 2228 1254 29
D 2223 667 2 2224 1258 2227 16
D 2230 641 2 1207 1839 1228 29
D 2221 651 2 2222 2223 2230 16
D 2231 597 2 2211 1276 2217 29
D 2209 635 2 2210 2221 2231 16
D 2208 571 2 1036 2209 1281 16
D 2237 767 2 1457 1501 1459 16
D 2236 765 2 1452 2237 1460 16
D 2235 761 2 1433 2236 1462 16
D 2240 767 2 1457 1458 1459 29
D 2239 765 2 1452 2240 1460 29
D 2238 761 2 1433 2239 1462 29
D 2234 769 2 2235 1466 2238 16
D 2241 769 2 2235 1576 2238 29
D 2233 789 2 2234 1502 2241 16
D 2232 749 2 1952 2233 1961 16
D 2245 667 2 2224 1594 2227 29
D 2244 651 2 2222 2245 2230 29
D 2243 635 2 2210 2244 2231 29
D 2242 571 2 1036 2243 1281 29
D 2207 673 2 2208 2232 2242 16
D 2206 543 2 401 2207 1596 16
D 2248 177 2 2202 1608 2205 29
D 2247 161 2 237 2248 391 29
D 2246 137 2 154 2247 396 29
D 2198 221 2 2199 2206 2246 16
D 2197 93 2 97 2198 1616 16
D 2249 43 2 2193 1624 2195 29
D 2191 61 2 2192 2197 2249 16
D 2253 33 2 44 1899 49 29
D 2252 31 2 42 2253 50 29
D 2251 29 2 40 2252 51 29
D 2250 27 2 32 2251 52 29
D 2190 37 2 31 2191 2250 16
D 2254 13 2 1902 2182 1907 29
D 2189 21 2 1901 2190 2254 16
D 2266 559 2 1061 1060 1059 16
D 2265 557 2 1062 2266 1057 16
D 2268 563 2 1067 1066 1065 16
D 2270 569 2 1071 1286 1073 16
D 2269 567 2 1074 2270 1069 16
D 2271 563 2 1067 1076 1065 29
D 2267 565 2 2268 2269 2271 16
D 2273 559 2 1061 1079 1059 29
D 2272 557 2 1062 2273 1057 29
D 2264 561 2 2265 2267 2272 16
D 2263 555 2 1037 2264 1080 16
D 2278 569 2 1071 1072 1073 29
D 2277 567 2 1074 2278 1069 29
D 2276 565 2 2268 2277 2271 29
D 2275 561 2 2265 2276 2272 29
D 2274 555 2 1037 2275 1080 29
D 2262 571 2 2263 2209 2274 16
D 2284 793 2 1512 1508 1507 16
D 2283 791 2 1513 2284 1505 16
D 2286 793 2 1512 1538 1507 29
D 2285 791 2 1513 2286 1505 29
D 2282 797 2 2283 1514 2285 16
D 2287 797 2 2283 1571 2285 29
D 2281 811 2 2282 1540 2287 16
D 2280 789 2 2234 2281 2241 16
D 2279 749 2 1952 2280 1961 16
D 2288 571 2 2263 2243 2274 29
D 2261 673 2 2262 2279 2288 16
D 2260 543 2 401 2261 1596 16
D 2259 221 2 2199 2260 2246 16
D 2258 93 2 97 2259 1616 16
D 2257 61 2 2192 2258 2249 16
D 2256 37 2 31 2257 2250 16
D 2255 21 2 1901 2256 2254 16
D 2188 9 2 9 2189 2186 2255
D 6 7 2 7 8 2187 2188
L 2289 4 209
D 4 5 2 5 6 2289 16
L 2290 2 180
D 2 3 2 3 4 2290 16
L 2291 0 -179
D 0 1 2 1 2 2291 16
