c ids of sdd nodes start at 0
c sdd nodes appear bottom-up, children before parents
c
c file syntax:
c sdd count-of-sdd-nodes
c F id-of-false-sdd-node
c T id-of-true-sdd-node
c L id-of-literal-sdd-node id-of-vtree literal
c D id-of-decomposition-sdd-node id-of-vtree number-of-elements {id-of-prime id-of-sub}*
c
sdd 2799
L 1 0 384
L 3 2 385
L 5 4 -576
L 7 6 560
L 10 8 -168
L 12 10 -131
L 13 12 130
L 14 10 131
F 15
D 11 11 2 12 13 14 15
L 16 8 168
D 9 9 2 10 11 16 15
L 19 14 -493
L 20 16 509
L 21 14 493
D 18 15 2 19 20 21 15
L 25 18 443
L 27 20 55
L 28 22 -54
L 29 20 -55
D 26 21 2 27 28 29 15
L 30 18 -443
D 24 19 2 25 26 30 15
L 33 24 -476
L 35 26 212
L 36 28 -211
L 37 26 -212
D 34 27 2 35 36 37 15
L 38 24 476
D 32 25 2 33 34 38 15
L 40 30 42
L 41 32 -43
L 42 30 -42
L 43 32 43
D 39 31 2 40 41 42 43
L 46 28 211
T 47
D 45 27 2 35 46 37 47
D 44 25 2 33 45 38 47
D 31 29 2 32 39 44 15
L 50 22 54
D 49 21 2 27 50 29 47
D 48 19 2 25 49 30 47
D 23 23 2 24 31 48 15
L 53 34 -534
L 56 36 -327
L 58 38 -417
L 59 40 -416
L 60 38 417
D 57 39 2 58 59 60 15
L 61 36 327
D 55 37 2 56 57 61 15
L 64 42 -278
L 65 44 279
L 66 42 278
D 63 43 2 64 65 66 15
L 68 46 -244
L 69 48 243
L 70 46 244
D 67 47 2 68 69 70 15
L 72 44 -279
D 71 43 2 64 72 66 47
D 62 45 2 63 67 71 15
L 75 40 416
D 74 39 2 58 75 60 47
D 73 37 2 56 74 61 47
D 54 41 2 55 62 73 15
L 76 34 534
D 52 35 2 53 54 76 15
L 81 50 -535
L 83 52 -330
L 84 54 331
L 85 52 330
D 82 53 2 83 84 85 15
L 86 50 535
D 80 51 2 81 82 86 15
L 89 56 63
L 90 58 -62
L 91 56 -63
L 92 58 62
D 88 57 2 89 90 91 92
L 94 60 459
L 95 62 594
L 96 60 -459
D 93 61 2 94 95 96 15
D 97 57 2 91 90 89 92
D 87 59 2 88 93 97 15
L 100 54 -331
D 99 53 2 83 100 85 47
D 98 51 2 81 99 86 47
D 79 55 2 80 87 98 15
L 102 64 -595
L 103 66 460
L 104 64 595
D 101 65 2 102 103 104 15
L 108 62 -594
D 107 61 2 94 108 96 47
D 106 59 2 88 107 97 47
D 105 55 2 80 106 98 47
D 78 63 2 79 101 105 15
L 111 68 537
L 114 70 -536
L 117 72 333
L 118 74 -334
L 119 72 -333
D 116 73 2 117 118 119 15
L 120 76 -332
L 122 74 334
D 121 73 2 117 122 119 47
D 115 75 2 116 120 121 15
L 123 70 536
D 113 71 2 114 115 123 15
L 127 78 418
L 128 80 -419
L 129 78 -418
D 126 79 2 127 128 129 15
L 131 82 335
L 132 84 -336
L 133 82 -335
D 130 83 2 131 132 133 15
L 135 80 419
D 134 79 2 127 135 129 47
D 125 81 2 126 130 134 15
L 138 86 -246
L 139 88 245
L 140 86 246
D 137 87 2 138 139 140 15
L 142 90 280
L 143 92 -281
L 144 90 -280
D 141 91 2 142 143 144 15
L 146 88 -245
D 145 87 2 138 146 140 47
D 136 89 2 137 141 145 15
L 149 84 336
D 148 83 2 131 149 133 47
D 147 81 2 126 148 134 47
D 124 85 2 125 136 147 15
L 152 76 332
D 151 75 2 116 152 121 47
D 150 71 2 114 151 123 47
D 112 77 2 113 124 150 15
L 153 68 -537
D 110 69 2 111 112 153 15
L 157 94 561
L 159 96 -386
L 160 98 577
L 161 96 386
D 158 97 2 159 160 161 15
L 162 94 -561
D 156 95 2 157 158 162 15
L 166 100 133
L 167 102 -132
L 168 100 -133
D 165 101 2 166 167 168 15
L 172 104 -477
L 173 106 444
L 174 104 477
D 171 105 2 172 173 174 15
L 176 108 214
L 177 110 -213
L 178 108 -214
D 175 109 2 176 177 178 15
L 180 106 -444
D 179 105 2 172 180 174 47
D 170 107 2 171 175 179 15
L 182 112 65
L 183 114 -64
L 184 112 -65
L 185 114 64
D 181 113 2 182 183 184 185
L 188 110 213
D 187 109 2 176 188 178 47
D 186 107 2 171 187 179 47
D 169 111 2 170 181 186 15
L 190 102 132
D 189 101 2 166 190 168 47
D 164 103 2 165 169 189 15
L 193 116 510
L 194 118 -494
L 195 116 -510
D 192 117 2 193 194 195 15
L 197 120 95
L 198 122 -94
L 199 120 -95
D 196 121 2 197 198 199 15
L 201 118 494
D 200 117 2 193 201 195 47
D 191 119 2 192 196 200 15
D 204 113 2 184 183 182 185
D 203 111 2 170 204 186 47
D 202 103 2 165 203 189 47
D 163 115 2 164 191 202 15
L 207 98 -577
D 206 97 2 159 207 161 47
D 205 95 2 157 206 162 47
D 155 99 2 156 163 205 15
L 212 124 -122
L 213 126 123
L 214 124 122
D 211 125 2 212 213 214 15
L 216 128 102
L 217 130 -103
L 218 128 -102
L 219 130 103
D 215 129 2 216 217 218 219
L 221 126 -123
D 220 125 2 212 221 214 47
D 210 127 2 211 215 220 15
L 222 132 -387
D 224 129 2 218 217 216 219
D 223 127 2 211 224 220 47
D 209 131 2 210 222 223 15
L 229 134 517
L 231 136 -83
L 232 138 82
L 233 136 83
D 230 137 2 231 232 233 15
L 234 134 -517
D 228 135 2 229 230 234 15
L 237 140 81
L 238 142 -80
L 239 140 -81
D 236 141 2 237 238 239 15
L 242 144 -484
L 244 146 228
L 245 148 -227
L 246 146 -228
D 243 147 2 244 245 246 15
L 247 144 484
D 241 145 2 242 243 247 15
L 251 150 68
L 252 152 451
L 253 150 -68
D 250 151 2 251 252 253 15
L 254 154 -69
D 255 151 2 253 252 251 15
L 256 154 69
L 257 152 -451
D 249 153 3 250 254 255 256 257 15
L 260 156 -165
L 262 158 -166
L 264 160 -164
L 266 162 -162
L 269 164 -163
L 271 166 -161
L 272 168 -160
L 273 166 161
D 270 167 2 271 272 273 15
L 274 164 163
D 268 165 2 269 270 274 15
L 276 170 -158
L 278 172 -159
L 282 174 -154
L 284 176 -152
L 285 178 -151
L 286 176 152
D 283 177 2 284 285 286 15
L 287 174 154
D 281 175 2 282 283 287 15
L 288 180 -153
L 291 178 151
D 290 177 2 284 291 286 47
D 289 175 2 282 290 287 47
D 280 179 2 281 288 289 15
L 293 182 -157
L 295 184 -155
L 296 186 -156
L 297 184 155
D 294 185 2 295 296 297 15
L 298 182 157
D 292 183 2 293 294 298 15
L 300 180 153
D 299 179 2 281 300 289 47
D 279 181 2 280 292 299 15
L 301 172 159
D 277 173 2 278 279 301 15
L 302 170 158
D 275 171 2 276 277 302 15
L 305 168 160
D 304 167 2 271 305 273 47
D 303 165 2 269 304 274 47
D 267 169 2 268 275 303 15
L 306 162 162
D 265 163 2 266 267 306 15
L 307 160 164
D 263 161 2 264 265 307 15
L 308 158 166
D 261 159 2 262 263 308 15
L 309 156 165
D 259 157 2 260 261 309 15
L 312 188 -176
L 315 190 -173
L 317 192 -149
L 319 194 -146
L 320 196 -147
L 321 194 146
D 318 195 2 319 320 321 15
L 322 192 149
D 316 193 2 317 318 322 15
L 323 190 173
D 314 191 2 315 316 323 15
L 325 198 -145
L 328 200 140
L 329 202 -78
L 330 200 -140
D 327 201 2 328 329 330 15
L 332 204 141
L 333 206 79
L 334 204 -141
D 331 205 2 332 333 334 15
L 336 202 78
D 335 201 2 328 336 330 47
D 326 203 2 327 331 335 15
L 337 198 145
D 324 199 2 325 326 337 15
L 341 196 147
D 340 195 2 319 341 321 47
D 339 193 2 317 340 322 47
D 338 191 2 315 339 323 47
D 313 197 2 314 324 338 15
L 342 188 176
D 311 189 2 312 313 342 15
L 347 208 -174
L 348 210 -172
L 349 208 174
D 346 209 2 347 348 349 15
L 351 212 -169
L 352 214 -170
L 353 212 169
D 350 213 2 351 352 353 15
L 355 210 172
D 354 209 2 347 355 349 47
D 345 211 2 346 350 354 15
L 358 216 -175
L 359 218 -171
L 360 216 175
D 357 217 2 358 359 360 15
L 362 220 -150
L 363 222 -148
L 364 220 150
D 361 221 2 362 363 364 15
L 366 218 171
D 365 217 2 358 366 360 47
D 356 219 2 357 361 365 15
L 369 214 170
D 368 213 2 351 369 353 47
D 367 211 2 346 368 354 47
D 344 215 2 345 356 367 15
L 370 224 -167
L 374 222 148
D 373 221 2 362 374 364 47
D 372 219 2 357 373 365 47
D 371 215 2 345 372 367 47
D 343 223 2 344 370 371 15
L 380 206 -79
D 379 205 2 332 380 334 47
D 378 203 2 327 379 335 47
D 377 199 2 325 378 337 47
D 376 197 2 314 377 338 47
D 375 189 2 312 376 342 47
D 310 207 2 311 343 375 15
L 391 186 156
D 390 185 2 295 391 297 47
D 389 183 2 293 390 298 47
D 388 181 2 280 389 299 47
D 387 173 2 278 388 301 47
D 386 171 2 276 387 302 47
D 385 169 2 268 386 303 47
D 384 163 2 266 385 306 47
D 383 161 2 264 384 307 47
D 382 159 2 262 383 308 47
D 381 157 2 260 382 309 47
D 258 187 2 259 310 381 15
D 392 153 3 255 254 250 256 257 47
D 248 155 2 249 258 392 15
L 395 148 227
D 394 147 2 244 395 246 47
D 393 145 2 242 394 247 47
D 240 149 2 241 248 393 15
L 397 142 80
D 396 141 2 237 397 239 47
D 235 143 2 236 240 396 15
L 400 138 -82
D 399 137 2 231 400 233 47
D 398 135 2 229 399 234 47
D 227 139 2 228 235 398 15
L 403 226 501
L 405 228 -401
L 406 230 -400
L 407 228 401
D 404 229 2 405 406 407 15
L 408 226 -501
D 402 227 2 403 404 408 15
L 412 232 584
L 413 234 -568
L 414 232 -584
D 411 233 2 412 413 414 15
L 416 236 603
L 417 238 467
L 418 236 -603
D 415 237 2 416 417 418 15
L 420 234 568
D 419 233 2 412 420 414 47
D 410 235 2 411 415 419 15
L 424 240 295
L 426 242 -294
L 428 244 260
L 429 246 -259
L 430 244 -260
D 427 245 2 428 429 430 15
L 431 242 294
D 425 243 2 426 427 431 15
L 432 240 -295
D 423 241 2 424 425 432 15
L 434 248 550
L 435 250 -602
L 436 248 -550
D 433 249 2 434 435 436 15
L 440 246 259
D 439 245 2 428 440 430 47
D 438 243 2 426 439 431 47
D 437 241 2 424 438 432 47
D 422 247 2 423 433 437 15
L 443 252 -367
L 445 254 368
L 446 256 -369
L 447 254 -368
D 444 255 2 445 446 447 15
L 448 252 367
D 442 253 2 443 444 448 15
L 451 258 -432
L 453 260 371
L 454 262 -370
L 455 260 -371
D 452 261 2 453 454 455 15
L 456 258 432
D 450 259 2 451 452 456 15
L 458 264 -433
L 459 266 -551
L 460 264 433
D 457 265 2 458 459 460 15
L 463 262 370
D 462 261 2 453 463 455 47
D 461 259 2 451 462 456 47
D 449 263 2 450 457 461 15
L 466 256 369
D 465 255 2 445 466 447 47
D 464 253 2 443 465 448 47
D 441 257 2 442 449 464 15
L 469 250 602
D 468 249 2 434 469 436 47
D 467 247 2 423 468 437 47
D 421 251 2 422 441 467 15
L 472 238 -467
D 471 237 2 416 472 418 47
D 470 235 2 411 471 419 47
D 409 239 2 410 421 470 15
L 475 230 400
D 474 229 2 405 475 407 47
D 473 227 2 403 474 408 47
D 401 231 2 402 409 473 15
L 483 224 167
D 482 223 2 344 483 371 47
D 481 207 2 311 482 375 47
D 480 187 2 259 481 381 47
D 479 155 2 249 480 392 47
D 478 149 2 241 479 393 47
D 477 143 2 236 478 396 47
D 476 139 2 228 477 398 47
D 226 225 2 227 401 476 15
L 489 268 516
L 490 270 -500
L 491 268 -516
D 488 269 2 489 490 491 15
L 494 272 121
L 495 274 -120
L 496 272 -121
D 493 273 2 494 495 496 15
L 500 276 26
L 501 278 450
L 502 276 -26
D 499 277 2 500 501 502 15
L 503 280 -27
D 504 277 2 502 501 500 15
L 505 280 27
L 506 278 -450
D 498 279 3 499 503 504 505 506 15
L 508 282 -483
L 510 284 226
L 511 286 -225
L 512 284 -226
D 509 285 2 510 511 512 15
L 513 282 483
D 507 283 2 508 509 513 15
D 514 279 3 504 503 499 505 506 47
D 497 281 2 498 507 514 15
L 516 274 120
D 515 273 2 494 516 496 47
D 492 275 2 493 497 515 15
L 518 270 500
D 517 269 2 489 518 491 47
D 487 271 2 488 492 517 15
L 523 288 28
L 524 290 -29
L 525 288 -28
L 526 290 29
D 522 289 2 523 524 525 526
L 528 292 107
L 529 294 -106
L 530 292 -107
D 527 293 2 528 529 530 15
D 531 289 2 525 524 523 526
D 521 291 2 522 527 531 15
L 533 296 -482
L 535 298 449
L 537 300 224
L 538 302 -223
L 539 300 -224
D 536 301 2 537 538 539 15
L 540 298 -449
D 534 299 2 535 536 540 15
L 541 296 482
D 532 297 2 533 534 541 15
L 544 294 106
D 543 293 2 528 544 530 47
D 542 291 2 522 543 531 47
D 520 295 2 521 532 542 15
L 547 304 515
L 549 306 -112
L 550 308 113
L 551 306 112
D 548 307 2 549 550 551 15
L 552 304 -515
D 546 305 2 547 548 552 15
L 554 310 -499
L 556 312 6
L 557 314 -5
L 558 312 -6
D 555 313 2 556 557 558 15
L 559 310 499
D 553 311 2 554 555 559 15
L 562 308 -113
D 561 307 2 549 562 551 47
D 560 305 2 547 561 552 47
D 545 309 2 546 553 560 15
L 567 302 223
D 566 301 2 537 567 539 47
D 565 299 2 535 566 540 47
D 564 297 2 533 565 541 47
D 563 295 2 521 564 542 47
D 519 303 2 520 545 563 15
L 573 286 225
D 572 285 2 510 573 512 47
D 571 283 2 508 572 513 47
D 570 281 2 498 571 514 47
D 569 275 2 493 570 515 47
D 568 271 2 488 569 517 47
D 486 287 2 487 519 568 15
L 576 316 399
L 580 318 466
L 581 320 -549
L 582 318 -466
D 579 319 2 580 581 582 15
L 584 322 601
L 585 324 -548
L 586 322 -601
D 583 323 2 584 585 586 15
L 588 320 549
D 587 319 2 580 588 582 47
D 578 321 2 579 583 587 15
L 591 326 567
L 593 328 -583
L 596 330 -258
L 597 332 257
L 598 330 258
D 595 331 2 596 597 598 15
L 600 334 293
L 601 336 -292
L 602 334 -293
D 599 335 2 600 601 602 15
L 604 332 -257
D 603 331 2 596 604 598 47
D 594 333 2 595 599 603 15
L 605 328 583
D 592 329 2 593 594 605 15
L 606 326 -567
D 590 327 2 591 592 606 15
L 609 338 -431
L 611 340 363
L 613 342 -364
L 614 344 -362
L 615 342 364
D 612 343 2 613 614 615 15
L 616 340 -363
D 610 341 2 611 612 616 15
L 617 338 431
D 608 339 2 609 610 617 15
L 619 346 -430
L 621 348 -365
L 622 350 366
L 623 348 365
D 620 349 2 621 622 623 15
L 624 346 430
D 618 347 2 619 620 624 15
L 628 344 362
D 627 343 2 613 628 615 47
D 626 341 2 611 627 616 47
D 625 339 2 609 626 617 47
D 607 345 2 608 618 625 15
L 633 336 292
D 632 335 2 600 633 602 47
D 631 333 2 595 632 603 47
D 630 329 2 593 631 605 47
D 629 327 2 591 630 606 47
D 589 337 2 590 607 629 15
L 636 324 548
D 635 323 2 584 636 586 47
D 634 321 2 579 635 587 47
D 577 325 2 578 589 634 15
L 637 316 -399
D 575 317 2 576 577 637 15
L 641 352 398
L 642 354 396
L 643 352 -398
D 640 353 2 641 642 643 15
L 645 356 397
L 646 358 435
L 647 356 -397
D 644 357 2 645 646 647 15
L 649 354 -396
D 648 353 2 641 649 643 47
D 639 355 2 640 644 648 15
L 652 360 600
L 654 362 -547
L 655 364 465
L 656 362 547
D 653 363 2 654 655 656 15
L 657 360 -600
D 651 361 2 652 653 657 15
L 660 366 566
L 662 368 -546
L 663 370 -357
L 664 368 546
D 661 369 2 662 663 664 15
L 665 366 -566
D 659 367 2 660 661 665 15
L 668 372 -582
L 671 374 -256
L 672 376 255
L 673 374 256
D 670 375 2 671 672 673 15
L 675 378 291
L 676 380 -290
L 677 378 -291
D 674 379 2 675 676 677 15
L 679 376 -255
D 678 375 2 671 679 673 47
D 669 377 2 670 674 678 15
L 680 372 582
D 667 373 2 668 669 680 15
L 683 382 -428
L 685 384 361
L 686 386 -360
L 687 384 -361
D 684 385 2 685 686 687 15
L 688 382 428
D 682 383 2 683 684 688 15
L 691 388 358
L 692 390 -359
L 693 388 -358
D 690 389 2 691 692 693 15
L 694 392 -429
L 696 390 359
D 695 389 2 691 696 693 47
D 689 391 2 690 694 695 15
L 699 386 360
D 698 385 2 685 699 687 47
D 697 383 2 683 698 688 47
D 681 387 2 682 689 697 15
L 703 380 290
D 702 379 2 675 703 677 47
D 701 377 2 670 702 678 47
D 700 373 2 668 701 680 47
D 666 381 2 667 681 700 15
L 706 370 357
D 705 369 2 662 706 664 47
D 704 367 2 660 705 665 47
D 658 371 2 659 666 704 15
L 709 364 -465
D 708 363 2 654 709 656 47
D 707 361 2 652 708 657 47
D 650 365 2 651 658 707 15
D 711 353 2 641 649 643 15
D 712 357 2 647 646 645 15
D 713 353 2 641 642 643 47
D 710 355 2 711 712 713 15
D 716 363 2 656 655 654 15
D 715 361 2 657 716 652 15
D 721 379 2 677 703 675 15
D 720 377 2 670 721 678 15
D 719 373 2 680 720 668 15
D 724 385 2 687 699 685 15
D 723 383 2 688 724 683 15
D 726 385 2 687 686 685 47
D 725 383 2 688 726 683 47
D 722 387 2 723 689 725 15
D 729 379 2 677 676 675 47
D 728 377 2 670 729 678 47
D 727 373 2 680 728 668 47
D 718 381 2 719 722 727 15
D 717 371 2 659 718 704 15
D 731 363 2 656 709 654 47
D 730 361 2 657 731 652 47
D 714 365 2 715 717 730 15
L 734 358 -435
D 733 357 2 647 734 645 47
D 735 357 2 645 734 647 47
D 732 355 3 711 733 640 735 643 47
D 638 359 3 639 650 710 714 732 15
D 739 319 2 580 588 582 15
D 740 323 2 586 585 584 15
D 741 319 2 580 581 582 47
D 738 321 2 739 740 741 15
D 746 335 2 602 633 600 15
D 745 333 2 595 746 603 15
D 744 329 2 605 745 593 15
D 743 327 2 591 744 606 15
L 750 350 -366
D 749 349 2 623 750 621 15
D 748 347 2 624 749 619 15
D 747 345 2 608 748 625 15
D 754 335 2 602 601 600 47
D 753 333 2 595 754 603 47
D 752 329 2 605 753 593 47
D 751 327 2 591 752 606 47
D 742 337 2 743 747 751 15
D 756 323 2 586 636 584 47
D 755 321 2 739 756 741 47
D 737 325 2 738 742 755 15
D 736 317 2 637 737 576 15
D 759 353 2 643 642 641 15
D 760 353 2 643 649 641 47
D 758 355 2 759 644 760 15
D 762 353 2 643 649 641 15
D 763 353 2 643 642 641 47
D 761 355 2 762 712 763 15
D 764 355 3 762 733 759 735 641 47
D 757 359 3 758 650 761 714 764 15
D 770 349 2 621 750 623 47
D 769 347 2 619 770 624 47
D 768 345 2 608 769 625 47
D 767 337 2 590 768 629 47
D 766 325 2 578 767 634 47
D 775 349 2 623 622 621 47
D 774 347 2 624 775 619 47
D 773 345 2 608 774 625 47
D 772 337 2 743 773 751 47
D 771 325 2 738 772 755 47
D 765 317 2 576 766 637 771
D 574 351 3 575 638 736 757 765 15
L 781 314 5
D 780 313 2 556 781 558 47
D 779 311 2 554 780 559 47
D 778 309 2 546 779 560 47
D 777 303 2 520 778 563 47
D 776 287 2 487 777 568 47
D 485 315 2 486 574 776 15
L 787 394 -492
L 790 396 -134
L 791 398 135
L 792 396 134
D 789 397 2 790 791 792 15
L 793 400 508
L 795 398 -135
D 794 397 2 790 795 792 47
D 788 399 2 789 793 794 15
L 796 394 492
D 786 395 2 787 788 796 15
L 800 402 559
L 802 404 -277
L 805 406 -242
L 806 408 241
L 807 406 242
D 804 407 2 805 806 807 15
L 809 410 276
L 810 412 575
L 811 410 -276
D 808 411 2 809 810 811 15
L 813 408 -241
D 812 407 2 805 813 807 47
D 803 409 2 804 808 812 15
L 814 404 277
D 801 405 2 802 803 814 15
L 815 402 -559
D 799 403 2 800 801 815 15
L 818 414 414
L 819 416 -415
L 820 414 -414
D 817 415 2 818 819 820 15
L 824 418 328
L 825 420 -329
L 826 418 -328
D 823 419 2 824 825 826 15
L 827 422 -532
L 829 420 329
D 828 419 2 824 829 826 47
D 822 421 2 823 827 828 15
L 831 424 -322
L 833 426 323
L 834 428 -324
L 835 426 -323
D 832 427 2 833 834 835 15
L 836 424 322
D 830 425 2 831 832 836 15
L 838 422 532
D 837 421 2 823 838 828 47
D 821 423 2 822 830 837 15
L 840 416 415
D 839 415 2 818 840 820 47
D 816 417 2 817 821 839 15
L 845 412 -575
D 844 411 2 809 845 811 47
D 843 409 2 804 844 812 47
D 842 405 2 802 843 814 47
D 841 403 2 800 842 815 47
D 798 413 2 799 816 841 15
L 847 430 -530
L 850 432 533
L 852 434 325
L 853 436 -326
L 854 434 -325
D 851 435 2 852 853 854 15
L 855 432 -533
D 849 433 2 850 851 855 15
L 857 438 458
L 858 440 -593
L 859 438 -458
D 856 439 2 857 858 859 15
L 862 436 326
D 861 435 2 852 862 854 47
D 860 433 2 850 861 855 47
D 848 437 2 849 856 860 15
L 863 430 530
D 846 431 2 847 848 863 15
L 869 428 324
D 868 427 2 833 869 835 47
D 867 425 2 831 868 836 47
D 866 423 2 822 867 837 47
D 865 417 2 817 866 839 47
D 864 413 2 799 865 841 47
D 797 429 2 798 846 864 15
L 872 400 -508
D 871 399 2 789 872 794 47
D 870 395 2 787 871 796 47
D 785 401 2 786 797 870 15
L 877 442 556
L 879 444 -489
L 880 446 505
L 881 444 489
D 878 445 2 879 880 881 15
L 882 442 -556
D 876 443 2 877 878 882 15
L 886 448 -118
L 887 450 119
L 888 448 118
D 885 449 2 886 887 888 15
L 891 452 105
L 892 454 -104
L 893 452 -105
L 894 454 104
D 890 453 2 891 892 893 894
L 897 456 -475
L 899 458 210
L 900 460 -209
L 901 458 -210
D 898 459 2 899 900 901 15
L 902 456 475
D 896 457 2 897 898 902 15
L 903 462 442
L 906 460 209
D 905 459 2 899 906 901 47
D 904 457 2 897 905 902 47
D 895 461 2 896 903 904 15
D 907 453 2 893 892 891 894
D 889 455 2 890 895 907 15
L 909 450 -119
D 908 449 2 886 909 888 47
D 884 451 2 885 889 908 15
L 912 464 -472
L 914 466 49
L 915 468 -48
L 916 466 -49
D 913 467 2 914 915 916 15
L 917 464 472
D 911 465 2 912 913 917 15
L 920 470 84
L 921 472 -85
L 922 470 -84
L 923 472 85
D 919 471 2 920 921 922 923
L 925 474 439
L 927 476 204
L 928 478 -203
L 929 476 -204
D 926 477 2 927 928 929 15
L 930 474 -439
D 924 475 2 925 926 930 15
D 931 471 2 922 921 920 923
D 918 473 2 919 924 931 15
L 934 468 48
D 933 467 2 914 934 916 47
D 932 465 2 912 933 917 47
D 910 469 2 911 918 932 15
L 938 462 -442
D 937 461 2 896 938 904 47
D 936 455 2 890 937 907 47
D 935 451 2 885 936 908 47
D 883 463 2 884 910 935 15
L 941 446 -505
D 940 445 2 879 941 881 47
D 939 443 2 877 940 882 47
D 875 447 2 876 883 939 15
L 944 480 271
L 946 482 -270
L 948 484 -236
L 949 486 235
L 950 484 236
D 947 485 2 948 949 950 15
L 951 482 270
D 945 483 2 946 947 951 15
L 952 480 -271
D 943 481 2 944 945 952 15
L 956 488 -408
L 957 490 -409
L 958 488 408
D 955 489 2 956 957 958 15
L 960 492 308
L 962 494 -307
L 963 496 -309
L 964 494 307
D 961 495 2 962 963 964 15
L 965 492 -308
D 959 493 2 960 961 965 15
L 967 490 409
D 966 489 2 956 967 958 47
D 954 491 2 955 959 966 15
L 970 498 109
L 971 500 -108
L 972 498 -109
L 973 500 108
D 969 499 2 970 971 972 973
L 977 502 -310
L 978 504 311
L 979 502 310
D 976 503 2 977 978 979 15
L 980 506 -527
L 982 504 -311
D 981 503 2 977 982 979 47
D 975 505 2 976 980 981 15
L 984 508 455
L 985 510 590
L 986 508 -455
D 983 509 2 984 985 986 15
L 988 506 527
D 987 505 2 976 988 981 47
D 974 507 2 975 983 987 15
D 989 499 2 972 971 970 973
D 968 501 2 969 974 989 15
L 993 496 309
D 992 495 2 962 993 964 47
D 991 493 2 960 992 965 47
D 990 491 2 955 991 966 47
D 953 497 2 954 968 990 15
L 997 486 -235
D 996 485 2 948 997 950 47
D 995 483 2 946 996 951 47
D 994 481 2 944 995 952 47
D 942 487 2 943 953 994 15
L 1004 478 203
D 1003 477 2 927 1004 929 47
D 1002 475 2 925 1003 930 47
D 1001 473 2 919 1002 931 47
D 1000 469 2 911 1001 932 47
D 999 463 2 884 1000 935 47
D 998 447 2 876 999 939 47
D 874 479 2 875 942 998 15
L 1009 512 375
L 1012 514 555
L 1015 516 374
L 1016 518 -571
L 1017 516 -374
D 1014 517 2 1015 1016 1017 15
L 1019 520 -268
L 1020 522 269
L 1021 520 268
D 1018 521 2 1019 1020 1021 15
L 1023 518 571
D 1022 517 2 1015 1023 1017 47
D 1013 519 2 1014 1018 1022 15
L 1024 514 -555
D 1011 515 2 1012 1013 1024 15
L 1028 524 233
L 1029 526 -234
L 1030 524 -233
D 1027 525 2 1028 1029 1030 15
L 1032 528 -520
L 1034 530 297
L 1036 532 -298
L 1037 534 -296
L 1038 532 298
D 1035 533 2 1036 1037 1038 15
L 1039 530 -297
D 1033 531 2 1034 1035 1039 15
L 1040 528 520
D 1031 529 2 1032 1033 1040 15
L 1042 526 234
D 1041 525 2 1028 1042 1030 47
D 1026 527 2 1027 1031 1041 15
L 1046 536 91
L 1047 538 -90
L 1048 536 -91
L 1049 538 90
D 1045 537 2 1046 1047 1048 1049
L 1051 540 142
L 1053 542 35
L 1054 544 -34
L 1055 542 -35
L 1056 544 34
D 1052 543 2 1053 1054 1055 1056
L 1057 540 -142
D 1050 541 2 1051 1052 1057 15
D 1058 537 2 1048 1047 1046 1049
D 1044 539 2 1045 1050 1058 15
L 1062 546 -406
L 1063 548 -407
L 1064 546 406
D 1061 547 2 1062 1063 1064 15
L 1067 550 -305
L 1068 552 306
L 1069 550 305
D 1066 551 2 1067 1068 1069 15
L 1070 554 -525
L 1072 552 -306
D 1071 551 2 1067 1072 1069 47
D 1065 553 2 1066 1070 1071 15
L 1074 548 407
D 1073 547 2 1062 1074 1064 47
D 1060 549 2 1061 1065 1073 15
L 1076 556 589
L 1077 558 454
L 1078 556 -589
D 1075 557 2 1076 1077 1078 15
L 1081 554 525
D 1080 553 2 1066 1081 1071 47
D 1079 549 2 1061 1080 1073 47
D 1059 555 2 1060 1075 1079 15
D 1084 543 2 1055 1054 1053 1056
D 1083 541 2 1051 1084 1057 47
D 1082 539 2 1045 1083 1058 47
D 1043 545 2 1044 1059 1082 15
L 1089 534 296
D 1088 533 2 1036 1089 1038 47
D 1087 531 2 1034 1088 1039 47
D 1086 529 2 1032 1087 1040 47
D 1085 527 2 1027 1086 1041 47
D 1025 535 2 1026 1043 1085 15
L 1093 522 -269
D 1092 521 2 1019 1093 1021 47
D 1091 519 2 1014 1092 1022 47
D 1090 515 2 1012 1091 1024 47
D 1010 523 2 1011 1025 1090 15
L 1094 512 -375
D 1098 517 2 1017 1023 1015 15
D 1099 521 2 1021 1093 1019 15
D 1100 517 2 1017 1016 1015 47
D 1097 519 2 1098 1099 1100 15
D 1096 515 2 1012 1097 1024 15
D 1105 547 2 1064 1063 1062 15
D 1107 551 2 1069 1072 1067 15
D 1108 551 2 1069 1068 1067 47
D 1106 553 2 1107 1081 1108 15
D 1109 547 2 1064 1074 1062 47
D 1104 549 2 1105 1106 1109 15
D 1110 557 2 1078 1077 1076 15
D 1112 553 2 1107 1070 1108 47
D 1111 549 2 1105 1112 1109 47
D 1103 555 2 1104 1110 1111 15
D 1102 545 2 1044 1103 1082 15
D 1101 535 2 1026 1102 1085 15
D 1115 521 2 1021 1020 1019 47
D 1114 519 2 1098 1115 1100 47
D 1113 515 2 1012 1114 1024 47
D 1095 523 2 1096 1101 1113 15
D 1008 513 2 1009 1010 1094 1095
L 1118 560 373
L 1122 562 262
L 1124 564 -261
L 1125 566 -263
L 1126 564 261
D 1123 565 2 1124 1125 1126 15
L 1127 562 -262
D 1121 563 2 1122 1123 1127 15
L 1131 568 -570
L 1132 570 372
L 1133 568 570
D 1130 569 2 1131 1132 1133 15
L 1135 572 -266
L 1137 574 267
L 1139 576 -232
L 1140 578 231
L 1141 576 232
D 1138 577 2 1139 1140 1141 15
L 1142 574 -267
D 1136 575 2 1137 1138 1142 15
L 1143 572 266
D 1134 573 2 1135 1136 1143 15
L 1145 570 -372
D 1144 569 2 1131 1145 1133 47
D 1129 571 2 1130 1134 1144 15
L 1148 580 -403
L 1149 582 -405
L 1150 580 403
D 1147 581 2 1148 1149 1150 15
L 1153 584 -302
L 1156 586 303
L 1157 588 -304
L 1158 586 -303
D 1155 587 2 1156 1157 1158 15
L 1159 590 523
L 1161 588 304
D 1160 587 2 1156 1161 1158 47
D 1154 589 2 1155 1159 1160 15
L 1162 584 302
D 1152 585 2 1153 1154 1162 15
L 1165 592 437
L 1167 594 52
L 1168 596 -53
L 1169 594 -52
L 1170 596 53
D 1166 595 2 1167 1168 1169 1170
L 1171 592 -437
D 1164 593 2 1165 1166 1171 15
L 1174 598 47
L 1175 600 -46
L 1176 598 -47
L 1177 600 46
D 1173 599 2 1174 1175 1176 1177
L 1179 602 588
L 1181 604 453
L 1182 606 -524
L 1183 604 -453
D 1180 605 2 1181 1182 1183 15
L 1184 602 -588
D 1178 603 2 1179 1180 1184 15
D 1185 599 2 1176 1175 1174 1177
D 1172 601 2 1173 1178 1185 15
D 1187 595 2 1169 1168 1167 1170
D 1186 593 2 1165 1187 1171 47
D 1163 597 2 1164 1172 1186 15
L 1190 590 -523
D 1189 589 2 1155 1190 1160 47
D 1188 585 2 1153 1189 1162 47
D 1151 591 2 1152 1163 1188 15
L 1192 582 405
D 1191 581 2 1148 1192 1150 47
D 1146 583 2 1147 1151 1191 15
L 1197 578 -231
D 1196 577 2 1139 1197 1141 47
D 1195 575 2 1137 1196 1142 47
D 1194 573 2 1135 1195 1143 47
D 1193 571 2 1130 1194 1144 47
D 1128 579 2 1129 1146 1193 15
L 1200 566 263
D 1199 565 2 1124 1200 1126 47
D 1198 563 2 1122 1199 1127 47
D 1120 567 2 1121 1128 1198 15
L 1205 608 25
L 1206 610 -24
L 1207 608 -25
D 1204 609 2 1205 1206 1207 15
L 1209 612 -470
L 1211 614 200
L 1212 616 -199
L 1213 614 -200
D 1210 615 2 1211 1212 1213 15
L 1214 612 470
D 1208 613 2 1209 1210 1214 15
L 1216 610 24
D 1215 609 2 1205 1216 1207 47
D 1203 611 2 1204 1208 1215 15
L 1218 618 -44
L 1223 620 -178
L 1224 622 177
L 1225 620 178
D 1222 621 2 1223 1224 1225 15
L 1226 624 179
L 1228 622 -177
D 1227 621 2 1223 1228 1225 47
D 1221 623 2 1222 1226 1227 15
L 1233 626 -183
L 1234 628 -184
L 1235 626 183
D 1232 627 2 1233 1234 1235 15
L 1236 630 -180
L 1238 628 184
D 1237 627 2 1233 1238 1235 47
D 1231 629 2 1232 1236 1237 15
L 1241 632 -185
L 1243 634 -186
L 1244 636 -187
L 1245 634 186
D 1242 635 2 1243 1244 1245 15
L 1246 632 185
D 1240 633 2 1241 1242 1246 15
L 1248 638 -181
L 1249 640 -182
L 1250 638 181
D 1247 639 2 1248 1249 1250 15
L 1253 636 187
D 1252 635 2 1243 1253 1245 47
D 1251 633 2 1241 1252 1246 47
D 1239 637 2 1240 1247 1251 15
L 1255 630 180
D 1254 629 2 1232 1255 1237 47
D 1230 631 2 1231 1239 1254 15
L 1259 642 -188
L 1260 644 -189
L 1261 642 188
D 1258 643 2 1259 1260 1261 15
L 1263 646 -190
L 1264 648 -191
L 1265 646 190
D 1262 647 2 1263 1264 1265 15
L 1267 644 189
D 1266 643 2 1259 1267 1261 47
D 1257 645 2 1258 1262 1266 15
L 1270 650 -192
L 1271 652 -193
L 1272 650 192
D 1269 651 2 1270 1271 1272 15
L 1274 654 -194
L 1276 656 -195
L 1277 658 -196
L 1278 656 195
D 1275 657 2 1276 1277 1278 15
L 1279 654 194
D 1273 655 2 1274 1275 1279 15
L 1281 652 193
D 1280 651 2 1270 1281 1272 47
D 1268 653 2 1269 1273 1280 15
L 1284 648 191
D 1283 647 2 1263 1284 1265 47
D 1282 645 2 1258 1283 1266 47
D 1256 649 2 1257 1268 1282 15
L 1288 640 182
D 1287 639 2 1248 1288 1250 47
D 1286 637 2 1240 1287 1251 47
D 1285 631 2 1231 1286 1254 47
D 1229 641 2 1230 1256 1285 15
L 1290 624 -179
D 1289 623 2 1222 1290 1227 47
D 1220 625 2 1221 1229 1289 15
L 1291 660 45
L 1298 658 196
D 1297 657 2 1276 1298 1278 47
D 1296 655 2 1274 1297 1279 47
D 1295 653 2 1269 1296 1280 47
D 1294 649 2 1257 1295 1282 47
D 1293 641 2 1230 1294 1285 47
D 1292 625 2 1221 1293 1289 47
D 1219 659 2 1220 1291 1292 15
L 1299 618 44
D 1217 619 2 1218 1219 1299 15
L 1303 616 199
D 1302 615 2 1211 1303 1213 47
D 1301 613 2 1209 1302 1214 47
D 1300 611 2 1204 1301 1215 47
D 1202 617 2 1203 1217 1300 15
L 1306 662 -58
L 1307 664 59
L 1308 662 58
D 1305 663 2 1306 1307 1308 15
L 1310 666 -487
L 1312 668 554
L 1313 670 503
L 1314 668 -554
D 1311 669 2 1312 1313 1314 15
L 1315 666 487
D 1309 667 2 1310 1311 1315 15
L 1317 664 -59
D 1316 663 2 1306 1317 1308 47
D 1304 665 2 1305 1309 1316 15
L 1321 660 -45
D 1320 659 2 1220 1321 1292 47
D 1319 619 2 1218 1320 1299 47
D 1318 617 2 1203 1319 1300 47
D 1201 661 2 1202 1304 1318 15
L 1330 606 524
D 1329 605 2 1181 1330 1183 47
D 1328 603 2 1179 1329 1184 47
D 1327 601 2 1173 1328 1185 47
D 1326 597 2 1164 1327 1186 47
D 1325 591 2 1152 1326 1188 47
D 1324 583 2 1147 1325 1191 47
D 1323 579 2 1129 1324 1193 47
D 1322 567 2 1121 1323 1198 47
D 1119 607 2 1120 1201 1322 15
L 1331 560 -373
D 1117 561 2 1118 1119 1331 15
L 1335 672 552
L 1337 674 -468
L 1338 676 485
L 1339 674 468
D 1336 675 2 1337 1338 1339 15
L 1340 672 -552
D 1334 673 2 1335 1336 1340 15
L 1342 678 -519
L 1345 680 -143
L 1346 682 144
L 1347 680 143
D 1344 681 2 1345 1346 1347 15
L 1349 684 -40
L 1350 686 41
L 1351 684 40
D 1348 685 2 1349 1350 1351 15
L 1353 682 -144
D 1352 681 2 1345 1353 1347 47
D 1343 683 2 1344 1348 1352 15
L 1354 678 519
D 1341 679 2 1342 1343 1354 15
L 1357 676 -485
D 1356 675 2 1337 1357 1339 47
D 1355 673 2 1335 1356 1340 47
D 1333 677 2 1334 1341 1355 15
L 1361 688 -7
L 1362 690 8
L 1363 688 7
D 1360 689 2 1361 1362 1363 15
L 1365 692 436
L 1367 694 71
L 1368 696 -70
L 1369 694 -71
L 1370 696 70
D 1366 695 2 1367 1368 1369 1370
L 1371 692 -436
D 1364 693 2 1365 1366 1371 15
L 1373 690 -8
D 1372 689 2 1361 1373 1363 47
D 1359 691 2 1360 1364 1372 15
L 1377 698 30
L 1378 700 -31
L 1379 698 -30
L 1380 700 31
D 1376 699 2 1377 1378 1379 1380
L 1383 702 -569
L 1384 704 553
L 1385 702 569
D 1382 703 2 1383 1384 1385 15
L 1388 706 -264
L 1389 708 265
L 1390 706 264
D 1387 707 2 1388 1389 1390 15
L 1392 710 229
L 1393 712 -230
L 1394 710 -229
D 1391 711 2 1392 1393 1394 15
L 1396 708 -265
D 1395 707 2 1388 1396 1390 47
D 1386 709 2 1387 1391 1395 15
L 1398 704 -553
D 1397 703 2 1383 1398 1385 47
D 1381 705 2 1382 1386 1397 15
D 1399 699 2 1379 1378 1377 1380
D 1375 701 2 1376 1381 1399 15
L 1405 714 198
L 1406 716 -197
L 1407 714 -198
D 1404 715 2 1405 1406 1407 15
L 1410 718 115
L 1411 720 -469
L 1412 718 -115
D 1409 719 2 1410 1411 1412 15
L 1413 722 -114
L 1415 720 469
D 1414 719 2 1410 1415 1412 47
D 1408 721 2 1409 1413 1414 15
L 1417 716 197
D 1416 715 2 1405 1417 1407 47
D 1403 717 2 1404 1408 1416 15
L 1420 724 51
L 1421 726 -50
L 1422 724 -51
D 1419 725 2 1420 1421 1422 15
L 1424 728 502
L 1425 730 -486
L 1426 728 -502
D 1423 729 2 1424 1425 1426 15
L 1428 726 50
D 1427 725 2 1420 1428 1422 47
D 1418 727 2 1419 1423 1427 15
L 1431 722 114
D 1430 721 2 1409 1431 1414 47
D 1429 717 2 1404 1430 1416 47
D 1402 723 2 1403 1418 1429 15
L 1433 732 -402
L 1435 734 -434
L 1436 736 585
L 1437 734 434
D 1434 735 2 1435 1436 1437 15
L 1438 732 402
D 1432 733 2 1433 1434 1438 15
L 1442 730 486
D 1441 729 2 1424 1442 1426 47
D 1440 727 2 1419 1441 1427 47
D 1439 723 2 1403 1440 1429 47
D 1401 731 2 1402 1432 1439 15
L 1446 738 -404
L 1447 740 -518
L 1448 738 404
D 1445 739 2 1446 1447 1448 15
L 1450 742 -17
L 1452 744 -15
L 1453 746 16
L 1454 744 15
D 1451 745 2 1452 1453 1454 15
L 1455 742 17
D 1449 743 2 1450 1451 1455 15
L 1457 740 518
D 1456 739 2 1446 1457 1448 47
D 1444 741 2 1445 1449 1456 15
L 1461 748 521
L 1462 750 -522
L 1463 748 -521
D 1460 749 2 1461 1462 1463 15
L 1465 752 300
L 1467 754 -299
L 1468 756 -301
L 1469 754 299
D 1466 755 2 1467 1468 1469 15
L 1470 752 -300
D 1464 753 2 1465 1466 1470 15
L 1472 750 522
D 1471 749 2 1461 1472 1463 47
D 1459 751 2 1460 1464 1471 15
L 1476 758 74
L 1477 760 -75
L 1478 758 -74
L 1479 760 75
D 1475 759 2 1476 1477 1478 1479
L 1481 762 586
L 1482 764 452
L 1483 762 -586
D 1480 763 2 1481 1482 1483 15
D 1484 759 2 1478 1477 1476 1479
D 1474 761 2 1475 1480 1484 15
L 1486 766 116
L 1487 768 -117
L 1488 766 -116
L 1489 768 117
D 1485 767 2 1486 1487 1488 1489
L 1492 764 -452
D 1491 763 2 1481 1492 1483 47
D 1490 761 2 1475 1491 1484 47
D 1473 765 2 1474 1485 1490 15
L 1496 756 301
D 1495 755 2 1467 1496 1469 47
D 1494 753 2 1465 1495 1470 47
D 1493 751 2 1460 1494 1471 47
D 1458 757 2 1459 1473 1493 15
L 1500 746 -16
D 1499 745 2 1452 1500 1454 47
D 1498 743 2 1450 1499 1455 47
D 1497 741 2 1445 1498 1456 47
D 1443 747 2 1444 1458 1497 15
L 1504 736 -585
D 1503 735 2 1435 1504 1437 47
D 1502 733 2 1433 1503 1438 47
D 1501 731 2 1402 1502 1439 47
D 1400 737 2 1401 1443 1501 15
L 1509 712 230
D 1508 711 2 1392 1509 1394 47
D 1507 709 2 1387 1508 1395 47
D 1506 705 2 1382 1507 1397 47
D 1505 701 2 1376 1506 1399 47
D 1374 713 2 1375 1400 1505 15
D 1512 695 2 1369 1368 1367 1370
D 1511 693 2 1365 1512 1371 47
D 1510 691 2 1360 1511 1372 47
D 1358 697 2 1359 1374 1510 15
L 1517 686 -41
D 1516 685 2 1349 1517 1351 47
D 1515 683 2 1344 1516 1352 47
D 1514 679 2 1342 1515 1354 47
D 1513 677 2 1334 1514 1355 47
D 1332 687 2 1333 1358 1513 15
L 1524 670 -503
D 1523 669 2 1312 1524 1314 47
D 1522 667 2 1310 1523 1315 47
D 1521 665 2 1305 1522 1316 47
D 1520 661 2 1202 1521 1318 47
D 1519 607 2 1120 1520 1322 47
D 1518 561 2 1118 1519 1331 47
D 1116 671 2 1117 1332 1518 15
L 1531 558 -454
D 1530 557 2 1076 1531 1078 47
D 1529 555 2 1060 1530 1079 47
D 1528 545 2 1044 1529 1082 47
D 1527 535 2 1026 1528 1085 47
D 1526 523 2 1011 1527 1090 47
D 1536 557 2 1078 1531 1076 47
D 1535 555 2 1104 1536 1111 47
D 1534 545 2 1044 1535 1082 47
D 1533 535 2 1026 1534 1085 47
D 1532 523 2 1096 1533 1113 47
D 1525 513 2 1009 1526 1094 1532
D 1007 559 2 1008 1116 1525 15
L 1542 770 -110
L 1543 772 111
L 1544 770 110
D 1541 771 2 1542 1543 1544 15
L 1546 774 18
L 1547 776 -19
L 1548 774 -18
L 1549 776 19
D 1545 775 2 1546 1547 1548 1549
L 1551 772 -111
D 1550 771 2 1542 1551 1544 47
D 1540 773 2 1541 1545 1550 15
L 1553 778 504
L 1556 780 -128
L 1557 782 129
L 1558 780 128
D 1555 781 2 1556 1557 1558 15
L 1561 784 438
L 1563 786 -471
L 1565 788 -201
L 1566 790 202
L 1567 788 201
D 1564 789 2 1565 1566 1567 15
L 1568 786 471
D 1562 787 2 1563 1564 1568 15
L 1569 784 -438
D 1560 785 2 1561 1562 1569 15
L 1571 792 87
L 1572 794 -86
L 1573 792 -87
L 1574 794 86
D 1570 793 2 1571 1572 1573 1574
L 1578 790 -202
D 1577 789 2 1565 1578 1567 47
D 1576 787 2 1563 1577 1568 47
D 1575 785 2 1561 1576 1569 47
D 1559 791 2 1560 1570 1575 15
L 1580 782 -129
D 1579 781 2 1556 1580 1558 47
D 1554 783 2 1555 1559 1579 15
L 1581 778 -504
D 1552 779 2 1553 1554 1581 15
D 1583 775 2 1548 1547 1546 1549
D 1582 773 2 1541 1583 1550 47
D 1539 777 2 1540 1552 1582 15
L 1586 796 -32
L 1587 798 33
L 1588 796 32
D 1585 797 2 1586 1587 1588 15
L 1590 800 -488
L 1591 802 506
L 1592 800 488
D 1589 801 2 1590 1591 1592 15
L 1594 798 -33
D 1593 797 2 1586 1594 1588 47
D 1584 799 2 1585 1589 1593 15
D 1599 793 2 1573 1572 1571 1574
D 1598 791 2 1560 1599 1575 47
D 1597 783 2 1555 1598 1579 47
D 1596 779 2 1553 1597 1581 47
D 1595 777 2 1540 1596 1582 47
D 1538 795 2 1539 1584 1595 15
L 1601 804 379
L 1605 806 -490
L 1606 808 378
L 1607 806 490
D 1604 807 2 1605 1606 1607 15
L 1609 810 591
L 1611 812 -529
L 1612 814 456
L 1613 812 529
D 1610 813 2 1611 1612 1613 15
L 1614 810 -591
D 1608 811 2 1609 1610 1614 15
L 1616 808 -378
D 1615 807 2 1605 1616 1607 47
D 1603 809 2 1604 1608 1615 15
L 1620 816 -410
L 1621 818 -411
L 1622 816 410
D 1619 817 2 1620 1621 1622 15
L 1624 820 -315
L 1625 822 316
L 1626 820 315
D 1623 821 2 1624 1625 1626 15
L 1628 818 411
D 1627 817 2 1620 1628 1622 47
D 1618 819 2 1619 1623 1627 15
L 1631 824 557
L 1632 826 -573
L 1633 824 -557
D 1630 825 2 1631 1632 1633 15
L 1636 828 -528
L 1638 830 -238
L 1639 832 237
L 1640 830 238
D 1637 831 2 1638 1639 1640 15
L 1641 828 528
D 1635 829 2 1636 1637 1641 15
L 1644 834 -272
L 1645 836 273
L 1646 834 272
D 1643 835 2 1644 1645 1646 15
L 1648 838 -314
L 1650 840 313
L 1651 842 -312
L 1652 840 -313
D 1649 841 2 1650 1651 1652 15
L 1653 838 314
D 1647 839 2 1648 1649 1653 15
L 1655 836 -273
D 1654 835 2 1644 1655 1646 47
D 1642 837 2 1643 1647 1654 15
L 1658 832 -237
D 1657 831 2 1638 1658 1640 47
D 1656 829 2 1636 1657 1641 47
D 1634 833 2 1635 1642 1656 15
L 1660 826 573
D 1659 825 2 1631 1660 1633 47
D 1629 827 2 1630 1634 1659 15
L 1663 822 -316
D 1662 821 2 1624 1663 1626 47
D 1661 819 2 1619 1662 1627 47
D 1617 823 2 1618 1629 1661 15
L 1667 814 -456
D 1666 813 2 1611 1667 1613 47
D 1665 811 2 1609 1666 1614 47
D 1664 809 2 1604 1665 1615 47
D 1602 815 2 1603 1617 1664 15
L 1668 804 -379
D 1671 807 2 1605 1616 1607 15
D 1673 813 2 1613 1612 1611 15
D 1672 811 2 1614 1673 1609 15
D 1674 807 2 1605 1606 1607 47
D 1670 809 2 1671 1672 1674 15
D 1677 817 2 1622 1621 1620 15
D 1678 821 2 1626 1663 1624 15
D 1679 817 2 1622 1628 1620 47
D 1676 819 2 1677 1678 1679 15
D 1681 825 2 1631 1660 1633 15
D 1684 835 2 1646 1655 1644 15
D 1685 835 2 1646 1645 1644 47
D 1683 837 2 1684 1647 1685 15
D 1682 833 2 1635 1683 1656 15
D 1686 825 2 1631 1632 1633 47
D 1680 827 2 1681 1682 1686 15
D 1688 821 2 1626 1625 1624 47
D 1687 819 2 1677 1688 1679 47
D 1675 823 2 1676 1680 1687 15
D 1691 813 2 1613 1667 1611 47
D 1690 811 2 1614 1691 1609 47
D 1689 809 2 1671 1690 1674 47
D 1669 815 2 1670 1675 1689 15
D 1600 805 2 1601 1602 1668 1669
L 1695 802 -506
D 1694 801 2 1590 1695 1592 47
D 1693 799 2 1585 1694 1593 47
D 1692 795 2 1539 1693 1595 47
D 1537 803 2 1538 1600 1692 15
D 1705 767 2 1488 1487 1486 1489
D 1704 765 2 1474 1705 1490 47
D 1703 757 2 1459 1704 1493 47
D 1702 747 2 1444 1703 1497 47
D 1701 737 2 1401 1702 1501 47
D 1700 713 2 1375 1701 1505 47
D 1699 697 2 1359 1700 1510 47
D 1698 687 2 1333 1699 1513 47
D 1697 671 2 1117 1698 1518 47
D 1696 559 2 1008 1697 1525 47
D 1006 769 2 1007 1537 1696 15
L 1711 844 -66
L 1712 846 67
L 1713 844 66
D 1710 845 2 1711 1712 1713 15
L 1715 848 37
L 1716 850 -36
L 1717 848 -37
L 1718 850 36
D 1714 849 2 1715 1716 1717 1718
L 1720 846 -67
D 1719 845 2 1711 1720 1713 47
D 1709 847 2 1710 1714 1719 15
L 1722 852 -473
L 1724 854 440
L 1726 856 206
L 1727 858 -205
L 1728 856 -206
D 1725 857 2 1726 1727 1728 15
L 1729 854 -440
D 1723 855 2 1724 1725 1729 15
L 1730 852 473
D 1721 853 2 1722 1723 1730 15
D 1732 849 2 1717 1716 1715 1718
D 1731 847 2 1710 1732 1719 47
D 1708 851 2 1709 1721 1731 15
L 1734 860 592
L 1736 862 -572
L 1737 864 457
L 1738 862 572
D 1735 863 2 1736 1737 1738 15
L 1739 860 -592
D 1733 861 2 1734 1735 1739 15
L 1744 858 205
D 1743 857 2 1726 1744 1728 47
D 1742 855 2 1724 1743 1729 47
D 1741 853 2 1722 1742 1730 47
D 1740 851 2 1709 1741 1731 47
D 1707 859 2 1708 1733 1740 15
L 1748 866 -526
L 1749 868 -587
L 1750 866 526
D 1747 867 2 1748 1749 1750 15
L 1751 870 381
L 1753 868 587
D 1752 867 2 1748 1753 1750 47
D 1746 869 2 1747 1751 1752 15
L 1757 872 380
L 1758 874 -574
L 1759 872 -380
D 1756 873 2 1757 1758 1759 15
L 1761 876 275
L 1764 878 239
L 1765 880 -240
L 1766 878 -239
D 1763 879 2 1764 1765 1766 15
L 1767 882 -274
L 1769 880 240
D 1768 879 2 1764 1769 1766 47
D 1762 881 2 1763 1767 1768 15
L 1770 876 -275
D 1760 877 2 1761 1762 1770 15
L 1772 874 574
D 1771 873 2 1757 1772 1759 47
D 1755 875 2 1756 1760 1771 15
L 1775 884 318
L 1777 886 -317
L 1778 888 -319
L 1779 886 317
D 1776 887 2 1777 1778 1779 15
L 1780 884 -318
D 1774 885 2 1775 1776 1780 15
L 1783 890 -413
L 1784 892 -412
L 1785 890 413
D 1782 891 2 1783 1784 1785 15
L 1787 894 -531
L 1789 896 321
L 1790 898 -320
L 1791 896 -321
D 1788 897 2 1789 1790 1791 15
L 1792 894 531
D 1786 895 2 1787 1788 1792 15
L 1794 892 412
D 1793 891 2 1783 1794 1785 47
D 1781 893 2 1782 1786 1793 15
L 1797 888 319
D 1796 887 2 1777 1797 1779 47
D 1795 885 2 1775 1796 1780 47
D 1773 889 2 1774 1781 1795 15
L 1801 882 274
D 1800 881 2 1763 1801 1768 47
D 1799 877 2 1761 1800 1770 47
D 1798 875 2 1756 1799 1771 47
D 1754 883 2 1755 1773 1798 15
L 1803 870 -381
D 1802 869 2 1747 1803 1752 47
D 1745 871 2 1746 1754 1802 15
D 1805 861 2 1739 1735 1734 15
D 1804 859 2 1708 1805 1740 15
D 1807 869 2 1747 1803 1752 15
D 1810 873 2 1759 1772 1757 15
D 1812 881 2 1763 1801 1768 15
D 1811 877 2 1770 1812 1761 15
D 1813 873 2 1759 1758 1757 47
D 1809 875 2 1810 1811 1813 15
D 1816 891 2 1783 1794 1785 15
L 1819 898 320
D 1818 897 2 1791 1819 1789 15
D 1817 895 2 1792 1818 1787 15
D 1820 891 2 1783 1784 1785 47
D 1815 893 2 1816 1817 1820 15
D 1814 889 2 1774 1815 1795 15
D 1823 881 2 1763 1767 1768 47
D 1822 877 2 1770 1823 1761 47
D 1821 875 2 1810 1822 1813 47
D 1808 883 2 1809 1814 1821 15
D 1824 869 2 1747 1751 1752 47
D 1806 871 2 1807 1808 1824 15
L 1827 864 -457
D 1826 863 2 1736 1827 1738 47
D 1825 859 2 1708 1826 1740 47
D 1706 865 3 1707 1745 1804 1806 1825 15
L 1838 842 312
D 1837 841 2 1650 1838 1652 47
D 1836 839 2 1648 1837 1653 47
D 1835 837 2 1643 1836 1654 47
D 1834 833 2 1635 1835 1656 47
D 1833 827 2 1630 1834 1659 47
D 1832 823 2 1618 1833 1661 47
D 1831 815 2 1603 1832 1664 47
D 1843 837 2 1684 1836 1685 47
D 1842 833 2 1635 1843 1656 47
D 1841 827 2 1681 1842 1686 47
D 1840 823 2 1676 1841 1687 47
D 1839 815 2 1670 1840 1689 47
D 1830 805 2 1601 1831 1668 1839
D 1829 803 2 1538 1830 1692 47
D 1828 769 2 1007 1829 1696 47
D 1005 843 2 1006 1706 1828 15
L 1850 510 -590
D 1849 509 2 984 1850 986 47
D 1848 507 2 975 1849 987 47
D 1847 501 2 969 1848 989 47
D 1846 497 2 954 1847 990 47
D 1845 487 2 943 1846 994 47
D 1844 479 2 875 1845 998 47
D 873 511 2 874 1005 1844 15
L 1856 440 593
D 1855 439 2 857 1856 859 47
D 1854 437 2 849 1855 860 47
D 1853 431 2 847 1854 863 47
D 1852 429 2 798 1853 864 47
D 1851 401 2 786 1852 870 47
D 784 441 2 785 873 1851 15
L 1860 900 -491
L 1862 902 507
L 1863 904 558
L 1864 902 -507
D 1861 903 2 1862 1863 1864 15
L 1865 900 491
D 1859 901 2 1860 1861 1865 15
L 1868 906 376
L 1869 908 -474
L 1870 906 -376
D 1867 907 2 1868 1869 1870 15
L 1874 910 100
L 1875 912 -101
L 1876 910 -100
L 1877 912 101
D 1873 911 2 1874 1875 1876 1877
L 1879 914 2
L 1880 916 -1
L 1881 914 -2
D 1878 915 2 1879 1880 1881 15
D 1882 911 2 1876 1875 1874 1877
D 1872 913 2 1873 1878 1882 15
L 1884 918 441
L 1886 920 208
L 1887 922 -207
L 1888 920 -208
D 1885 921 2 1886 1887 1888 15
L 1889 918 -441
D 1883 919 2 1884 1885 1889 15
L 1892 916 1
D 1891 915 2 1879 1892 1881 47
D 1890 913 2 1873 1891 1882 47
D 1871 917 2 1872 1883 1890 15
L 1894 908 474
D 1893 907 2 1868 1894 1870 47
D 1866 909 2 1867 1871 1893 15
L 1897 904 -558
D 1896 903 2 1862 1897 1864 47
D 1895 901 2 1860 1896 1865 47
D 1858 905 2 1859 1866 1895 15
L 1899 924 377
L 1901 926 -383
L 1904 928 -382
L 1906 930 125
L 1907 932 -124
L 1908 930 -125
L 1909 932 124
D 1905 931 2 1906 1907 1908 1909
L 1910 928 382
D 1903 929 2 1904 1905 1910 15
L 1913 934 99
L 1914 936 -98
L 1915 934 -99
L 1916 936 98
D 1912 935 2 1913 1914 1915 1916
L 1918 938 126
L 1919 940 -127
L 1920 938 -126
L 1921 940 127
D 1917 939 2 1918 1919 1920 1921
D 1922 935 2 1915 1914 1913 1916
D 1911 937 2 1912 1917 1922 15
D 1924 931 2 1908 1907 1906 1909
D 1923 929 2 1904 1924 1910 47
D 1902 933 2 1903 1911 1923 15
L 1925 926 383
D 1900 927 2 1901 1902 1925 15
L 1926 924 -377
D 1898 925 2 1899 1900 1926 15
L 1932 922 207
D 1931 921 2 1886 1932 1888 47
D 1930 919 2 1884 1931 1889 47
D 1929 917 2 1872 1930 1890 47
D 1928 909 2 1867 1929 1893 47
D 1927 905 2 1859 1928 1895 47
D 1857 923 2 1858 1898 1927 15
D 1940 411 2 811 845 809 15
D 1939 409 2 804 1940 812 15
D 1938 405 2 814 1939 802 15
D 1937 403 2 800 1938 815 15
D 1942 415 2 820 819 818 15
D 1943 415 2 820 840 818 47
D 1941 417 2 1942 821 1943 15
D 1947 411 2 811 810 809 47
D 1946 409 2 804 1947 812 47
D 1945 405 2 814 1946 802 47
D 1944 403 2 800 1945 815 47
D 1936 413 2 1937 1941 1944 15
D 1951 435 2 854 862 852 15
D 1950 433 2 855 1951 850 15
D 1952 439 2 857 1856 859 15
D 1954 435 2 854 853 852 47
D 1953 433 2 855 1954 850 47
D 1949 437 2 1950 1952 1953 15
D 1948 431 2 847 1949 863 15
D 1956 417 2 1942 866 1943 47
D 1955 413 2 1937 1956 1944 47
D 1935 429 2 1936 1948 1955 15
D 1934 401 2 786 1935 870 15
D 1961 439 2 857 858 859 47
D 1960 437 2 1950 1961 1953 47
D 1959 431 2 847 1960 863 47
D 1958 429 2 1936 1959 1955 47
D 1957 401 2 786 1958 870 47
D 1933 441 2 1934 873 1957 15
D 1966 929 2 1910 1905 1904 15
D 1967 929 2 1910 1924 1904 47
D 1965 933 2 1966 1911 1967 15
D 1964 927 2 1925 1965 1901 15
D 1963 925 2 1899 1964 1926 15
D 1962 923 2 1858 1963 1927 15
D 1973 483 2 951 947 946 15
D 1972 481 2 952 1973 944 15
D 1976 489 2 958 957 956 15
D 1977 489 2 958 967 956 47
D 1975 491 2 1976 959 1977 15
D 1981 503 2 979 982 977 15
D 1982 503 2 979 978 977 47
D 1980 505 2 1981 988 1982 15
D 1983 509 2 984 1850 986 15
D 1984 505 2 1981 980 1982 47
D 1979 507 2 1980 1983 1984 15
D 1978 501 2 969 1979 989 15
D 1985 491 2 1976 991 1977 47
D 1974 497 2 1975 1978 1985 15
D 1987 483 2 951 996 946 47
D 1986 481 2 952 1987 944 47
D 1971 487 2 1972 1974 1986 15
D 1970 479 2 875 1971 998 15
D 1992 863 2 1738 1737 1736 15
D 1991 861 2 1734 1992 1739 15
D 1990 859 2 1708 1991 1740 15
D 1994 861 2 1739 1992 1734 15
D 1993 859 2 1708 1994 1740 15
D 1996 863 2 1738 1827 1736 47
D 1995 859 2 1708 1996 1740 47
D 1989 865 3 1990 1745 1993 1806 1995 15
D 1988 843 2 1006 1989 1828 15
D 2002 509 2 984 985 986 47
D 2001 507 2 1980 2002 1984 47
D 2000 501 2 969 2001 989 47
D 1999 497 2 1975 2000 1985 47
D 1998 487 2 1972 1999 1986 47
D 1997 479 2 875 1998 998 47
D 1969 511 2 1970 1988 1997 15
D 1968 441 2 785 1969 1851 15
D 2006 907 2 1870 1869 1868 15
D 2007 907 2 1870 1894 1868 47
D 2005 909 2 2006 1871 2007 15
D 2004 905 2 1859 2005 1895 15
D 2008 925 2 1926 1900 1899 15
D 2010 909 2 2006 1929 2007 47
D 2009 905 2 1859 2010 1895 47
D 2003 923 2 2004 2008 2009 15
D 2011 441 2 1934 1969 1957 15
D 2013 925 2 1926 1964 1899 15
D 2012 923 2 2004 2013 2009 15
D 2019 405 2 814 1946 802 843
D 2018 403 2 800 2019 815 47
D 2017 413 3 1937 1956 799 865 2018 47
D 2016 429 3 1936 1948 798 846 2017 15
D 2015 401 2 786 2016 870 15
D 2028 897 2 1791 1790 1789 47
D 2027 895 2 1792 2028 1787 47
D 2026 893 2 1816 2027 1820 47
D 2025 889 2 1774 2026 1795 47
D 2024 883 2 1809 2025 1821 47
D 2023 871 2 1807 2024 1824 47
D 2034 897 2 1789 1819 1791 47
D 2033 895 2 1787 2034 1792 47
D 2032 893 2 1782 2033 1793 47
D 2031 889 2 1774 2032 1795 47
D 2030 883 2 1755 2031 1798 47
D 2029 871 2 1746 2030 1802 47
D 2022 865 3 1804 2023 1707 2029 1825 47
D 2021 843 2 1006 2022 1828 47
D 2036 865 3 1993 2023 1990 2029 1995 47
D 2035 843 2 1006 2036 1828 47
D 2039 481 2 944 995 952 1987
D 2038 487 3 943 1846 1972 1999 2039 47
D 2037 479 2 875 2038 998 47
D 2020 511 3 874 2021 1970 2035 2037 47
D 2041 429 3 798 1853 1936 1959 2017 47
D 2040 401 2 786 2041 870 47
D 2014 441 2 2015 2020 2040 47
D 783 899 5 784 1857 1933 1962 1968 2003 2011 2012 2014 15
L 2045 942 61
L 2046 944 -60
L 2047 942 -61
D 2044 943 2 2045 2046 2047 15
L 2050 946 20
L 2051 948 -21
L 2052 946 -20
L 2053 948 21
D 2049 947 2 2050 2051 2052 2053
L 2055 950 137
L 2056 952 -136
L 2057 950 -137
L 2058 952 136
D 2054 951 2 2055 2056 2057 2058
D 2059 947 2 2052 2051 2050 2053
D 2048 949 2 2049 2054 2059 15
L 2061 944 60
D 2060 943 2 2045 2061 2047 47
D 2043 945 2 2044 2048 2060 15
L 2068 954 -22
L 2069 956 23
L 2070 954 22
D 2067 955 2 2068 2069 2070 15
L 2072 958 88
L 2073 960 -89
L 2074 958 -88
L 2075 960 89
D 2071 959 2 2072 2073 2074 2075
L 2077 956 -23
D 2076 955 2 2068 2077 2070 47
D 2066 957 2 2067 2071 2076 15
L 2079 962 -478
L 2081 964 445
L 2083 966 -215
L 2084 968 216
L 2085 966 215
D 2082 967 2 2083 2084 2085 15
L 2086 964 -445
D 2080 965 2 2081 2082 2086 15
L 2087 962 478
D 2078 963 2 2079 2080 2087 15
D 2089 959 2 2074 2073 2072 2075
D 2088 957 2 2067 2089 2076 47
D 2065 961 2 2066 2078 2088 15
L 2092 970 77
L 2093 972 -76
L 2094 970 -77
D 2091 971 2 2092 2093 2094 15
L 2096 974 562
L 2098 976 -495
L 2099 978 511
L 2100 976 495
D 2097 977 2 2098 2099 2100 15
L 2101 974 -562
D 2095 975 2 2096 2097 2101 15
L 2103 972 76
D 2102 971 2 2092 2103 2094 47
D 2090 973 2 2091 2095 2102 15
L 2108 968 -216
D 2107 967 2 2083 2108 2085 47
D 2106 965 2 2081 2107 2086 47
D 2105 963 2 2079 2106 2087 47
D 2104 961 2 2066 2105 2088 47
D 2064 969 2 2065 2090 2104 15
L 2111 980 -596
L 2112 982 461
L 2113 980 596
D 2110 981 2 2111 2112 2113 15
L 2118 984 -341
L 2119 986 340
L 2120 984 341
D 2117 985 2 2118 2119 2120 15
L 2121 988 539
L 2123 986 -340
D 2122 985 2 2118 2123 2120 47
D 2116 987 2 2117 2121 2122 15
L 2125 990 -538
L 2126 992 578
L 2127 990 538
D 2124 991 2 2125 2126 2127 15
L 2129 988 -539
D 2128 987 2 2117 2129 2122 47
D 2115 989 2 2116 2124 2128 15
L 2133 994 282
L 2134 996 -283
L 2135 994 -282
D 2132 995 2 2133 2134 2135 15
L 2137 998 -248
L 2138 1000 247
L 2139 998 248
D 2136 999 2 2137 2138 2139 15
L 2141 996 283
D 2140 995 2 2133 2141 2135 47
D 2131 997 2 2132 2136 2140 15
L 2144 1002 -337
L 2146 1004 338
L 2147 1006 -339
L 2148 1004 -338
D 2145 1005 2 2146 2147 2148 15
L 2149 1002 337
D 2143 1003 2 2144 2145 2149 15
L 2151 1008 420
L 2152 1010 -421
L 2153 1008 -420
D 2150 1009 2 2151 2152 2153 15
L 2156 1006 339
D 2155 1005 2 2146 2156 2148 47
D 2154 1003 2 2144 2155 2149 47
D 2142 1007 2 2143 2150 2154 15
L 2159 1000 -247
D 2158 999 2 2137 2159 2139 47
D 2157 997 2 2132 2158 2140 47
D 2130 1001 2 2131 2142 2157 15
L 2162 992 -578
D 2161 991 2 2125 2162 2127 47
D 2160 989 2 2116 2161 2128 47
D 2114 993 2 2115 2130 2160 15
L 2164 982 -461
D 2163 981 2 2111 2164 2113 47
D 2109 983 2 2110 2114 2163 15
L 2169 978 -511
D 2168 977 2 2098 2169 2100 47
D 2167 975 2 2096 2168 2101 47
D 2166 973 2 2091 2167 2102 47
D 2165 969 2 2065 2166 2104 47
D 2063 979 2 2064 2109 2165 15
L 2173 1012 -389
L 2174 1014 -388
L 2175 1012 389
D 2172 1013 2 2173 2174 2175 15
L 2177 1016 390
L 2178 1018 391
L 2179 1016 -390
D 2176 1017 2 2177 2178 2179 15
L 2181 1014 388
D 2180 1013 2 2173 2181 2175 47
D 2171 1015 2 2172 2176 2180 15
L 2187 1020 -479
L 2189 1022 92
L 2190 1024 -93
L 2191 1022 -92
L 2192 1024 93
D 2188 1023 2 2189 2190 2191 2192
L 2193 1020 479
D 2186 1021 2 2187 2188 2193 15
L 2196 1026 446
L 2198 1028 218
L 2199 1030 -217
L 2200 1028 -218
D 2197 1029 2 2198 2199 2200 15
L 2201 1026 -446
D 2195 1027 2 2196 2197 2201 15
L 2203 1032 -56
L 2204 1034 57
L 2205 1032 56
D 2202 1033 2 2203 2204 2205 15
L 2208 1030 217
D 2207 1029 2 2198 2208 2200 47
D 2206 1027 2 2196 2207 2201 47
D 2194 1031 2 2195 2202 2206 15
D 2210 1023 2 2191 2190 2189 2192
D 2209 1021 2 2187 2210 2193 47
D 2185 1025 2 2186 2194 2209 15
L 2213 1036 73
L 2214 1038 -72
L 2215 1036 -73
D 2212 1037 2 2213 2214 2215 15
L 2217 1040 -496
L 2219 1042 512
L 2220 1044 563
L 2221 1042 -512
D 2218 1043 2 2219 2220 2221 15
L 2222 1040 496
D 2216 1041 2 2217 2218 2222 15
L 2224 1038 72
D 2223 1037 2 2213 2224 2215 47
D 2211 1039 2 2212 2216 2223 15
L 2228 1034 -57
D 2227 1033 2 2203 2228 2205 47
D 2226 1031 2 2195 2227 2206 47
D 2225 1025 2 2186 2226 2209 47
D 2184 1035 2 2185 2211 2225 15
L 2233 1046 285
L 2234 1048 -284
L 2235 1046 -285
D 2232 1047 2 2233 2234 2235 15
L 2238 1050 343
L 2239 1052 -342
L 2240 1050 -343
D 2237 1051 2 2238 2239 2240 15
L 2243 1054 -422
L 2244 1056 -423
L 2245 1054 422
D 2242 1055 2 2243 2244 2245 15
L 2247 1058 -345
L 2248 1060 346
L 2249 1058 345
D 2246 1059 2 2247 2248 2249 15
L 2251 1056 423
D 2250 1055 2 2243 2251 2245 47
D 2241 1057 2 2242 2246 2250 15
L 2253 1052 342
D 2252 1051 2 2238 2253 2240 47
D 2236 1053 2 2237 2241 2252 15
L 2255 1048 284
D 2254 1047 2 2233 2255 2235 47
D 2231 1049 2 2232 2236 2254 15
L 2258 1062 -579
L 2260 1064 -349
L 2262 1066 348
L 2263 1068 -347
L 2264 1066 -348
D 2261 1067 2 2262 2263 2264 15
L 2265 1064 349
D 2259 1065 2 2260 2261 2265 15
L 2266 1062 579
D 2257 1063 2 2258 2259 2266 15
L 2268 1070 -540
L 2270 1072 249
L 2271 1074 -250
L 2272 1072 -249
D 2269 1073 2 2270 2271 2272 15
L 2273 1070 540
D 2267 1071 2 2268 2269 2273 15
L 2277 1068 347
D 2276 1067 2 2262 2277 2264 47
D 2275 1065 2 2260 2276 2265 47
D 2274 1063 2 2258 2275 2266 47
D 2256 1069 2 2257 2267 2274 15
L 2282 1060 -346
D 2281 1059 2 2247 2282 2249 47
D 2280 1057 2 2242 2281 2250 47
D 2279 1053 2 2237 2280 2252 47
D 2278 1049 2 2232 2279 2254 47
D 2230 1061 2 2231 2256 2278 15
L 2285 1076 462
L 2287 1078 -541
L 2288 1080 597
L 2289 1078 541
D 2286 1079 2 2287 2288 2289 15
L 2290 1076 -462
D 2284 1077 2 2285 2286 2290 15
L 2292 1082 -344
L 2294 1084 12
L 2295 1086 -11
L 2296 1084 -12
D 2293 1085 2 2294 2295 2296 15
L 2297 1082 344
D 2291 1083 2 2292 2293 2297 15
L 2300 1080 -597
D 2299 1079 2 2287 2300 2289 47
D 2298 1077 2 2285 2299 2290 47
D 2283 1081 2 2284 2291 2298 15
L 2305 1074 250
D 2304 1073 2 2270 2305 2272 47
D 2303 1071 2 2268 2304 2273 47
D 2302 1069 2 2257 2303 2274 47
D 2301 1061 2 2231 2302 2278 47
D 2229 1075 2 2230 2283 2301 15
L 2310 1044 -563
D 2309 1043 2 2219 2310 2221 47
D 2308 1041 2 2217 2309 2222 47
D 2307 1039 2 2212 2308 2223 47
D 2306 1035 2 2185 2307 2225 47
D 2183 1045 2 2184 2229 2306 15
L 2314 1088 -598
L 2315 1090 463
L 2316 1088 598
D 2313 1089 2 2314 2315 2316 15
L 2320 1092 424
L 2321 1094 -425
L 2322 1092 -424
D 2319 1093 2 2320 2321 2322 15
L 2325 1096 350
L 2326 1098 -351
L 2327 1096 -350
D 2324 1097 2 2325 2326 2327 15
L 2328 1100 543
L 2330 1098 351
D 2329 1097 2 2325 2330 2327 47
D 2323 1099 2 2324 2328 2329 15
L 2332 1094 425
D 2331 1093 2 2320 2332 2322 47
D 2318 1095 2 2319 2323 2331 15
L 2335 1102 -252
L 2337 1104 286
L 2338 1106 -287
L 2339 1104 -286
D 2336 1105 2 2337 2338 2339 15
L 2340 1102 252
D 2334 1103 2 2335 2336 2340 15
L 2342 1108 251
L 2343 1110 -542
L 2344 1108 -251
D 2341 1109 2 2342 2343 2344 15
L 2347 1106 287
D 2346 1105 2 2337 2347 2339 47
D 2345 1103 2 2335 2346 2340 47
D 2333 1107 2 2334 2341 2345 15
L 2350 1100 -543
D 2349 1099 2 2324 2350 2329 47
D 2348 1095 2 2319 2349 2331 47
D 2317 1101 2 2318 2333 2348 15
L 2352 1090 -463
D 2351 1089 2 2314 2352 2316 47
D 2312 1091 2 2313 2317 2351 15
L 2356 1112 -393
L 2358 1114 -392
L 2360 1116 9
L 2361 1118 -10
L 2362 1116 -9
L 2363 1118 10
D 2359 1117 2 2360 2361 2362 2363
L 2364 1114 392
D 2357 1115 2 2358 2359 2364 15
L 2365 1112 393
D 2355 1113 2 2356 2357 2365 15
L 2369 1120 513
L 2371 1122 564
L 2372 1124 -497
L 2373 1122 -564
D 2370 1123 2 2371 2372 2373 15
L 2374 1120 -513
D 2368 1121 2 2369 2370 2374 15
L 2376 1126 4
L 2377 1128 -3
L 2378 1126 -4
D 2375 1127 2 2376 2377 2378 15
L 2381 1124 497
D 2380 1123 2 2371 2381 2373 47
D 2379 1121 2 2369 2380 2374 47
D 2367 1125 2 2368 2375 2379 15
L 2384 1130 97
L 2385 1132 -96
L 2386 1130 -97
D 2383 1131 2 2384 2385 2386 15
L 2389 1134 -480
L 2391 1136 220
L 2392 1138 -219
L 2393 1136 -220
D 2390 1137 2 2391 2392 2393 15
L 2394 1134 480
D 2388 1135 2 2389 2390 2394 15
L 2396 1140 447
L 2398 1142 38
L 2399 1144 -39
L 2400 1142 -38
L 2401 1144 39
D 2397 1143 2 2398 2399 2400 2401
L 2402 1140 -447
D 2395 1141 2 2396 2397 2402 15
L 2405 1138 219
D 2404 1137 2 2391 2405 2393 47
D 2403 1135 2 2389 2404 2394 47
D 2387 1139 2 2388 2395 2403 15
L 2407 1132 96
D 2406 1131 2 2384 2407 2386 47
D 2382 1133 2 2383 2387 2406 15
L 2410 1128 3
D 2409 1127 2 2376 2410 2378 47
D 2408 1125 2 2368 2409 2379 47
D 2366 1129 2 2367 2382 2408 15
D 2413 1117 2 2362 2361 2360 2363
D 2412 1115 2 2358 2413 2364 47
D 2411 1113 2 2356 2412 2365 47
D 2354 1119 2 2355 2366 2411 15
L 2417 1146 580
L 2419 1148 -354
L 2421 1150 353
L 2422 1152 -352
L 2423 1150 -353
D 2420 1151 2 2421 2422 2423 15
L 2424 1148 354
D 2418 1149 2 2419 2420 2424 15
L 2425 1146 -580
D 2416 1147 2 2417 2418 2425 15
L 2427 1154 -498
L 2428 1156 514
L 2429 1154 498
D 2426 1155 2 2427 2428 2429 15
L 2433 1152 352
D 2432 1151 2 2421 2433 2423 47
D 2431 1149 2 2419 2432 2424 47
D 2430 1147 2 2417 2431 2425 47
D 2415 1153 2 2416 2426 2430 15
L 2435 1158 395
L 2439 1160 -545
L 2441 1162 464
L 2442 1164 599
L 2443 1162 -464
D 2440 1163 2 2441 2442 2443 15
L 2444 1160 545
D 2438 1161 2 2439 2440 2444 15
L 2446 1166 -544
L 2449 1168 -426
L 2450 1170 -427
L 2451 1168 426
D 2448 1169 2 2449 2450 2451 15
L 2453 1172 -355
L 2454 1174 356
L 2455 1172 355
D 2452 1173 2 2453 2454 2455 15
L 2457 1170 427
D 2456 1169 2 2449 2457 2451 47
D 2447 1171 2 2448 2452 2456 15
L 2458 1166 544
D 2445 1167 2 2446 2447 2458 15
L 2461 1164 -599
D 2460 1163 2 2441 2461 2443 47
D 2459 1161 2 2439 2460 2444 47
D 2437 1165 2 2438 2445 2459 15
L 2464 1176 -581
L 2465 1178 565
L 2466 1176 581
D 2463 1177 2 2464 2465 2466 15
L 2469 1180 394
L 2471 1182 289
L 2473 1184 -288
L 2475 1186 -254
L 2476 1188 253
L 2477 1186 254
D 2474 1187 2 2475 2476 2477 15
L 2478 1184 288
D 2472 1185 2 2473 2474 2478 15
L 2479 1182 -289
D 2470 1183 2 2471 2472 2479 15
L 2480 1180 -394
D 2468 1181 2 2469 2470 2480 15
L 2483 1190 -481
L 2485 1192 139
L 2486 1194 -138
L 2487 1192 -139
L 2488 1194 138
D 2484 1193 2 2485 2486 2487 2488
L 2489 1190 481
D 2482 1191 2 2483 2484 2489 15
L 2491 1196 -13
L 2493 1198 14
L 2495 1200 448
L 2497 1202 222
L 2498 1204 -221
L 2499 1202 -222
D 2496 1203 2 2497 2498 2499 15
L 2500 1200 -448
D 2494 1201 2 2495 2496 2500 15
L 2501 1198 -14
D 2492 1199 2 2493 2494 2501 15
L 2502 1196 13
D 2490 1197 2 2491 2492 2502 15
D 2504 1193 2 2487 2486 2485 2488
D 2503 1191 2 2483 2504 2489 47
D 2481 1195 2 2482 2490 2503 15
L 2509 1188 -253
D 2508 1187 2 2475 2509 2477 47
D 2507 1185 2 2473 2508 2478 47
D 2506 1183 2 2471 2507 2479 47
D 2505 1181 2 2469 2506 2480 47
D 2467 1189 2 2468 2481 2505 15
L 2511 1178 -565
D 2510 1177 2 2464 2511 2466 47
D 2462 1179 2 2463 2467 2510 15
L 2516 1174 -356
D 2515 1173 2 2453 2516 2455 47
D 2514 1171 2 2448 2515 2456 47
D 2513 1167 2 2446 2514 2458 47
D 2512 1165 2 2438 2513 2459 47
D 2436 1175 2 2437 2462 2512 15
L 2517 1158 -395
D 2521 1163 2 2441 2461 2443 15
D 2520 1161 2 2444 2521 2439 15
D 2524 1169 2 2451 2450 2449 15
D 2525 1173 2 2455 2516 2453 15
D 2526 1169 2 2451 2457 2449 47
D 2523 1171 2 2524 2525 2526 15
D 2522 1167 2 2446 2523 2458 15
D 2528 1163 2 2441 2442 2443 47
D 2527 1161 2 2444 2528 2439 47
D 2519 1165 2 2520 2522 2527 15
D 2530 1177 2 2466 2465 2464 15
D 2534 1185 2 2478 2474 2473 15
D 2533 1183 2 2479 2534 2471 15
D 2532 1181 2 2480 2533 2469 15
D 2537 1185 2 2478 2508 2473 47
D 2536 1183 2 2479 2537 2471 47
D 2535 1181 2 2480 2536 2469 47
D 2531 1189 2 2532 2481 2535 15
D 2538 1177 2 2466 2511 2464 47
D 2529 1179 2 2530 2531 2538 15
D 2542 1173 2 2455 2454 2453 47
D 2541 1171 2 2524 2542 2526 47
D 2540 1167 2 2446 2541 2458 47
D 2539 1165 2 2520 2540 2527 47
D 2518 1175 2 2519 2529 2539 15
D 2434 1159 2 2435 2436 2517 2518
L 2545 1156 -514
D 2544 1155 2 2427 2545 2429 47
D 2543 1153 2 2416 2544 2430 47
D 2414 1157 2 2415 2434 2543 15
D 2551 1143 2 2400 2399 2398 2401
D 2550 1141 2 2396 2551 2402 47
D 2549 1139 2 2388 2550 2403 47
D 2548 1133 2 2383 2549 2406 47
D 2547 1129 2 2367 2548 2408 47
D 2546 1119 2 2355 2547 2411 47
D 2353 1145 2 2354 2414 2546 15
D 2553 1089 2 2316 2315 2314 15
D 2556 1093 2 2322 2321 2320 15
D 2558 1097 2 2327 2330 2325 15
D 2559 1097 2 2327 2326 2325 47
D 2557 1099 2 2558 2350 2559 15
D 2560 1093 2 2322 2332 2320 47
D 2555 1095 2 2556 2557 2560 15
D 2563 1105 2 2339 2347 2337 15
D 2562 1103 2 2335 2563 2340 15
D 2565 1105 2 2339 2338 2337 47
D 2564 1103 2 2335 2565 2340 47
D 2561 1107 2 2562 2341 2564 15
D 2567 1099 2 2558 2328 2559 47
D 2566 1095 2 2556 2567 2560 47
D 2554 1101 2 2555 2561 2566 15
D 2568 1089 2 2316 2352 2314 47
D 2552 1091 2 2553 2554 2568 15
D 2572 1115 2 2364 2359 2358 15
D 2571 1113 2 2365 2572 2356 15
D 2574 1115 2 2364 2413 2358 47
D 2573 1113 2 2365 2574 2356 47
D 2570 1119 2 2571 2366 2573 15
D 2577 1147 2 2425 2418 2417 15
D 2578 1147 2 2425 2431 2417 47
D 2576 1153 2 2577 2426 2578 15
D 2579 1153 2 2577 2544 2578 47
D 2575 1157 2 2576 2434 2579 15
D 2580 1119 2 2571 2547 2573 47
D 2569 1145 2 2570 2575 2580 15
L 2585 1110 542
D 2584 1109 2 2342 2585 2344 47
D 2583 1107 2 2562 2584 2564 47
D 2582 1101 2 2555 2583 2566 47
D 2587 1107 2 2334 2584 2345 47
D 2586 1101 2 2318 2587 2348 47
D 2581 1091 3 2553 2582 2313 2586 2352 47
D 2311 1111 3 2312 2353 2552 2569 2581 15
L 2593 1086 11
D 2592 1085 2 2294 2593 2296 47
D 2591 1083 2 2292 2592 2297 47
D 2590 1081 2 2284 2591 2298 47
D 2589 1075 2 2230 2590 2301 47
D 2588 1045 2 2184 2589 2306 47
D 2182 1087 2 2183 2311 2588 15
L 2596 1018 -391
D 2595 1017 2 2179 2596 2177 15
D 2594 1015 2 2172 2595 2180 15
D 2602 1047 2 2235 2255 2233 15
D 2605 1055 2 2245 2244 2243 15
D 2606 1059 2 2249 2282 2247 15
D 2607 1055 2 2245 2251 2243 47
D 2604 1057 2 2605 2606 2607 15
D 2603 1053 2 2237 2604 2252 15
D 2608 1047 2 2235 2234 2233 47
D 2601 1049 2 2602 2603 2608 15
D 2610 1063 2 2266 2259 2258 15
D 2611 1063 2 2266 2275 2258 47
D 2609 1069 2 2610 2267 2611 15
D 2615 1059 2 2249 2248 2247 47
D 2614 1057 2 2605 2615 2607 47
D 2613 1053 2 2237 2614 2252 47
D 2612 1049 2 2602 2613 2608 47
D 2600 1061 2 2601 2609 2612 15
D 2618 1079 2 2289 2300 2287 15
D 2617 1077 2 2285 2618 2290 15
D 2620 1079 2 2289 2288 2287 47
D 2619 1077 2 2285 2620 2290 47
D 2616 1081 2 2617 2291 2619 15
D 2622 1069 2 2610 2303 2611 47
D 2621 1061 2 2601 2622 2612 47
D 2599 1075 2 2600 2616 2621 15
D 2598 1045 2 2184 2599 2306 15
D 2625 1081 2 2617 2591 2619 47
D 2624 1075 2 2600 2625 2621 47
D 2623 1045 2 2184 2624 2306 47
D 2597 1087 2 2598 2311 2623 15
D 2627 1017 2 2177 2596 2179 2178
D 2626 1015 2 2172 2627 2180 47
D 2170 1019 3 2171 2182 2594 2597 2626 15
D 2630 981 2 2113 2112 2111 15
D 2634 985 2 2120 2123 2118 15
D 2635 985 2 2120 2119 2118 47
D 2633 987 2 2634 2129 2635 15
D 2636 991 2 2125 2162 2127 15
D 2637 987 2 2634 2121 2635 47
D 2632 989 2 2633 2636 2637 15
D 2640 995 2 2135 2141 2133 15
D 2641 995 2 2135 2134 2133 47
D 2639 997 2 2640 2136 2641 15
D 2643 1009 2 2153 2152 2151 15
D 2642 1007 2 2143 2643 2154 15
D 2644 997 2 2640 2158 2641 47
D 2638 1001 2 2639 2642 2644 15
D 2646 991 2 2125 2126 2127 47
D 2645 989 2 2633 2646 2637 47
D 2631 993 2 2632 2638 2645 15
D 2647 981 2 2113 2164 2111 47
D 2629 983 2 2630 2631 2647 15
D 2628 979 2 2064 2629 2165 15
D 2650 1013 2 2175 2181 2173 15
D 2651 1013 2 2175 2174 2173 47
D 2649 1015 2 2650 2176 2651 15
D 2652 1015 2 2650 2595 2651 15
D 2653 1015 2 2650 2627 2651 47
D 2648 1019 3 2649 2182 2652 2597 2653 15
L 2660 1010 421
D 2659 1009 2 2153 2660 2151 47
D 2658 1007 2 2143 2659 2154 47
D 2657 1001 2 2639 2658 2644 47
D 2656 993 2 2632 2657 2645 47
D 2664 1009 2 2151 2660 2153 47
D 2663 1007 2 2143 2664 2154 47
D 2662 1001 2 2131 2663 2157 47
D 2661 993 2 2115 2662 2160 47
D 2655 983 3 2630 2656 2110 2661 2164 47
D 2654 979 2 2064 2655 2165 47
D 2062 1011 3 2063 2170 2628 2648 2654 15
D 2667 951 2 2057 2056 2055 2058
D 2666 949 2 2049 2667 2059 47
D 2665 945 2 2044 2666 2060 47
D 2042 953 2 2043 2062 2665 15
D 2674 939 2 1920 1919 1918 1921
D 2673 937 2 1912 2674 1922 47
D 2672 933 2 1966 2673 1967 47
D 2671 927 2 1925 2672 1901 47
D 2670 925 2 1926 2671 1899 47
D 2669 923 2 2004 2670 2009 47
D 2676 925 2 1899 2671 1926 47
D 2675 923 2 1858 2676 1927 47
D 2680 933 2 1903 2673 1923 47
D 2679 927 2 1901 2680 1925 47
D 2678 925 2 1926 2679 1899 47
D 2677 923 2 2004 2678 2009 47
D 2682 925 2 1899 2679 1926 47
D 2681 923 2 1858 2682 1927 47
D 2668 899 5 2011 2669 1933 2675 1968 2677 784 2681 2014 47
D 782 941 2 783 2042 2668 15
L 2691 392 429
D 2690 391 2 690 2691 695 47
D 2689 387 2 682 2690 697 47
D 2688 381 2 667 2689 700 47
D 2687 371 2 659 2688 704 47
D 2686 365 2 651 2687 707 47
D 2695 387 2 723 2690 725 47
D 2694 381 2 719 2695 727 47
D 2693 371 2 659 2694 704 47
D 2692 365 2 715 2693 730 47
D 2685 359 3 758 2686 761 2692 764 47
D 2696 359 3 639 2686 710 2692 732 47
D 2684 351 3 736 2685 575 2696 765 47
D 2683 315 2 486 2684 776 47
D 484 393 2 485 782 2683 15
L 2704 266 551
D 2703 265 2 458 2704 460 47
D 2702 263 2 450 2703 461 47
D 2701 257 2 442 2702 464 47
D 2700 251 2 422 2701 467 47
D 2699 239 2 410 2700 470 47
D 2698 231 2 402 2699 473 47
D 2697 225 2 227 2698 476 47
D 225 267 2 226 484 2697 15
L 2706 132 387
D 2705 131 2 210 2706 223 47
D 208 133 2 209 225 2705 15
L 2711 122 94
D 2710 121 2 197 2711 199 47
D 2709 119 2 192 2710 200 47
D 2708 115 2 164 2709 202 47
D 2707 99 2 156 2708 205 47
D 154 123 2 155 208 2707 15
L 2717 92 281
D 2716 91 2 142 2717 144 47
D 2715 89 2 137 2716 145 47
D 2714 85 2 125 2715 147 47
D 2713 77 2 113 2714 150 47
D 2712 69 2 111 2713 153 47
D 109 93 2 110 154 2712 15
D 2719 65 2 104 103 102 15
D 2718 63 2 79 2719 105 15
D 2725 79 2 129 128 127 15
D 2726 83 2 133 149 131 15
D 2727 79 2 129 135 127 47
D 2724 81 2 2725 2726 2727 15
D 2729 91 2 144 2717 142 15
D 2728 89 2 137 2729 145 15
D 2731 83 2 133 132 131 47
D 2730 81 2 2725 2731 2727 47
D 2723 85 2 2724 2728 2730 15
D 2722 77 2 113 2723 150 15
D 2721 69 2 153 2722 111 15
D 2735 97 2 161 207 159 15
D 2734 95 2 157 2735 162 15
D 2737 97 2 161 160 159 47
D 2736 95 2 157 2737 162 47
D 2733 99 2 2734 163 2736 15
D 2739 131 2 210 2706 223 15
D 2740 131 2 210 222 223 47
D 2738 133 2 2739 225 2740 15
D 2741 99 2 2734 2708 2736 47
D 2732 123 2 2733 2738 2741 15
D 2746 91 2 144 143 142 47
D 2745 89 2 137 2746 145 47
D 2744 85 2 2724 2745 2730 47
D 2743 77 2 113 2744 150 47
D 2742 69 2 153 2743 111 47
D 2720 93 2 2721 2732 2742 15
L 2748 66 -460
D 2747 63 2 79 2748 105 47
D 77 67 3 78 109 2718 2720 2747 15
L 2753 48 -243
D 2752 47 2 68 2753 70 47
D 2751 45 2 63 2752 71 47
D 2750 41 2 55 2751 73 47
D 2749 35 2 53 2750 76 47
D 51 49 2 52 77 2749 15
D 2756 31 2 42 41 40 43
D 2755 29 2 32 2756 44 47
D 2754 23 2 24 2755 48 47
D 22 33 2 23 51 2754 15
L 2758 16 -509
D 2757 15 2 19 2758 21 47
D 17 17 2 18 22 2757 15
L 2761 12 -130
D 2760 11 2 12 2761 14 47
D 2759 9 2 10 2760 16 47
D 8 13 2 9 17 2759 15
L 2762 6 -560
D 6 7 2 7 8 2762 15
L 2763 4 576
D 4 5 2 5 6 2763 15
L 2764 2 -385
D 2 3 2 3 4 2764 15
L 2765 0 -384
D 2776 39 2 58 75 60 15
D 2775 37 2 56 2776 61 15
D 2778 43 2 66 72 64 15
D 2779 43 2 66 65 64 47
D 2777 45 2 2778 67 2779 15
D 2781 39 2 58 59 60 47
D 2780 37 2 56 2781 61 47
D 2774 41 2 2775 2777 2780 15
D 2773 35 2 53 2774 76 15
D 2786 53 2 85 100 83 15
D 2785 51 2 86 2786 81 15
D 2788 61 2 94 108 96 15
D 2787 59 2 88 2788 97 15
D 2790 53 2 85 84 83 47
D 2789 51 2 86 2790 81 47
D 2784 55 2 2785 2787 2789 15
D 2793 61 2 94 95 96 47
D 2792 59 2 88 2793 97 47
D 2791 55 2 2785 2792 2789 47
D 2783 63 2 2784 101 2791 15
D 2794 63 2 2784 2719 2791 15
D 2795 63 2 2784 2748 2791 47
D 2782 67 3 2783 109 2794 2720 2795 15
D 2798 45 2 2778 2752 2779 47
D 2797 41 2 2775 2798 2780 47
D 2796 35 2 53 2797 76 47
D 2772 49 2 2773 2782 2796 15
D 2771 33 2 23 2772 2754 15
D 2770 17 2 18 2771 2757 15
D 2769 13 2 9 2770 2759 15
D 2768 7 2 7 2769 2762 15
D 2767 5 2 2763 2768 5 15
D 2766 3 2 2764 2767 3 15
D 0 1 2 1 2 2765 2766
