c ids of sdd nodes start at 0
c sdd nodes appear bottom-up, children before parents
c
c file syntax:
c sdd count-of-sdd-nodes
c F id-of-false-sdd-node
c T id-of-true-sdd-node
c L id-of-literal-sdd-node id-of-vtree literal
c D id-of-decomposition-sdd-node id-of-vtree number-of-elements {id-of-prime id-of-sub}*
c
sdd 2230
L 1 0 -421
L 4 2 329
L 5 4 -328
L 6 2 -329
F 7
D 3 3 2 4 5 6 7
L 9 6 514
L 11 8 -402
L 15 10 -327
L 16 12 350
L 17 10 327
D 14 11 2 15 16 17 7
L 20 14 -83
L 22 16 -84
L 23 18 82
L 24 16 84
D 21 17 2 22 23 24 7
L 25 14 83
D 19 15 2 20 21 25 7
L 28 20 51
L 29 22 -50
L 30 20 -51
D 27 21 2 28 29 30 7
L 32 24 -128
L 35 26 129
L 36 28 4
L 37 26 -129
D 34 27 2 35 36 37 7
L 38 30 -3
L 40 28 -4
T 41
D 39 27 2 35 40 37 41
D 33 29 2 34 38 39 7
L 42 24 128
D 31 25 2 32 33 42 7
L 44 22 50
D 43 21 2 28 44 30 41
D 26 23 2 27 31 43 7
L 47 18 -82
D 46 17 2 22 47 24 41
D 45 15 2 20 46 25 41
D 18 19 2 19 26 45 7
L 49 12 -350
D 48 11 2 15 49 17 41
D 13 13 2 14 18 48 7
L 54 32 -283
L 55 34 -326
L 56 32 283
D 53 33 2 54 55 56 7
L 59 36 -132
L 60 38 -330
L 61 36 132
D 58 37 2 59 60 61 7
L 63 40 466
L 64 42 -284
L 65 40 -466
D 62 41 2 63 64 65 7
L 67 38 330
D 66 37 2 59 67 61 41
D 57 39 2 58 62 66 7
L 69 34 326
D 68 33 2 54 69 56 41
D 52 35 2 53 57 68 7
L 72 44 -289
L 73 46 -288
L 74 44 289
D 71 45 2 72 73 74 7
L 76 48 -382
L 78 50 -287
L 79 52 -383
L 80 50 287
D 77 51 2 78 79 80 7
L 81 48 382
D 75 49 2 76 77 81 7
L 83 46 288
D 82 45 2 72 83 74 41
D 70 47 2 71 75 82 7
L 87 42 284
D 86 41 2 63 87 65 41
D 85 39 2 58 86 66 41
D 84 35 2 53 85 68 41
D 51 43 2 52 70 84 7
L 92 54 517
L 93 56 442
L 94 54 -517
D 91 55 2 92 93 94 7
L 96 58 526
L 98 60 -464
L 99 62 -461
L 100 60 464
D 97 61 2 98 99 100 7
L 101 58 -526
D 95 59 2 96 97 101 7
L 103 56 -442
D 102 55 2 92 103 94 41
D 90 57 2 91 95 102 7
L 106 64 -537
L 107 66 525
L 108 64 537
D 105 65 2 106 107 108 7
L 111 68 475
L 112 70 462
L 113 68 -475
D 110 69 2 111 112 113 7
L 115 72 474
L 116 74 416
L 117 72 -474
D 114 73 2 115 116 117 7
L 119 70 -462
D 118 69 2 111 119 113 41
D 109 71 2 110 114 118 7
L 121 66 -525
D 120 65 2 106 121 108 41
D 104 67 2 105 109 120 7
L 125 62 461
D 124 61 2 98 125 100 41
D 123 59 2 96 124 101 41
D 122 57 2 91 123 102 41
D 89 63 2 90 104 122 7
L 130 76 -239
L 131 78 -391
L 132 76 239
D 129 77 2 130 131 132 7
L 135 80 234
L 136 82 548
L 137 80 -234
D 134 81 2 135 136 137 7
L 139 84 201
L 140 86 -200
L 141 84 -201
D 138 85 2 139 140 141 7
L 143 82 -548
D 142 81 2 135 143 137 41
D 133 83 2 134 138 142 7
L 145 78 391
D 144 77 2 130 145 132 41
D 128 79 2 129 133 144 7
L 150 88 -349
L 151 90 -390
L 152 88 349
D 149 89 2 150 151 152 7
L 154 92 -249
L 156 94 81
L 157 96 -80
L 158 94 -81
D 155 95 2 156 157 158 7
L 159 92 249
D 153 93 2 154 155 159 7
L 161 90 390
D 160 89 2 150 161 152 41
D 148 91 2 149 153 160 7
L 164 98 6
L 166 100 -5
L 167 102 77
L 168 100 5
D 165 101 2 166 167 168 7
L 169 98 -6
D 163 99 2 164 165 169 7
L 171 104 -428
L 173 106 -87
L 175 108 85
L 176 110 -86
L 177 108 -85
D 174 109 2 175 176 177 7
L 178 106 87
D 172 107 2 173 174 178 7
L 179 104 428
D 170 105 2 171 172 179 7
L 182 102 -77
D 181 101 2 166 182 168 41
D 180 99 2 164 181 169 41
D 162 103 2 163 170 180 7
L 186 96 80
D 185 95 2 156 186 158 41
D 184 93 2 154 185 159 41
D 183 91 2 149 184 160 41
D 147 97 2 148 162 183 7
L 190 112 153
L 192 114 -152
L 194 116 166
L 196 118 -167
L 198 120 -172
L 199 122 171
L 200 120 172
D 197 121 2 198 199 200 7
L 201 118 167
D 195 119 2 196 197 201 7
L 202 116 -166
D 193 117 2 194 195 202 7
L 203 114 152
D 191 115 2 192 193 203 7
L 204 112 -153
D 189 113 2 190 191 204 7
L 206 124 -237
L 208 126 45
L 210 128 -230
L 211 130 -44
L 212 128 230
D 209 129 2 210 211 212 7
L 213 126 -45
D 207 127 2 208 209 213 7
L 214 124 237
D 205 125 2 206 207 214 7
L 220 122 -171
D 219 121 2 198 220 200 41
D 218 119 2 196 219 201 41
D 217 117 2 194 218 202 41
D 216 115 2 192 217 203 41
D 215 113 2 190 216 204 41
D 188 123 2 189 205 215 7
L 222 132 -238
L 224 134 -393
L 227 136 -509
L 228 138 -392
L 229 136 509
D 226 137 2 227 228 229 7
L 231 140 -223
L 233 142 -224
L 234 144 222
L 235 142 224
D 232 143 2 233 234 235 7
L 236 140 223
D 230 141 2 231 232 236 7
L 238 138 392
D 237 137 2 227 238 229 41
D 225 139 2 226 230 237 7
L 239 134 393
D 223 135 2 224 225 239 7
L 240 132 238
D 221 133 2 222 223 240 7
L 245 130 44
D 244 129 2 210 245 212 41
D 243 127 2 208 244 213 41
D 242 125 2 206 243 214 41
D 241 123 2 189 242 215 41
D 187 131 2 188 221 241 7
L 251 110 86
D 250 109 2 175 251 177 41
D 249 107 2 173 250 178 41
D 248 105 2 171 249 179 41
D 247 103 2 163 248 180 41
D 246 97 2 148 247 183 41
D 146 111 2 147 187 246 7
L 255 86 200
D 254 85 2 139 255 141 41
D 253 83 2 134 254 142 41
D 252 79 2 129 253 144 41
D 127 87 2 128 146 252 7
L 261 146 447
L 262 148 10
L 263 146 -447
D 260 147 2 261 262 263 7
L 265 150 -359
L 267 152 -344
L 268 154 -358
L 269 152 344
D 266 153 2 267 268 269 7
L 270 150 359
D 264 151 2 265 266 270 7
L 272 148 -10
D 271 147 2 261 272 263 41
D 259 149 2 260 264 271 7
L 275 156 -545
L 277 158 546
L 278 160 -310
L 279 158 -546
D 276 159 2 277 278 279 7
L 280 156 545
D 274 157 2 275 276 280 7
L 282 162 407
L 284 164 -406
L 285 166 448
L 286 164 406
D 283 165 2 284 285 286 7
L 287 162 -407
D 281 163 2 282 283 287 7
L 290 160 310
D 289 159 2 277 290 279 41
D 288 157 2 275 289 280 41
D 273 161 2 274 281 288 7
L 294 154 358
D 293 153 2 267 294 269 41
D 292 151 2 265 293 270 41
D 291 149 2 260 292 271 41
D 258 155 2 259 273 291 7
L 300 168 34
L 301 170 -35
L 302 168 -34
L 303 170 35
D 299 169 2 300 301 302 303
L 304 172 -459
D 305 169 2 302 301 300 303
D 298 171 2 299 304 305 7
L 309 174 -16
L 310 176 275
L 311 174 16
D 308 175 2 309 310 311 7
L 314 178 -33
L 316 180 32
L 317 182 -31
L 318 180 -32
D 315 181 2 316 317 318 7
L 319 178 33
D 313 179 2 314 315 319 7
L 322 184 79
L 323 186 -78
L 324 184 -79
D 321 185 2 322 323 324 7
L 326 188 -63
L 327 190 15
L 328 188 63
D 325 189 2 326 327 328 7
L 330 186 78
D 329 185 2 322 330 324 41
D 320 187 2 321 325 329 7
L 333 182 31
D 332 181 2 316 333 318 41
D 331 179 2 314 332 319 41
D 312 183 2 313 320 331 7
L 335 176 -275
D 334 175 2 309 335 311 41
D 307 177 2 308 312 334 7
L 338 192 280
L 339 194 -279
L 340 192 -280
D 337 193 2 338 339 340 7
L 342 196 -18
L 343 198 17
L 344 196 18
D 341 197 2 342 343 344 7
L 346 194 279
D 345 193 2 338 346 340 41
D 336 195 2 337 341 345 7
L 351 190 -15
D 350 189 2 326 351 328 41
D 349 187 2 321 350 329 41
D 348 183 2 313 349 331 41
D 347 177 2 308 348 334 41
D 306 191 2 307 336 347 7
L 353 172 459
D 352 171 2 299 353 305 41
D 297 173 2 298 306 352 7
L 357 200 -259
L 358 202 -260
L 359 200 259
D 356 201 2 357 358 359 7
L 361 204 -19
L 363 206 101
L 364 208 -102
L 365 206 -101
D 362 207 2 363 364 365 7
L 366 204 19
D 360 205 2 361 362 366 7
L 368 202 260
D 367 201 2 357 368 359 41
D 355 203 2 356 360 367 7
L 372 210 488
L 373 212 -262
L 374 210 -488
D 371 211 2 372 373 374 7
L 375 214 229
L 377 212 262
D 376 211 2 372 377 374 41
D 370 213 2 371 375 376 7
L 379 216 -263
L 382 218 507
L 384 220 -220
L 385 222 221
L 386 220 220
D 383 221 2 384 385 386 7
L 387 218 -507
D 381 219 2 382 383 387 7
L 389 224 -468
L 390 226 469
L 391 224 468
D 388 225 2 389 390 391 7
L 394 222 -221
D 393 221 2 384 394 386 41
D 392 219 2 382 393 387 41
D 380 223 2 381 388 392 7
L 395 216 263
D 378 217 2 379 380 395 7
L 397 214 -229
D 396 213 2 371 397 376 41
D 369 215 2 370 378 396 7
L 401 208 102
D 400 207 2 363 401 365 41
D 399 205 2 361 400 366 41
D 398 203 2 356 399 367 41
D 354 209 2 355 369 398 7
L 406 198 -17
D 405 197 2 342 406 344 41
D 404 195 2 337 405 345 41
D 403 191 2 307 404 347 41
D 402 173 2 298 403 352 41
D 296 199 2 297 354 402 7
L 413 228 -348
L 414 230 -360
L 415 228 348
D 412 229 2 413 414 415 7
L 417 232 -323
L 419 234 -321
L 420 236 -322
L 421 234 321
D 418 235 2 419 420 421 7
L 422 232 323
D 416 233 2 417 418 422 7
L 424 230 360
D 423 229 2 413 424 415 41
D 411 231 2 412 416 423 7
L 427 238 -346
L 429 240 -361
L 431 242 -345
L 432 244 -347
L 433 242 345
D 430 243 2 431 432 433 7
L 434 240 361
D 428 241 2 429 430 434 7
L 435 238 346
D 426 239 2 427 428 435 7
L 437 246 -294
L 439 248 -293
L 440 250 -320
L 441 248 293
D 438 249 2 439 440 441 7
L 442 246 294
D 436 247 2 437 438 442 7
L 446 244 347
D 445 243 2 431 446 433 41
D 444 241 2 429 445 434 41
D 443 239 2 427 444 435 41
D 425 245 2 426 436 443 7
L 450 236 322
D 449 235 2 419 450 421 41
D 448 233 2 417 449 422 41
D 447 231 2 412 448 423 41
D 410 237 2 411 425 447 7
L 453 252 -554
L 455 254 -319
L 457 256 -318
L 458 258 555
L 459 256 318
D 456 257 2 457 458 459 7
L 460 254 319
D 454 255 2 455 456 460 7
L 461 252 554
D 452 253 2 453 454 461 7
L 464 260 -333
L 466 262 -332
L 467 264 -331
L 468 262 332
D 465 263 2 466 467 468 7
L 469 260 333
D 463 261 2 464 465 469 7
L 471 266 -533
L 474 268 313
L 475 270 312
L 476 268 -313
D 473 269 2 474 475 476 7
L 477 272 532
L 479 270 -312
D 478 269 2 474 479 476 41
D 472 271 2 473 477 478 7
L 480 266 533
D 470 267 2 471 472 480 7
L 483 264 331
D 482 263 2 466 483 468 41
D 481 261 2 464 482 469 41
D 462 265 2 463 470 481 7
L 487 258 -555
D 486 257 2 457 487 459 41
D 485 255 2 455 486 460 41
D 484 253 2 453 485 461 41
D 451 259 2 452 462 484 7
L 492 250 320
D 491 249 2 439 492 441 41
D 490 247 2 437 491 442 41
D 489 245 2 426 490 443 41
D 488 237 2 411 489 447 41
D 409 251 2 410 451 488 7
L 497 274 -225
L 498 276 226
L 499 274 225
D 496 275 2 497 498 499 7
L 501 278 -261
L 503 280 20
L 505 282 -105
L 506 284 106
L 507 282 105
D 504 283 2 505 506 507 7
L 508 280 -20
D 502 281 2 503 504 508 7
L 509 278 261
D 500 279 2 501 502 509 7
L 511 276 -226
D 510 275 2 497 511 499 41
D 495 277 2 496 500 510 7
L 515 286 -276
L 516 288 -246
L 517 286 276
D 514 287 2 515 516 517 7
L 520 290 108
L 522 292 109
L 523 294 -107
L 524 292 -109
D 521 293 2 522 523 524 7
L 525 290 -108
D 519 291 2 520 521 525 7
L 527 296 65
L 528 298 -64
L 529 296 -65
D 526 297 2 527 528 529 7
L 532 294 107
D 531 293 2 522 532 524 41
D 530 291 2 520 531 525 41
D 518 295 2 519 526 530 7
L 534 288 246
D 533 287 2 515 534 517 41
D 513 289 2 514 518 533 7
L 537 300 305
L 538 302 -528
L 539 300 -305
D 536 301 2 537 538 539 7
L 541 304 -470
L 543 306 -311
L 544 308 529
L 545 306 311
D 542 307 2 543 544 545 7
L 546 304 470
D 540 305 2 541 542 546 7
L 548 302 528
D 547 301 2 537 548 539 41
D 535 303 2 536 540 547 7
L 552 298 64
D 551 297 2 527 552 529 41
D 550 295 2 519 551 530 41
D 549 289 2 514 550 533 41
D 512 299 2 513 535 549 7
L 557 284 -106
D 556 283 2 505 557 507 41
D 555 281 2 503 556 508 41
D 554 279 2 501 555 509 41
D 553 277 2 496 554 510 41
D 494 285 2 495 512 553 7
L 562 310 -265
L 563 312 -243
L 564 310 265
D 561 311 2 562 563 564 7
L 567 314 -429
L 568 316 -431
L 569 314 429
D 566 315 2 567 568 569 7
L 572 318 -245
L 573 320 -264
L 574 318 245
D 571 319 2 572 573 574 7
L 576 322 111
L 577 324 -110
L 578 322 -111
D 575 323 2 576 577 578 7
L 580 320 264
D 579 319 2 572 580 574 41
D 570 321 2 571 575 579 7
L 582 316 431
D 581 315 2 567 582 569 41
D 565 317 2 566 570 581 7
L 584 312 243
D 583 311 2 562 584 564 41
D 560 313 2 561 565 583 7
L 586 326 553
L 588 328 -308
L 589 330 -309
L 590 328 308
D 587 329 2 588 589 590 7
L 591 326 -553
D 585 327 2 586 587 591 7
L 596 324 110
D 595 323 2 576 596 578 41
D 594 321 2 571 595 579 41
D 593 317 2 566 594 581 41
D 592 313 2 561 593 583 41
D 559 325 2 560 585 592 7
L 600 332 -317
L 602 334 -270
L 604 336 -269
L 605 338 271
L 606 336 269
D 603 337 2 604 605 606 7
L 607 334 270
D 601 335 2 602 603 607 7
L 608 332 317
D 599 333 2 600 601 608 7
L 612 340 -278
L 613 342 -277
L 614 340 278
D 611 341 2 612 613 614 7
L 616 344 22
L 618 346 -242
L 619 348 -241
L 620 346 242
D 617 347 2 618 619 620 7
L 621 344 -22
D 615 345 2 616 617 621 7
L 623 342 277
D 622 341 2 612 623 614 41
D 610 343 2 611 615 622 7
L 627 350 -24
L 630 352 70
L 631 354 -69
L 632 352 -70
D 629 353 2 630 631 632 7
L 633 356 23
L 635 354 69
D 634 353 2 630 635 632 41
D 628 355 2 629 633 634 7
L 636 350 24
D 626 351 2 627 628 636 7
L 637 358 458
L 640 356 -23
D 639 355 2 629 640 634 41
D 638 351 2 627 639 636 41
D 625 357 2 626 637 638 7
L 642 360 -521
L 643 362 456
L 644 360 521
D 641 361 2 642 643 644 7
L 646 358 -458
D 645 357 2 626 646 638 41
D 624 359 2 625 641 645 7
L 650 348 241
D 649 347 2 618 650 620 41
D 648 345 2 616 649 621 41
D 647 343 2 611 648 622 41
D 609 349 2 610 624 647 7
L 654 338 -271
D 653 337 2 604 654 606 41
D 652 335 2 602 653 607 41
D 651 333 2 600 652 608 41
D 598 339 2 599 609 651 7
L 660 364 -103
L 661 366 104
L 662 364 103
D 659 365 2 660 661 662 7
L 664 368 -272
L 665 370 -274
L 666 368 272
D 663 369 2 664 665 666 7
L 668 366 -104
D 667 365 2 660 668 662 41
D 658 367 2 659 663 667 7
L 670 372 -273
L 672 374 67
L 674 376 -68
L 675 378 -66
L 676 376 68
D 673 377 2 674 675 676 7
L 677 374 -67
D 671 375 2 672 673 677 7
L 678 372 273
D 669 373 2 670 671 678 7
L 681 370 274
D 680 369 2 664 681 666 41
D 679 367 2 659 680 667 41
D 657 371 2 658 669 679 7
L 683 380 473
L 685 382 457
L 686 384 -531
L 687 382 -457
D 684 383 2 685 686 687 7
L 688 380 -473
D 682 381 2 683 684 688 7
L 693 378 66
D 692 377 2 674 693 676 41
D 691 375 2 672 692 677 41
D 690 373 2 670 691 678 41
D 689 371 2 658 690 679 41
D 656 379 2 657 682 689 7
L 697 386 -244
L 700 388 139
L 701 390 -138
L 702 388 -139
D 699 389 2 700 701 702 7
L 704 392 -150
L 705 394 151
L 706 392 150
D 703 393 2 704 705 706 7
L 708 390 138
D 707 389 2 700 708 702 41
D 698 391 2 699 703 707 7
L 709 386 244
D 696 387 2 697 698 709 7
L 713 396 -73
L 714 398 74
L 715 396 73
D 712 397 2 713 714 715 7
L 717 400 72
L 718 402 -71
L 719 400 -72
D 716 401 2 717 718 719 7
L 721 398 -74
D 720 397 2 713 721 715 41
D 711 399 2 712 716 720 7
L 723 404 -75
L 724 406 76
L 725 404 75
D 722 405 2 723 724 725 7
L 728 402 71
D 727 401 2 717 728 719 41
D 726 399 2 712 727 720 41
D 710 403 2 711 722 726 7
L 732 394 -151
D 731 393 2 704 732 706 41
D 730 391 2 699 731 707 41
D 729 387 2 697 730 709 41
D 695 395 2 696 710 729 7
L 736 408 144
L 737 410 -143
L 738 408 -144
D 735 409 2 736 737 738 7
L 740 412 -142
L 742 414 -161
L 743 416 162
L 744 414 161
D 741 415 2 742 743 744 7
L 745 412 142
D 739 413 2 740 741 745 7
L 747 410 143
D 746 409 2 736 747 738 41
D 734 411 2 735 739 746 7
L 750 418 -160
L 751 420 159
L 752 418 160
D 749 419 2 750 751 752 7
L 754 422 141
L 755 424 -140
L 756 422 -141
D 753 423 2 754 755 756 7
L 758 420 -159
D 757 419 2 750 758 752 41
D 748 421 2 749 753 757 7
L 762 416 -162
D 761 415 2 742 762 744 41
D 760 413 2 740 761 745 41
D 759 411 2 735 760 746 41
D 733 417 2 734 748 759 7
L 766 406 -76
D 765 405 2 723 766 725 41
D 764 403 2 711 765 726 41
D 763 395 2 696 764 729 41
D 694 407 2 695 733 763 7
L 770 384 531
D 769 383 2 685 770 687 41
D 768 381 2 683 769 688 41
D 767 379 2 657 768 689 41
D 655 385 2 656 694 767 7
L 775 362 -456
D 774 361 2 642 775 644 41
D 773 359 2 625 774 645 41
D 772 349 2 610 773 647 41
D 771 339 2 599 772 651 41
D 597 363 2 598 655 771 7
L 779 330 309
D 778 329 2 588 779 590 41
D 777 327 2 586 778 591 41
D 776 325 2 560 777 592 41
D 558 331 2 559 597 776 7
L 785 308 -529
D 784 307 2 543 785 545 41
D 783 305 2 541 784 546 41
D 782 303 2 536 783 547 41
D 781 299 2 513 782 549 41
D 780 285 2 495 781 553 41
D 493 309 2 494 558 780 7
L 791 272 -532
D 790 271 2 473 791 478 41
D 789 267 2 471 790 480 41
D 788 265 2 463 789 481 41
D 787 259 2 452 788 484 41
D 786 251 2 410 787 488 41
D 408 273 2 409 493 786 7
L 797 426 -302
L 798 428 530
L 799 426 302
D 796 427 2 797 798 799 7
L 801 430 -301
L 802 432 -300
L 803 430 301
D 800 431 2 801 802 803 7
L 805 428 -530
D 804 427 2 797 805 799 41
D 795 429 2 796 800 804 7
L 809 434 520
L 810 436 -334
L 811 434 -520
D 808 435 2 809 810 811 7
L 813 438 -335
L 814 440 527
L 815 438 335
D 812 439 2 813 814 815 7
L 817 436 334
D 816 435 2 809 817 811 41
D 807 437 2 808 812 816 7
L 820 442 556
L 821 444 534
L 822 442 -556
D 819 443 2 820 821 822 7
L 824 446 -314
L 825 448 -315
L 826 446 314
D 823 447 2 824 825 826 7
L 828 444 -534
D 827 443 2 820 828 822 41
D 818 445 2 819 823 827 7
L 831 440 -527
D 830 439 2 813 831 815 41
D 829 437 2 808 830 816 41
D 806 441 2 807 818 829 7
L 834 432 300
D 833 431 2 801 834 803 41
D 832 429 2 796 833 804 41
D 794 433 2 795 806 832 7
L 839 450 156
L 843 452 -157
L 845 454 158
L 846 456 -168
L 847 454 -158
D 844 455 2 845 846 847 7
L 848 452 157
D 842 453 2 843 844 848 7
L 849 458 176
L 852 456 168
D 851 455 2 845 852 847 41
D 850 453 2 843 851 848 41
D 841 457 2 842 849 850 7
L 853 460 177
L 855 458 -176
D 854 457 2 842 855 850 41
D 840 459 2 841 853 854 7
L 856 450 -156
D 838 451 2 839 840 856 7
L 858 462 -324
L 860 464 -544
L 862 466 491
L 863 468 481
L 864 466 -491
D 861 467 2 862 863 864 7
L 865 464 544
D 859 465 2 860 861 865 7
L 866 462 324
D 857 463 2 858 859 866 7
L 869 460 -177
D 868 459 2 841 869 854 41
D 867 451 2 839 868 856 41
D 837 461 2 838 857 867 7
L 870 470 -292
L 875 468 -481
D 874 467 2 862 875 864 41
D 873 465 2 860 874 865 41
D 872 463 2 858 873 866 41
D 871 461 2 838 872 867 41
D 836 469 2 837 870 871 7
L 878 472 -291
L 879 474 560
L 880 472 291
D 877 473 2 878 879 880 7
L 882 476 325
L 885 478 186
L 887 480 -187
L 888 482 -188
L 889 480 187
D 886 481 2 887 888 889 7
L 890 478 -186
D 884 479 2 885 886 890 7
L 892 484 -191
L 894 486 189
L 895 488 -190
L 896 486 -189
D 893 487 2 894 895 896 7
L 897 484 191
D 891 485 2 892 893 897 7
L 900 482 188
D 899 481 2 887 900 889 41
D 898 479 2 885 899 890 41
D 883 483 2 884 891 898 7
L 901 476 -325
D 881 477 2 882 883 901 7
L 903 474 -560
D 902 473 2 878 903 880 41
D 876 475 2 877 881 902 7
L 905 470 292
D 904 469 2 837 905 871 41
D 835 471 2 836 876 904 7
L 910 448 315
D 909 447 2 824 910 826 41
D 908 445 2 819 909 827 41
D 907 441 2 807 908 829 41
D 906 433 2 795 907 832 41
D 793 449 2 794 835 906 7
L 919 490 483
L 920 492 454
L 921 490 -483
D 918 491 2 919 920 921 7
L 922 494 482
L 924 492 -454
D 923 491 2 919 924 921 41
D 917 493 2 918 922 923 7
L 926 496 -538
L 927 498 540
L 928 496 538
D 925 497 2 926 927 928 7
L 930 494 -482
D 929 493 2 918 930 923 41
D 916 495 2 917 925 929 7
L 932 500 -266
L 934 502 -118
L 935 504 -21
L 936 502 118
D 933 503 2 934 935 936 7
L 937 500 266
D 931 501 2 932 933 937 7
L 940 498 -540
D 939 497 2 926 940 928 41
D 938 495 2 917 939 929 41
D 915 499 2 916 931 938 7
L 942 506 455
L 944 508 -408
L 945 510 -503
L 946 508 408
D 943 509 2 944 945 946 7
L 947 506 -455
D 941 507 2 942 943 947 7
L 951 504 21
D 950 503 2 934 951 936 41
D 949 501 2 932 950 937 41
D 948 499 2 916 949 938 41
D 914 505 2 915 941 948 7
L 954 512 453
L 956 514 -316
L 957 516 -409
L 958 514 316
D 955 515 2 956 957 958 7
L 959 512 -453
D 953 513 2 954 955 959 7
L 963 518 114
L 964 520 -115
L 965 518 -114
D 962 519 2 963 964 965 7
L 967 522 116
L 968 524 -117
L 969 522 -116
D 966 523 2 967 968 969 7
L 971 520 115
D 970 519 2 963 971 965 41
D 961 521 2 962 966 970 7
L 973 526 41
L 974 528 -40
L 975 526 -41
L 976 528 40
D 972 527 2 973 974 975 976
L 979 524 117
D 978 523 2 967 979 969 41
D 977 521 2 962 978 970 41
D 960 525 2 961 972 977 7
L 982 516 409
D 981 515 2 956 982 958 41
D 980 513 2 954 981 959 41
D 952 517 2 953 960 980 7
L 986 510 503
D 985 509 2 944 986 946 41
D 984 507 2 942 985 947 41
D 983 505 2 915 984 948 41
D 913 511 2 914 952 983 7
L 990 530 472
L 991 532 471
L 992 530 -472
D 989 531 2 990 991 992 7
L 994 534 -267
L 995 536 452
L 996 534 267
D 993 535 2 994 995 996 7
L 998 532 -471
D 997 531 2 990 998 992 41
D 988 533 2 989 993 997 7
L 1001 538 268
L 1002 540 -343
L 1003 538 -268
D 1000 539 2 1001 1002 1003 7
L 1005 542 -342
L 1007 544 -504
L 1008 546 -410
L 1009 544 504
D 1006 545 2 1007 1008 1009 7
L 1010 542 342
D 1004 543 2 1005 1006 1010 7
L 1012 540 343
D 1011 539 2 1001 1012 1003 41
D 999 541 2 1000 1004 1011 7
L 1015 536 -452
D 1014 535 2 994 1015 996 41
D 1013 533 2 989 1014 997 41
D 987 537 2 988 999 1013 7
D 1019 527 2 975 974 973 976
D 1018 525 2 961 1019 977 41
D 1017 517 2 953 1018 980 41
D 1016 511 2 914 1017 983 41
D 912 529 2 913 987 1016 7
L 1023 548 -450
L 1024 550 518
L 1025 548 450
D 1022 549 2 1023 1024 1025 7
L 1027 552 449
L 1028 554 -451
L 1029 552 -449
D 1026 553 2 1027 1028 1029 7
L 1031 550 -518
D 1030 549 2 1023 1031 1025 41
D 1021 551 2 1022 1026 1030 7
L 1034 556 426
L 1036 558 -425
L 1037 560 -427
L 1038 558 425
D 1035 559 2 1036 1037 1038 7
L 1039 556 -426
D 1033 557 2 1034 1035 1039 7
L 1042 562 499
L 1043 564 304
L 1044 562 -499
D 1041 563 2 1042 1043 1044 7
L 1046 566 -550
L 1047 568 519
L 1048 566 550
D 1045 567 2 1046 1047 1048 7
L 1050 564 -304
D 1049 563 2 1042 1050 1044 41
D 1040 565 2 1041 1045 1049 7
L 1053 560 427
D 1052 559 2 1036 1053 1038 41
D 1051 557 2 1034 1052 1039 41
D 1032 561 2 1033 1040 1051 7
L 1056 554 451
D 1055 553 2 1027 1056 1029 41
D 1054 551 2 1022 1055 1030 41
D 1020 555 2 1021 1032 1054 7
L 1062 546 410
D 1061 545 2 1007 1062 1009 41
D 1060 543 2 1005 1061 1010 41
D 1059 541 2 1000 1060 1011 41
D 1058 537 2 988 1059 1013 41
D 1057 529 2 913 1058 1016 41
D 911 547 2 912 1020 1057 7
L 1070 488 190
D 1069 487 2 894 1070 896 41
D 1068 485 2 892 1069 897 41
D 1067 483 2 884 1068 898 41
D 1066 477 2 882 1067 901 41
D 1065 475 2 877 1066 902 41
D 1064 471 2 836 1065 904 41
D 1063 449 2 794 1064 906 41
D 792 489 2 793 911 1063 7
L 1080 424 140
D 1079 423 2 754 1080 756 41
D 1078 421 2 749 1079 757 41
D 1077 417 2 734 1078 759 41
D 1076 407 2 695 1077 763 41
D 1075 385 2 656 1076 767 41
D 1074 363 2 598 1075 771 41
D 1073 331 2 559 1074 776 41
D 1072 309 2 494 1073 780 41
D 1071 273 2 409 1072 786 41
D 407 425 2 408 792 1071 7
L 1087 226 -469
D 1086 225 2 389 1087 391 41
D 1085 223 2 381 1086 392 41
D 1084 217 2 379 1085 395 41
D 1083 215 2 370 1084 396 41
D 1082 209 2 355 1083 398 41
D 1081 199 2 297 1082 402 41
D 295 227 2 296 407 1081 7
L 1092 166 -448
D 1091 165 2 284 1092 286 41
D 1090 163 2 282 1091 287 41
D 1089 161 2 274 1090 288 41
D 1088 155 2 259 1089 291 41
D 257 167 2 258 295 1088 7
L 1098 570 -338
L 1099 572 -557
L 1100 570 338
D 1097 571 2 1098 1099 1100 7
L 1103 574 489
L 1104 576 478
L 1105 574 -489
D 1102 575 2 1103 1104 1105 7
L 1107 578 341
L 1108 580 -340
L 1109 578 -341
D 1106 579 2 1107 1108 1109 7
L 1111 576 -478
D 1110 575 2 1103 1111 1105 41
D 1101 577 2 1102 1106 1110 7
L 1113 572 557
D 1112 571 2 1098 1113 1100 41
D 1096 573 2 1097 1101 1112 7
L 1116 582 -307
L 1118 584 -413
L 1119 586 -506
L 1120 584 413
D 1117 585 2 1118 1119 1120 7
L 1121 582 307
D 1115 583 2 1116 1117 1121 7
L 1124 588 551
L 1125 590 -494
L 1126 588 -551
D 1123 589 2 1124 1125 1126 7
L 1129 592 -353
L 1130 594 -306
L 1131 592 353
D 1128 593 2 1129 1130 1131 7
L 1132 596 -297
L 1134 594 306
D 1133 593 2 1129 1134 1131 41
D 1127 595 2 1128 1132 1133 7
L 1136 590 494
D 1135 589 2 1124 1136 1126 41
D 1122 591 2 1123 1127 1135 7
L 1139 586 506
D 1138 585 2 1118 1139 1120 41
D 1137 583 2 1116 1138 1121 41
D 1114 587 2 1115 1122 1137 7
L 1143 580 340
D 1142 579 2 1107 1143 1109 41
D 1141 577 2 1102 1142 1110 41
D 1140 573 2 1097 1141 1112 41
D 1095 581 2 1096 1114 1140 7
L 1147 598 -339
L 1149 600 25
L 1152 602 38
L 1153 604 -39
L 1154 602 -38
L 1155 604 39
D 1151 603 2 1152 1153 1154 1155
L 1156 606 -26
D 1157 603 2 1154 1153 1152 1155
D 1150 605 2 1151 1156 1157 7
L 1158 600 -25
D 1148 601 2 1149 1150 1158 7
L 1159 598 339
D 1146 599 2 1147 1148 1159 7
L 1162 608 43
L 1163 610 -42
L 1164 608 -43
D 1161 609 2 1162 1163 1164 7
L 1166 612 47
L 1167 614 -46
L 1168 612 -47
L 1169 614 46
D 1165 613 2 1166 1167 1168 1169
L 1171 610 42
D 1170 609 2 1162 1171 1164 41
D 1160 611 2 1161 1165 1170 7
L 1175 606 26
D 1174 605 2 1151 1175 1157 41
D 1173 601 2 1149 1174 1158 41
D 1172 599 2 1147 1173 1159 41
D 1145 607 2 1146 1160 1172 7
L 1180 616 446
L 1182 618 -281
L 1183 620 282
L 1184 618 281
D 1181 619 2 1182 1183 1184 7
L 1185 616 -446
D 1179 617 2 1180 1181 1185 7
L 1188 622 443
L 1189 624 414
L 1190 622 -443
D 1187 623 2 1188 1189 1190 7
L 1192 626 -147
L 1195 628 -2
L 1197 630 -97
L 1199 632 -98
L 1200 634 96
L 1201 632 98
D 1198 633 2 1199 1200 1201 7
L 1202 630 97
D 1196 631 2 1197 1198 1202 7
L 1203 628 2
D 1194 629 2 1195 1196 1203 7
L 1205 636 1
L 1207 638 -130
L 1208 640 131
L 1209 638 130
D 1206 639 2 1207 1208 1209 7
L 1210 636 -1
D 1204 637 2 1205 1206 1210 7
L 1214 634 -96
D 1213 633 2 1199 1214 1201 41
D 1212 631 2 1197 1213 1202 41
D 1211 629 2 1195 1212 1203 41
D 1193 635 2 1194 1204 1211 7
L 1215 626 147
D 1191 627 2 1192 1193 1215 7
L 1217 624 -414
D 1216 623 2 1188 1217 1190 41
D 1186 625 2 1187 1191 1216 7
L 1220 620 -282
D 1219 619 2 1182 1220 1184 41
D 1218 617 2 1180 1219 1185 41
D 1178 621 2 1179 1186 1218 7
L 1224 642 -236
L 1225 644 232
L 1226 642 236
D 1223 643 2 1224 1225 1226 7
L 1228 646 231
L 1229 648 -227
L 1230 646 -231
D 1227 647 2 1228 1229 1230 7
L 1232 644 -232
D 1231 643 2 1224 1232 1226 41
D 1222 645 2 1223 1227 1231 7
L 1236 650 -256
L 1237 652 -228
L 1238 650 256
D 1235 651 2 1236 1237 1238 7
L 1240 654 -233
L 1241 656 -235
L 1242 654 233
D 1239 655 2 1240 1241 1242 7
L 1244 652 228
D 1243 651 2 1236 1244 1238 41
D 1234 653 2 1235 1239 1243 7
L 1246 658 -240
L 1248 660 62
L 1249 662 -61
L 1250 660 -62
D 1247 661 2 1248 1249 1250 7
L 1251 658 240
D 1245 659 2 1246 1247 1251 7
L 1254 656 235
D 1253 655 2 1240 1254 1242 41
D 1252 653 2 1235 1253 1243 41
D 1233 657 2 1234 1245 1252 7
L 1257 648 227
D 1256 647 2 1228 1257 1230 41
D 1255 645 2 1223 1256 1231 41
D 1221 649 2 1222 1233 1255 7
L 1264 640 -131
D 1263 639 2 1207 1264 1209 41
D 1262 637 2 1205 1263 1210 41
D 1261 635 2 1194 1262 1211 41
D 1260 627 2 1192 1261 1215 41
D 1259 625 2 1187 1260 1216 41
D 1258 621 2 1179 1259 1218 41
D 1177 641 2 1178 1221 1258 7
L 1269 664 250
L 1271 666 49
L 1272 668 -48
L 1273 666 -49
D 1270 667 2 1271 1272 1273 7
L 1274 664 -250
D 1268 665 2 1269 1270 1274 7
L 1277 670 14
L 1279 672 -13
L 1281 674 -60
L 1282 676 59
L 1283 674 60
D 1280 675 2 1281 1282 1283 7
L 1284 672 13
D 1278 673 2 1279 1280 1284 7
L 1285 670 -14
D 1276 671 2 1277 1278 1285 7
L 1287 678 55
L 1288 680 -56
L 1289 678 -55
D 1286 679 2 1287 1288 1289 7
L 1293 676 -59
D 1292 675 2 1281 1293 1283 41
D 1291 673 2 1279 1292 1284 41
D 1290 671 2 1277 1291 1285 41
D 1275 677 2 1276 1286 1290 7
L 1296 668 48
D 1295 667 2 1271 1296 1273 41
D 1294 665 2 1269 1295 1274 41
D 1267 669 2 1268 1275 1294 7
L 1303 682 112
L 1304 684 -113
L 1305 682 -112
D 1302 683 2 1303 1304 1305 7
L 1307 686 90
L 1308 688 -91
L 1309 686 -90
D 1306 687 2 1307 1308 1309 7
L 1311 684 113
D 1310 683 2 1303 1311 1305 41
D 1301 685 2 1302 1306 1310 7
L 1313 690 58
L 1314 692 -57
L 1315 690 -58
D 1312 691 2 1313 1314 1315 7
L 1318 688 91
D 1317 687 2 1307 1318 1309 41
D 1316 685 2 1302 1317 1310 41
D 1300 689 2 1301 1312 1316 7
L 1321 694 -93
L 1322 696 92
L 1323 694 93
D 1320 695 2 1321 1322 1323 7
L 1325 698 95
L 1326 700 -94
L 1327 698 -95
D 1324 699 2 1325 1326 1327 7
L 1329 696 -92
D 1328 695 2 1321 1329 1323 41
D 1319 697 2 1320 1324 1328 7
L 1332 692 57
D 1331 691 2 1313 1332 1315 41
D 1330 689 2 1301 1331 1316 41
D 1299 693 2 1300 1319 1330 7
L 1335 702 -136
L 1336 704 137
L 1337 702 136
D 1334 703 2 1335 1336 1337 7
L 1339 706 -148
L 1340 708 149
L 1341 706 148
D 1338 707 2 1339 1340 1341 7
L 1343 704 -137
D 1342 703 2 1335 1343 1337 41
D 1333 705 2 1334 1338 1342 7
L 1347 700 94
D 1346 699 2 1325 1347 1327 41
D 1345 697 2 1320 1346 1328 41
D 1344 693 2 1300 1345 1330 41
D 1298 701 2 1299 1333 1344 7
L 1350 710 -252
L 1351 712 -251
L 1352 710 252
D 1349 711 2 1350 1351 1352 7
L 1353 714 -253
L 1355 712 251
D 1354 711 2 1350 1355 1352 41
D 1348 713 2 1349 1353 1354 7
L 1359 708 -149
D 1358 707 2 1339 1359 1341 41
D 1357 705 2 1334 1358 1342 41
D 1356 701 2 1299 1357 1344 41
D 1297 709 2 1298 1348 1356 7
L 1363 680 56
D 1362 679 2 1287 1363 1289 41
D 1361 677 2 1276 1362 1290 41
D 1360 669 2 1268 1361 1294 41
D 1266 681 2 1267 1297 1360 7
L 1368 716 -460
L 1369 718 445
L 1370 716 460
D 1367 717 2 1368 1369 1370 7
L 1372 720 522
L 1373 722 -535
L 1374 720 -522
D 1371 721 2 1372 1373 1374 7
L 1376 718 -445
D 1375 717 2 1368 1376 1370 41
D 1366 719 2 1367 1371 1375 7
L 1378 724 404
L 1379 726 -477
L 1380 724 -404
D 1377 725 2 1378 1379 1380 7
L 1383 722 535
D 1382 721 2 1372 1383 1374 41
D 1381 719 2 1367 1382 1375 41
D 1365 723 2 1366 1377 1381 7
L 1387 728 463
L 1388 730 412
L 1389 728 -463
D 1386 729 2 1387 1388 1389 7
L 1390 732 -411
L 1392 730 -412
D 1391 729 2 1387 1392 1389 41
D 1385 731 2 1386 1390 1391 7
L 1394 734 516
L 1396 736 -401
L 1397 738 476
L 1398 736 401
D 1395 737 2 1396 1397 1398 7
L 1399 734 -516
D 1393 735 2 1394 1395 1399 7
L 1401 732 411
D 1400 731 2 1386 1401 1391 41
D 1384 733 2 1385 1393 1400 7
L 1404 726 477
D 1403 725 2 1378 1404 1380 41
D 1402 723 2 1366 1403 1381 41
D 1364 727 2 1365 1384 1402 7
L 1408 714 253
D 1407 713 2 1349 1408 1354 41
D 1406 709 2 1298 1407 1356 41
D 1405 681 2 1267 1406 1360 41
D 1265 715 2 1266 1364 1405 7
L 1414 662 61
D 1413 661 2 1248 1414 1250 41
D 1412 659 2 1246 1413 1251 41
D 1411 657 2 1234 1412 1252 41
D 1410 649 2 1222 1411 1255 41
D 1409 641 2 1178 1410 1258 41
D 1176 663 2 1177 1265 1409 7
D 1417 613 2 1168 1167 1166 1169
D 1416 611 2 1161 1417 1170 41
D 1415 607 2 1146 1416 1172 41
D 1144 615 2 1145 1176 1415 7
L 1422 596 297
D 1421 595 2 1128 1422 1133 41
D 1420 591 2 1123 1421 1135 41
D 1419 587 2 1115 1420 1137 41
D 1418 581 2 1096 1419 1140 41
D 1094 597 2 1095 1144 1418 7
L 1429 740 543
L 1432 742 170
L 1433 744 -169
L 1434 742 -170
D 1431 743 2 1432 1433 1434 7
L 1436 746 -185
L 1437 748 184
L 1438 746 185
D 1435 747 2 1436 1437 1438 7
L 1440 744 169
D 1439 743 2 1432 1440 1434 41
D 1430 745 2 1431 1435 1439 7
L 1441 740 -543
D 1428 741 2 1429 1430 1441 7
L 1444 750 53
L 1446 752 -54
L 1448 754 89
L 1449 756 -88
L 1450 754 -89
D 1447 755 2 1448 1449 1450 7
L 1451 752 54
D 1445 753 2 1446 1447 1451 7
L 1452 750 -53
D 1443 751 2 1444 1445 1452 7
L 1454 758 193
L 1456 760 -192
L 1457 762 -194
L 1458 760 192
D 1455 761 2 1456 1457 1458 7
L 1459 758 -193
D 1453 759 2 1454 1455 1459 7
L 1463 756 88
D 1462 755 2 1448 1463 1450 41
D 1461 753 2 1446 1462 1451 41
D 1460 751 2 1444 1461 1452 41
D 1442 757 2 1443 1453 1460 7
L 1467 748 -184
D 1466 747 2 1436 1467 1438 41
D 1465 745 2 1431 1466 1439 41
D 1464 741 2 1429 1465 1441 41
D 1427 749 2 1428 1442 1464 7
L 1471 764 -441
L 1472 766 -440
L 1473 764 441
D 1470 765 2 1471 1472 1473 7
L 1475 768 -510
L 1476 770 -394
L 1477 768 510
D 1474 769 2 1475 1476 1477 7
L 1479 766 440
D 1478 765 2 1471 1479 1473 41
D 1469 767 2 1470 1474 1478 7
L 1482 772 -436
L 1483 774 -437
L 1484 772 436
D 1481 773 2 1482 1483 1484 7
L 1486 776 -395
L 1488 778 173
L 1490 780 -174
L 1491 782 -175
L 1492 780 174
D 1489 781 2 1490 1491 1492 7
L 1493 778 -173
D 1487 779 2 1488 1489 1493 7
L 1494 776 395
D 1485 777 2 1486 1487 1494 7
L 1496 774 437
D 1495 773 2 1482 1496 1484 41
D 1480 775 2 1481 1485 1495 7
L 1499 770 394
D 1498 769 2 1475 1499 1477 41
D 1497 767 2 1470 1498 1478 41
D 1468 771 2 1469 1480 1497 7
L 1504 762 194
D 1503 761 2 1456 1504 1458 41
D 1502 759 2 1454 1503 1459 41
D 1501 757 2 1443 1502 1460 41
D 1500 749 2 1428 1501 1464 41
D 1426 763 2 1427 1468 1500 7
L 1508 784 -422
L 1509 786 -439
L 1510 784 422
D 1507 785 2 1508 1509 1510 7
L 1513 788 -438
L 1515 790 -415
L 1516 792 -508
L 1517 790 415
D 1514 791 2 1515 1516 1517 7
L 1518 788 438
D 1512 789 2 1513 1514 1518 7
L 1519 794 -369
L 1522 792 508
D 1521 791 2 1515 1522 1517 41
D 1520 789 2 1513 1521 1518 41
D 1511 793 2 1512 1519 1520 7
L 1524 786 439
D 1523 785 2 1508 1524 1510 41
D 1506 787 2 1507 1511 1523 7
L 1528 796 -418
L 1529 798 -290
L 1530 796 418
D 1527 797 2 1528 1529 1530 7
L 1532 800 -419
L 1533 802 -417
L 1534 800 419
D 1531 801 2 1532 1533 1534 7
L 1536 798 290
D 1535 797 2 1528 1536 1530 41
D 1526 799 2 1527 1531 1535 7
L 1539 804 -434
L 1541 806 -435
L 1543 808 -420
L 1544 810 -423
L 1545 808 420
D 1542 809 2 1543 1544 1545 7
L 1546 806 435
D 1540 807 2 1541 1542 1546 7
L 1547 804 434
D 1538 805 2 1539 1540 1547 7
L 1549 812 -381
L 1551 814 -432
L 1552 816 -433
L 1553 814 432
D 1550 815 2 1551 1552 1553 7
L 1554 812 381
D 1548 813 2 1549 1550 1554 7
L 1558 810 423
D 1557 809 2 1543 1558 1545 41
D 1556 807 2 1541 1557 1546 41
D 1555 805 2 1539 1556 1547 41
D 1537 811 2 1538 1548 1555 7
L 1561 802 417
D 1560 801 2 1532 1561 1534 41
D 1559 799 2 1527 1560 1535 41
D 1525 803 2 1526 1537 1559 7
L 1564 794 369
D 1563 793 2 1512 1564 1520 41
D 1562 787 2 1507 1563 1523 41
D 1505 795 2 1506 1525 1562 7
L 1571 782 175
D 1570 781 2 1490 1571 1492 41
D 1569 779 2 1488 1570 1493 41
D 1568 777 2 1486 1569 1494 41
D 1567 775 2 1481 1568 1495 41
D 1566 771 2 1469 1567 1497 41
D 1565 763 2 1427 1566 1500 41
D 1425 783 2 1426 1505 1565 7
L 1575 818 -380
L 1577 820 -196
L 1579 822 195
L 1581 824 205
L 1583 826 -197
L 1585 828 198
L 1586 830 -199
L 1587 828 -198
D 1584 829 2 1585 1586 1587 7
L 1588 826 197
D 1582 827 2 1583 1584 1588 7
L 1589 824 -205
D 1580 825 2 1581 1582 1589 7
L 1590 822 -195
D 1578 823 2 1579 1580 1590 7
L 1591 820 196
D 1576 821 2 1577 1578 1591 7
L 1592 818 380
D 1574 819 2 1575 1576 1592 7
L 1594 832 202
L 1597 834 -203
L 1598 836 204
L 1599 834 203
D 1596 835 2 1597 1598 1599 7
L 1601 838 -219
L 1603 840 213
L 1606 842 -214
L 1607 844 -215
L 1608 842 214
D 1605 843 2 1606 1607 1608 7
L 1610 846 218
L 1612 848 -217
L 1613 850 216
L 1614 848 217
D 1611 849 2 1612 1613 1614 7
L 1615 846 -218
D 1609 847 2 1610 1611 1615 7
L 1617 844 215
D 1616 843 2 1606 1617 1608 41
D 1604 845 2 1605 1609 1616 7
L 1618 840 -213
D 1602 841 2 1603 1604 1618 7
L 1619 838 219
D 1600 839 2 1601 1602 1619 7
L 1621 836 -204
D 1620 835 2 1597 1621 1599 41
D 1595 837 2 1596 1600 1620 7
L 1622 832 -202
D 1593 833 2 1594 1595 1622 7
L 1629 830 199
D 1628 829 2 1585 1629 1587 41
D 1627 827 2 1583 1628 1588 41
D 1626 825 2 1581 1627 1589 41
D 1625 823 2 1579 1626 1590 41
D 1624 821 2 1577 1625 1591 41
D 1623 819 2 1575 1624 1592 41
D 1573 831 2 1574 1593 1623 7
L 1633 852 -515
L 1635 854 28
L 1637 856 181
L 1639 858 -180
L 1641 860 182
L 1642 862 -183
L 1643 860 -182
D 1640 861 2 1641 1642 1643 7
L 1644 858 180
D 1638 859 2 1639 1640 1644 7
L 1645 856 -181
D 1636 857 2 1637 1638 1645 7
L 1646 854 -28
D 1634 855 2 1635 1636 1646 7
L 1647 852 515
D 1632 853 2 1633 1634 1647 7
L 1650 864 -558
L 1651 866 -355
L 1652 864 558
D 1649 865 2 1650 1651 1652 7
L 1654 868 357
L 1655 870 -356
L 1656 868 -357
D 1653 869 2 1654 1655 1656 7
L 1658 866 355
D 1657 865 2 1650 1658 1652 41
D 1648 867 2 1649 1653 1657 7
L 1664 862 183
D 1663 861 2 1641 1664 1643 41
D 1662 859 2 1639 1663 1644 41
D 1661 857 2 1637 1662 1645 41
D 1660 855 2 1635 1661 1646 41
D 1659 853 2 1633 1660 1647 41
D 1631 863 2 1632 1648 1659 7
L 1669 872 -206
L 1670 874 207
L 1671 872 206
D 1668 873 2 1669 1670 1671 7
L 1673 876 -212
L 1674 878 211
L 1675 876 212
D 1672 877 2 1673 1674 1675 7
L 1677 874 -207
D 1676 873 2 1669 1677 1671 41
D 1667 875 2 1668 1672 1676 7
L 1679 880 -29
L 1681 882 119
L 1682 884 -120
L 1683 882 -119
D 1680 883 2 1681 1682 1683 7
L 1684 880 29
D 1678 881 2 1679 1680 1684 7
L 1687 878 -211
D 1686 877 2 1673 1687 1675 41
D 1685 875 2 1668 1686 1676 41
D 1666 879 2 1667 1678 1685 7
L 1691 886 208
L 1693 888 -209
L 1694 890 -210
L 1695 888 209
D 1692 889 2 1693 1694 1695 7
L 1696 886 -208
D 1690 887 2 1691 1692 1696 7
L 1698 892 -424
L 1699 894 -430
L 1700 892 424
D 1697 893 2 1698 1699 1700 7
L 1703 890 210
D 1702 889 2 1693 1703 1695 41
D 1701 887 2 1691 1702 1696 41
D 1689 891 2 1690 1697 1701 7
L 1707 896 -549
L 1708 898 547
L 1709 896 549
D 1706 897 2 1707 1708 1709 7
L 1711 900 -396
L 1713 902 497
L 1714 904 -498
L 1715 902 -497
D 1712 903 2 1713 1714 1715 7
L 1716 900 396
D 1710 901 2 1711 1712 1716 7
L 1718 898 -547
D 1717 897 2 1707 1718 1709 41
D 1705 899 2 1706 1710 1717 7
L 1721 906 -385
L 1722 908 -384
L 1723 906 385
D 1720 907 2 1721 1722 1723 7
L 1725 910 -397
L 1727 912 -27
L 1728 914 -379
L 1729 912 27
D 1726 913 2 1727 1728 1729 7
L 1730 910 397
D 1724 911 2 1725 1726 1730 7
L 1732 908 384
D 1731 907 2 1721 1732 1723 41
D 1719 909 2 1720 1724 1731 7
L 1736 904 498
D 1735 903 2 1713 1736 1715 41
D 1734 901 2 1711 1735 1716 41
D 1733 899 2 1706 1734 1717 41
D 1704 905 2 1705 1719 1733 7
L 1739 894 430
D 1738 893 2 1698 1739 1700 41
D 1737 891 2 1690 1738 1701 41
D 1688 895 2 1689 1704 1737 7
L 1743 884 120
D 1742 883 2 1681 1743 1683 41
D 1741 881 2 1679 1742 1684 41
D 1740 879 2 1667 1741 1685 41
D 1665 885 2 1666 1688 1740 7
L 1747 870 356
D 1746 869 2 1654 1747 1656 41
D 1745 867 2 1649 1746 1657 41
D 1744 863 2 1632 1745 1659 41
D 1630 871 2 1631 1665 1744 7
L 1756 850 -216
D 1755 849 2 1612 1756 1614 41
D 1754 847 2 1610 1755 1615 41
D 1753 845 2 1605 1754 1616 41
D 1752 841 2 1603 1753 1618 41
D 1751 839 2 1601 1752 1619 41
D 1750 837 2 1596 1751 1620 41
D 1749 833 2 1594 1750 1622 41
D 1748 831 2 1574 1749 1623 41
D 1572 851 2 1573 1630 1748 7
L 1763 816 433
D 1762 815 2 1551 1763 1553 41
D 1761 813 2 1549 1762 1554 41
D 1760 811 2 1538 1761 1555 41
D 1759 803 2 1526 1760 1559 41
D 1758 795 2 1506 1759 1562 41
D 1757 783 2 1426 1758 1565 41
D 1424 817 2 1425 1572 1757 7
L 1770 916 465
L 1771 918 -467
L 1772 916 -465
D 1769 917 2 1770 1771 1772 7
L 1775 920 -285
L 1776 922 286
L 1777 920 285
D 1774 921 2 1775 1776 1777 7
L 1779 924 -303
L 1780 926 552
L 1781 924 303
D 1778 925 2 1779 1780 1781 7
L 1783 922 -286
D 1782 921 2 1775 1783 1777 41
D 1773 923 2 1774 1778 1782 7
L 1785 918 467
D 1784 917 2 1770 1785 1772 41
D 1768 919 2 1769 1773 1784 7
L 1787 928 -512
L 1792 930 179
L 1793 932 -178
L 1794 930 -179
D 1791 931 2 1792 1793 1794 7
L 1796 934 -164
L 1798 936 -165
L 1799 938 163
L 1800 936 165
D 1797 937 2 1798 1799 1800 7
L 1801 934 164
D 1795 935 2 1796 1797 1801 7
L 1803 932 178
D 1802 931 2 1792 1803 1794 41
D 1790 933 2 1791 1795 1802 7
L 1806 940 511
L 1807 942 541
L 1808 940 -511
D 1805 941 2 1806 1807 1808 7
L 1809 944 -513
L 1811 942 -541
D 1810 941 2 1806 1811 1808 41
D 1804 943 2 1805 1809 1810 7
L 1815 938 -163
D 1814 937 2 1798 1815 1800 41
D 1813 935 2 1796 1814 1801 41
D 1812 933 2 1791 1813 1802 41
D 1789 939 2 1790 1804 1812 7
L 1818 946 -351
L 1819 948 -352
L 1820 946 351
D 1817 947 2 1818 1819 1820 7
L 1822 950 539
L 1824 952 487
L 1825 954 -485
L 1826 952 -487
D 1823 953 2 1824 1825 1826 7
L 1827 950 -539
D 1821 951 2 1822 1823 1827 7
L 1829 948 352
D 1828 947 2 1818 1829 1820 41
D 1816 949 2 1817 1821 1828 7
L 1832 944 513
D 1831 943 2 1805 1832 1810 41
D 1830 939 2 1790 1831 1812 41
D 1788 945 2 1789 1816 1830 7
L 1833 928 512
D 1786 929 2 1787 1788 1833 7
L 1837 926 -552
D 1836 925 2 1779 1837 1781 41
D 1835 923 2 1774 1836 1782 41
D 1834 919 2 1769 1835 1784 41
D 1767 927 2 1768 1786 1834 7
L 1840 956 -296
L 1843 958 -370
L 1844 960 -444
L 1845 958 370
D 1842 959 2 1843 1844 1845 7
L 1847 962 -371
L 1848 964 493
L 1849 962 371
D 1846 963 2 1847 1848 1849 7
L 1851 960 444
D 1850 959 2 1843 1851 1845 41
D 1841 961 2 1842 1846 1850 7
L 1852 956 296
D 1839 957 2 1840 1841 1852 7
L 1856 966 -295
L 1857 968 -337
L 1858 966 295
D 1855 967 2 1856 1857 1858 7
L 1859 970 -336
L 1861 968 337
D 1860 967 2 1856 1861 1858 41
D 1854 969 2 1855 1859 1860 7
L 1862 972 -368
L 1864 970 336
D 1863 969 2 1855 1864 1860 41
D 1853 971 2 1854 1862 1863 7
L 1868 964 -493
D 1867 963 2 1847 1868 1849 41
D 1866 961 2 1842 1867 1850 41
D 1865 957 2 1840 1866 1852 41
D 1838 965 2 1839 1853 1865 7
L 1875 954 485
D 1874 953 2 1824 1875 1826 41
D 1873 951 2 1822 1874 1827 41
D 1872 949 2 1817 1873 1828 41
D 1871 945 2 1789 1872 1830 41
D 1870 929 2 1787 1871 1833 41
D 1869 927 2 1768 1870 1834 41
D 1766 955 2 1767 1838 1869 7
L 1879 974 479
L 1881 976 -299
L 1882 978 -298
L 1883 976 299
D 1880 977 2 1881 1882 1883 7
L 1884 974 -479
D 1878 975 2 1879 1880 1884 7
L 1888 980 -375
L 1889 982 -376
L 1890 980 375
D 1887 981 2 1888 1889 1890 7
L 1891 984 -367
L 1893 982 376
D 1892 981 2 1888 1893 1890 41
D 1886 983 2 1887 1891 1892 7
L 1895 986 -405
L 1896 988 -502
L 1897 986 405
D 1894 987 2 1895 1896 1897 7
L 1899 984 367
D 1898 983 2 1887 1899 1892 41
D 1885 985 2 1886 1894 1898 7
L 1902 978 298
D 1901 977 2 1881 1902 1883 41
D 1900 975 2 1879 1901 1884 41
D 1877 979 2 1878 1885 1900 7
L 1905 990 559
L 1907 992 -389
L 1909 994 -354
L 1910 996 -388
L 1911 994 354
D 1908 995 2 1909 1910 1911 7
L 1912 992 389
D 1906 993 2 1907 1908 1912 7
L 1913 990 -559
D 1904 991 2 1905 1906 1913 7
L 1917 998 257
L 1918 1000 255
L 1919 998 -257
D 1916 999 2 1917 1918 1919 7
L 1921 1002 -254
L 1922 1004 258
L 1923 1002 254
D 1920 1003 2 1921 1922 1923 7
L 1925 1000 -255
D 1924 999 2 1917 1925 1919 41
D 1915 1001 2 1916 1920 1924 7
L 1929 1006 11
L 1931 1008 -12
L 1932 1010 -9
L 1933 1008 12
D 1930 1009 2 1931 1932 1933 7
L 1934 1006 -11
D 1928 1007 2 1929 1930 1934 7
L 1937 1012 100
L 1939 1014 -127
L 1940 1016 126
L 1941 1014 127
D 1938 1015 2 1939 1940 1941 7
L 1942 1012 -100
D 1936 1013 2 1937 1938 1942 7
L 1944 1018 134
L 1946 1020 -135
L 1947 1022 -99
L 1948 1020 135
D 1945 1021 2 1946 1947 1948 7
L 1949 1018 -134
D 1943 1019 2 1944 1945 1949 7
L 1952 1016 -126
D 1951 1015 2 1939 1952 1941 41
D 1950 1013 2 1937 1951 1942 41
D 1935 1017 2 1936 1943 1950 7
L 1955 1010 9
D 1954 1009 2 1931 1955 1933 41
D 1953 1007 2 1929 1954 1934 41
D 1927 1011 2 1928 1935 1953 7
L 1958 1024 -248
L 1959 1026 -247
L 1960 1024 248
D 1957 1025 2 1958 1959 1960 7
L 1963 1028 -124
L 1964 1030 125
L 1965 1028 124
D 1962 1029 2 1963 1964 1965 7
L 1967 1032 -145
L 1968 1034 146
L 1969 1032 145
D 1966 1033 2 1967 1968 1969 7
L 1971 1030 -125
D 1970 1029 2 1963 1971 1965 41
D 1961 1031 2 1962 1966 1970 7
L 1973 1026 247
D 1972 1025 2 1958 1973 1960 41
D 1956 1027 2 1957 1961 1972 7
L 1978 1022 99
D 1977 1021 2 1946 1978 1948 41
D 1976 1019 2 1944 1977 1949 41
D 1975 1017 2 1936 1976 1950 41
D 1974 1011 2 1928 1975 1953 41
D 1926 1023 2 1927 1956 1974 7
L 1981 1004 -258
D 1980 1003 2 1921 1981 1923 41
D 1979 1001 2 1916 1980 1924 41
D 1914 1005 2 1915 1926 1979 7
L 1985 996 388
D 1984 995 2 1909 1985 1911 41
D 1983 993 2 1907 1984 1912 41
D 1982 991 2 1905 1983 1913 41
D 1903 997 2 1904 1914 1982 7
L 1989 988 502
D 1988 987 2 1895 1989 1897 41
D 1987 985 2 1886 1988 1898 41
D 1986 979 2 1878 1987 1900 41
D 1876 989 2 1877 1903 1986 7
L 1993 972 368
D 1992 971 2 1854 1993 1863 41
D 1991 965 2 1839 1992 1865 41
D 1990 955 2 1767 1991 1869 41
D 1765 973 2 1766 1876 1990 7
L 1999 1036 523
L 2000 1038 536
L 2001 1036 -523
D 1998 1037 2 1999 2000 2001 7
L 2003 1040 -366
L 2004 1042 486
L 2005 1040 366
D 2002 1041 2 2003 2004 2005 7
L 2007 1038 -536
D 2006 1037 2 1999 2007 2001 41
D 1997 1039 2 1998 2002 2006 7
L 2011 1044 -399
L 2012 1046 -398
L 2013 1044 399
D 2010 1045 2 2011 2012 2013 7
L 2015 1048 -363
L 2016 1050 -362
L 2017 1048 363
D 2014 1049 2 2015 2016 2017 7
L 2019 1046 398
D 2018 1045 2 2011 2019 2013 41
D 2009 1047 2 2010 2014 2018 7
L 2021 1052 484
L 2023 1054 364
L 2024 1056 -365
L 2025 1054 -364
D 2022 1055 2 2023 2024 2025 7
L 2026 1052 -484
D 2020 1053 2 2021 2022 2026 7
L 2029 1050 362
D 2028 1049 2 2015 2029 2017 41
D 2027 1047 2 2010 2028 2018 41
D 2008 1051 2 2009 2020 2027 7
L 2032 1042 -486
D 2031 1041 2 2003 2032 2005 41
D 2030 1039 2 1998 2031 2006 41
D 1996 1043 2 1997 2008 2030 7
L 2036 1058 -490
L 2038 1060 542
L 2039 1062 -524
L 2040 1060 -542
D 2037 1061 2 2038 2039 2040 7
L 2041 1058 490
D 2035 1059 2 2036 2037 2041 7
L 2044 1064 133
L 2045 1066 -8
L 2046 1064 -133
D 2043 1065 2 2044 2045 2046 7
L 2048 1068 -480
L 2050 1070 -154
L 2051 1072 155
L 2052 1070 154
D 2049 1071 2 2050 2051 2052 7
L 2053 1068 480
D 2047 1069 2 2048 2049 2053 7
L 2055 1066 8
D 2054 1065 2 2044 2055 2046 41
D 2042 1067 2 2043 2047 2054 7
L 2058 1062 524
D 2057 1061 2 2038 2058 2040 41
D 2056 1059 2 2036 2057 2041 41
D 2034 1063 2 2035 2042 2056 7
L 2061 1074 30
L 2063 1076 7
L 2064 1078 -52
L 2065 1076 -7
D 2062 1077 2 2063 2064 2065 7
L 2066 1074 -30
D 2060 1075 2 2061 2062 2066 7
L 2069 1080 37
L 2070 1082 -36
L 2071 1080 -37
L 2072 1082 36
D 2068 1081 2 2069 2070 2071 2072
L 2074 1084 -123
L 2076 1086 -121
L 2077 1088 122
L 2078 1086 121
D 2075 1087 2 2076 2077 2078 7
L 2079 1084 123
D 2073 1085 2 2074 2075 2079 7
D 2080 1081 2 2071 2070 2069 2072
D 2067 1083 2 2068 2073 2080 7
L 2083 1078 52
D 2082 1077 2 2063 2083 2065 41
D 2081 1075 2 2061 2082 2066 41
D 2059 1079 2 2060 2067 2081 7
L 2088 1072 -155
D 2087 1071 2 2050 2088 2052 41
D 2086 1069 2 2048 2087 2053 41
D 2085 1067 2 2043 2086 2054 41
D 2084 1063 2 2035 2085 2056 41
D 2033 1073 2 2034 2059 2084 7
L 2093 1056 365
D 2092 1055 2 2023 2093 2025 41
D 2091 1053 2 2021 2092 2026 41
D 2090 1051 2 2009 2091 2027 41
D 2089 1043 2 1997 2090 2030 41
D 1995 1057 2 1996 2033 2089 7
L 2097 1090 -505
L 2099 1092 -372
L 2100 1094 -374
L 2101 1092 372
D 2098 1093 2 2099 2100 2101 7
L 2102 1090 505
D 2096 1091 2 2097 2098 2102 7
L 2106 1096 -373
L 2107 1098 -377
L 2108 1096 373
D 2105 1097 2 2106 2107 2108 7
L 2109 1100 -403
L 2111 1098 377
D 2110 1097 2 2106 2111 2108 41
D 2104 1099 2 2105 2109 2110 7
L 2113 1102 -501
L 2114 1104 378
L 2115 1102 501
D 2112 1103 2 2113 2114 2115 7
L 2117 1100 403
D 2116 1099 2 2105 2117 2110 41
D 2103 1101 2 2104 2112 2116 7
L 2120 1094 374
D 2119 1093 2 2099 2120 2101 41
D 2118 1091 2 2097 2119 2102 41
D 2095 1095 2 2096 2103 2118 7
L 2124 1106 496
L 2125 1108 -386
L 2126 1106 -496
D 2123 1107 2 2124 2125 2126 7
L 2128 1110 -387
L 2130 1112 492
L 2131 1114 495
L 2132 1112 -492
D 2129 1113 2 2130 2131 2132 7
L 2133 1110 387
D 2127 1111 2 2128 2129 2133 7
L 2135 1108 386
D 2134 1107 2 2124 2135 2126 41
D 2122 1109 2 2123 2127 2134 7
L 2137 1116 -400
L 2138 1118 -500
L 2139 1116 400
D 2136 1117 2 2137 2138 2139 7
L 2143 1114 -495
D 2142 1113 2 2130 2143 2132 41
D 2141 1111 2 2128 2142 2133 41
D 2140 1109 2 2123 2141 2134 41
D 2121 1115 2 2122 2136 2140 7
L 2147 1104 -378
D 2146 1103 2 2113 2147 2115 41
D 2145 1101 2 2104 2146 2116 41
D 2144 1095 2 2096 2145 2118 41
D 2094 1105 2 2095 2121 2144 7
L 2154 1088 -122
D 2153 1087 2 2076 2154 2078 41
D 2152 1085 2 2074 2153 2079 41
D 2151 1083 2 2068 2152 2080 41
D 2150 1079 2 2060 2151 2081 41
D 2149 1073 2 2034 2150 2084 41
D 2148 1057 2 1996 2149 2089 41
D 1994 1089 2 1995 2094 2148 7
L 2163 1034 -146
D 2162 1033 2 1967 2163 1969 41
D 2161 1031 2 1962 2162 1970 41
D 2160 1027 2 1957 2161 1972 41
D 2159 1023 2 1927 2160 1974 41
D 2158 1005 2 1915 2159 1979 41
D 2157 997 2 1904 2158 1982 41
D 2156 989 2 1877 2157 1986 41
D 2155 973 2 1766 2156 1990 41
D 1764 1035 2 1765 1994 2155 7
L 2173 914 379
D 2172 913 2 1727 2173 1729 41
D 2171 911 2 1725 2172 1730 41
D 2170 909 2 1720 2171 1731 41
D 2169 905 2 1705 2170 1733 41
D 2168 895 2 1689 2169 1737 41
D 2167 885 2 1666 2168 1740 41
D 2166 871 2 1631 2167 1744 41
D 2165 851 2 1573 2166 1748 41
D 2164 817 2 1425 2165 1757 41
D 1423 915 2 1424 1764 2164 7
L 2182 738 -476
D 2181 737 2 1396 2182 1398 41
D 2180 735 2 1394 2181 1399 41
D 2179 733 2 1385 2180 1400 41
D 2178 727 2 1365 2179 1402 41
D 2177 715 2 1266 2178 1405 41
D 2176 663 2 1177 2177 1409 41
D 2175 615 2 1145 2176 1415 41
D 2174 597 2 1095 2175 1418 41
D 1093 739 2 1094 1423 2174 7
L 2192 568 -519
D 2191 567 2 1046 2192 1048 41
D 2190 565 2 1041 2191 1049 41
D 2189 561 2 1033 2190 1051 41
D 2188 555 2 1021 2189 1054 41
D 2187 547 2 912 2188 1057 41
D 2186 489 2 793 2187 1063 41
D 2185 425 2 408 2186 1071 41
D 2184 227 2 296 2185 1081 41
D 2183 167 2 258 2184 1088 41
D 256 569 2 257 1093 2183 7
L 2201 144 -222
D 2200 143 2 233 2201 235 41
D 2199 141 2 231 2200 236 41
D 2198 139 2 226 2199 237 41
D 2197 135 2 224 2198 239 41
D 2196 133 2 222 2197 240 41
D 2195 131 2 188 2196 241 41
D 2194 111 2 147 2195 246 41
D 2193 87 2 128 2194 252 41
D 126 145 2 127 256 2193 7
L 2206 74 -416
D 2205 73 2 115 2206 117 41
D 2204 71 2 110 2205 118 41
D 2203 67 2 105 2204 120 41
D 2202 63 2 90 2203 122 41
D 88 75 2 89 126 2202 7
L 2211 52 383
D 2210 51 2 78 2211 80 41
D 2209 49 2 76 2210 81 41
D 2208 47 2 71 2209 82 41
D 2207 43 2 52 2208 84 41
D 50 53 2 51 88 2207 7
L 2217 30 3
D 2216 29 2 34 2217 39 41
D 2215 25 2 32 2216 42 41
D 2214 23 2 27 2215 43 41
D 2213 19 2 19 2214 45 41
D 2212 13 2 14 2213 48 41
D 12 31 2 13 50 2212 7
L 2218 8 402
D 10 9 2 11 12 2218 7
L 2219 6 -514
D 8 7 2 9 10 2219 7
L 2221 4 328
D 2220 3 2 4 2221 6 7
D 2226 11 2 17 49 15 7
D 2227 11 2 17 16 15 41
D 2225 13 2 2226 18 2227 7
D 2228 13 2 2226 2213 2227 41
D 2224 31 2 2225 50 2228 7
D 2223 9 2 11 2224 2218 7
D 2222 7 2 2219 2223 9 7
D 2 5 3 3 8 2220 2222 6 7
L 2229 0 421
D 0 1 2 1 2 2229 7
