c ids of sdd nodes start at 0
c sdd nodes appear bottom-up, children before parents
c
c file syntax:
c sdd count-of-sdd-nodes
c F id-of-false-sdd-node
c T id-of-true-sdd-node
c L id-of-literal-sdd-node id-of-vtree literal
c D id-of-decomposition-sdd-node id-of-vtree number-of-elements {id-of-prime id-of-sub}*
c
sdd 3493
L 1 0 -448
L 3 2 -446
L 6 4 447
L 7 6 -605
L 8 4 -447
F 9
D 5 5 2 6 7 8 9
L 12 8 547
L 14 10 -549
L 15 12 -507
L 16 10 549
D 13 11 2 14 15 16 9
L 17 8 -547
D 11 9 2 12 13 17 9
L 20 14 -606
L 21 16 607
L 22 14 606
D 19 15 2 20 21 22 9
L 28 18 -545
L 30 20 -544
L 31 22 -543
L 32 20 544
D 29 21 2 30 31 32 9
L 33 18 545
D 27 19 2 28 29 33 9
L 35 24 541
L 36 26 542
L 37 24 -541
D 34 25 2 35 36 37 9
L 40 22 543
T 41
D 39 21 2 30 40 32 41
D 38 19 2 28 39 33 41
D 26 23 2 27 34 38 9
L 44 28 -548
L 45 30 538
L 46 28 548
D 43 29 2 44 45 46 9
L 48 32 660
L 50 34 540
L 52 36 -188
L 54 38 -189
L 55 40 187
L 56 38 189
D 53 39 2 54 55 56 9
L 57 36 188
D 51 37 2 52 53 57 9
L 58 34 -540
D 49 35 2 50 51 58 9
L 59 32 -660
D 47 33 2 48 49 59 9
L 61 30 -538
D 60 29 2 44 61 46 41
D 42 31 2 43 47 60 9
L 64 26 -542
D 63 25 2 35 64 37 41
D 62 23 2 27 63 38 41
D 25 27 2 26 42 62 9
L 71 42 -506
L 72 44 741
L 73 42 506
D 70 43 2 71 72 73 9
L 75 46 -504
L 76 48 -505
L 77 46 504
D 74 47 2 75 76 77 9
L 79 44 -741
D 78 43 2 71 79 73 41
D 69 45 2 70 74 78 9
L 82 50 656
L 83 52 -508
L 84 50 -656
D 81 51 2 82 83 84 9
L 86 54 -642
L 88 56 695
L 90 58 -646
L 91 60 700
L 92 58 646
D 89 59 2 90 91 92 9
L 93 56 -695
D 87 57 2 88 89 93 9
L 94 54 642
D 85 55 2 86 87 94 9
L 96 52 508
D 95 51 2 82 96 84 41
D 80 53 2 81 85 95 9
L 99 48 505
D 98 47 2 75 99 77 41
D 97 45 2 70 98 78 41
D 68 49 2 69 80 97 9
L 102 62 657
L 104 64 -510
L 106 66 742
L 107 68 -512
L 108 66 -742
D 105 67 2 106 107 108 9
L 109 64 510
D 103 65 2 104 105 109 9
L 110 62 -657
D 101 63 2 102 103 110 9
L 113 70 -509
L 114 72 -514
L 115 70 509
D 112 71 2 113 114 115 9
L 118 74 743
L 120 76 -517
L 121 78 -511
L 122 76 517
D 119 77 2 120 121 122 9
L 123 74 -743
D 117 75 2 118 119 123 9
L 125 80 -515
L 127 82 -522
L 128 84 -516
L 129 82 522
D 126 83 2 127 128 129 9
L 130 80 515
D 124 81 2 125 126 130 9
L 133 78 511
D 132 77 2 120 133 122 41
D 131 75 2 118 132 123 41
D 116 79 2 117 124 131 9
L 135 72 514
D 134 71 2 113 135 115 41
D 111 73 2 112 116 134 9
L 139 68 512
D 138 67 2 106 139 108 41
D 137 65 2 104 138 109 41
D 136 63 2 102 137 110 41
D 100 69 2 101 111 136 9
L 145 60 -700
D 144 59 2 90 145 92 41
D 143 57 2 88 144 93 41
D 142 55 2 86 143 94 41
D 141 53 2 81 142 95 41
D 140 49 2 69 141 97 41
D 67 61 2 68 100 140 9
L 150 86 658
L 151 88 -644
L 152 86 -658
D 149 87 2 150 151 152 9
L 154 90 -518
L 156 92 697
L 158 94 -648
L 159 96 702
L 160 94 648
D 157 95 2 158 159 160 9
L 161 92 -697
D 155 93 2 156 157 161 9
L 162 90 518
D 153 91 2 154 155 162 9
L 164 88 644
D 163 87 2 150 164 152 41
D 148 89 2 149 153 163 9
L 166 98 -535
L 168 100 536
L 169 102 -537
L 170 100 -536
D 167 101 2 168 169 170 9
L 171 98 535
D 165 99 2 166 167 171 9
L 176 96 -702
D 175 95 2 158 176 160 41
D 174 93 2 156 175 161 41
D 173 91 2 154 174 162 41
D 172 89 2 149 173 163 41
D 147 97 2 148 165 172 9
L 180 104 -643
L 181 106 -513
L 182 104 643
D 179 105 2 180 181 182 9
L 184 108 -640
L 187 110 696
L 188 112 -647
L 189 110 -696
D 186 111 2 187 188 189 9
L 190 114 701
L 192 112 647
D 191 111 2 187 192 189 41
D 185 113 2 186 190 191 9
L 193 108 640
D 183 109 2 184 185 193 9
L 195 106 513
D 194 105 2 180 195 182 41
D 178 107 2 179 183 194 9
L 197 116 530
L 199 118 -529
L 200 120 -531
L 201 118 529
D 198 119 2 199 200 201 9
L 202 116 -530
D 196 117 2 197 198 202 9
L 206 114 -701
D 205 113 2 186 206 191 41
D 204 109 2 184 205 193 41
D 203 107 2 179 204 194 41
D 177 115 2 178 196 203 9
L 210 102 537
D 209 101 2 168 210 170 41
D 208 99 2 166 209 171 41
D 207 97 2 148 208 172 41
D 146 103 2 147 177 207 9
L 217 84 516
D 216 83 2 127 217 129 41
D 215 81 2 125 216 130 41
D 214 79 2 117 215 131 41
D 213 73 2 112 214 134 41
D 212 69 2 101 213 136 41
D 211 61 2 68 212 140 41
D 66 85 2 67 146 211 9
L 221 122 533
L 223 124 532
L 224 126 534
L 225 124 -532
D 222 125 2 223 224 225 9
L 226 122 -533
D 220 123 2 221 222 226 9
L 228 128 539
L 230 130 651
L 231 132 -645
L 232 130 -651
D 229 131 2 230 231 232 9
L 233 128 -539
D 227 129 2 228 229 233 9
L 236 126 -534
D 235 125 2 223 236 225 41
D 234 123 2 221 235 226 41
D 219 127 2 220 227 234 9
L 240 134 659
L 242 136 -523
L 244 138 703
L 245 140 -649
L 246 138 -703
D 243 139 2 244 245 246 9
L 247 136 523
D 241 137 2 242 243 247 9
L 248 134 -659
D 239 135 2 240 241 248 9
L 251 142 -704
L 252 144 698
L 253 142 704
D 250 143 2 251 252 253 9
L 255 146 650
L 257 148 -641
L 258 150 699
L 259 148 641
D 256 149 2 257 258 259 9
L 260 146 -650
D 254 147 2 255 256 260 9
L 262 144 -698
D 261 143 2 251 262 253 41
D 249 145 2 250 254 261 9
L 266 140 649
D 265 139 2 244 266 246 41
D 264 137 2 242 265 247 41
D 263 135 2 240 264 248 41
D 238 141 2 239 249 263 9
L 271 152 744
L 272 154 -520
L 273 152 -744
D 270 153 2 271 272 273 9
L 275 156 -527
L 276 158 -521
L 277 156 527
D 274 157 2 275 276 277 9
L 279 154 520
D 278 153 2 271 279 273 41
D 269 155 2 270 274 278 9
L 282 160 528
L 283 162 -526
L 284 160 -528
D 281 161 2 282 283 284 9
L 286 164 -745
L 287 166 525
L 288 164 745
D 285 165 2 286 287 288 9
L 290 162 526
D 289 161 2 282 290 284 41
D 280 163 2 281 285 289 9
L 293 158 521
D 292 157 2 275 293 277 41
D 291 155 2 270 292 278 41
D 268 159 2 269 280 291 9
L 295 168 -519
L 296 170 -524
L 297 168 519
D 294 169 2 295 296 297 9
L 301 166 -525
D 300 165 2 286 301 288 41
D 299 163 2 281 300 289 41
D 298 159 2 269 299 291 41
D 267 167 2 268 294 298 9
L 306 150 -699
D 305 149 2 257 306 259 41
D 304 147 2 255 305 260 41
D 303 145 2 250 304 261 41
D 302 141 2 239 303 263 41
D 237 151 2 238 267 302 9
L 310 132 645
D 309 131 2 232 310 230 9
D 308 129 2 228 309 233 9
D 307 127 2 220 308 234 9
D 315 139 2 246 266 244 9
D 314 137 2 247 315 242 9
D 313 135 2 240 314 248 9
D 317 143 2 253 252 251 9
D 318 147 2 260 256 255 9
D 319 143 2 253 262 251 41
D 316 145 2 317 318 319 9
D 322 139 2 246 245 244 41
D 321 137 2 247 322 242 41
D 320 135 2 240 321 248 41
D 312 141 2 313 316 320 9
D 326 153 2 273 279 271 9
D 327 153 2 273 272 271 41
D 325 155 2 326 274 327 9
D 329 161 2 284 283 282 9
D 330 165 2 288 301 286 9
D 331 161 2 284 290 282 41
D 328 163 2 329 330 331 9
D 332 155 2 326 292 327 41
D 324 159 2 325 328 332 9
D 335 165 2 288 287 286 41
D 334 163 2 329 335 331 41
D 333 159 2 325 334 332 41
D 323 167 2 324 294 333 9
D 338 147 2 260 305 255 41
D 337 145 2 317 338 319 41
D 336 141 2 313 337 320 41
D 311 151 2 312 323 336 9
D 341 131 2 232 231 230 310
D 340 129 2 228 341 233 41
D 339 127 2 220 340 234 41
D 218 133 3 219 237 307 311 339 9
D 347 75 2 123 119 118 9
D 348 81 2 130 126 125 9
D 349 75 2 123 132 118 41
D 346 79 2 347 348 349 9
D 345 73 2 112 346 134 9
D 344 69 2 101 345 136 9
D 343 61 2 68 344 140 9
D 353 87 2 150 164 152 9
D 356 95 2 160 176 158 9
D 355 93 2 156 356 161 9
D 354 91 2 162 355 154 9
D 357 87 2 150 151 152 41
D 352 89 2 353 354 357 9
D 361 95 2 160 159 158 41
D 360 93 2 156 361 161 41
D 359 91 2 162 360 154 41
D 358 89 2 353 359 357 41
D 351 97 2 352 165 358 9
D 362 97 2 352 208 358 41
D 350 103 2 351 177 362 9
D 366 43 2 71 79 73 9
D 367 47 2 75 99 77 9
D 368 43 2 71 72 73 41
D 365 45 2 366 367 368 9
D 370 51 2 82 96 84 9
D 373 59 2 92 145 90 9
D 372 57 2 88 373 93 9
D 371 55 2 94 372 86 9
D 374 51 2 82 83 84 41
D 369 53 2 370 371 374 9
D 376 47 2 75 76 77 41
D 375 45 2 366 376 368 41
D 364 49 2 365 369 375 9
D 381 59 2 92 91 90 41
D 380 57 2 88 381 93 41
D 379 55 2 94 380 86 41
D 378 53 2 370 379 374 41
D 377 49 2 365 378 375 41
D 363 61 2 364 100 377 9
D 386 67 2 108 107 106 9
D 385 65 2 109 386 104 9
D 384 63 2 102 385 110 9
D 389 67 2 108 139 106 41
D 388 65 2 109 389 104 41
D 387 63 2 102 388 110 41
D 383 69 2 384 111 387 9
D 382 61 2 68 383 140 9
D 393 105 2 182 195 180 9
D 396 111 2 187 192 189 9
D 397 111 2 187 188 189 41
D 395 113 2 396 206 397 9
D 394 109 2 184 395 193 9
D 398 105 2 182 181 180 41
D 392 107 2 393 394 398 9
D 401 113 2 396 190 397 41
D 400 109 2 184 401 193 41
D 399 107 2 393 400 398 41
D 391 115 2 392 196 399 9
D 390 103 2 147 391 207 9
D 406 81 2 130 216 125 41
D 405 79 2 347 406 349 41
D 404 73 2 112 405 134 41
D 408 65 2 104 138 109 389
D 407 63 2 102 408 110 41
D 403 69 3 384 213 101 404 407 41
D 410 45 3 366 376 70 98 73 41
D 409 49 3 365 378 69 141 410 41
D 402 61 3 68 403 364 212 409 41
D 342 85 4 343 350 363 146 382 390 402 9
D 414 131 2 232 231 230 9
D 413 129 2 228 414 233 9
D 412 127 2 220 413 234 9
D 416 141 2 239 316 263 9
D 418 159 2 269 328 291 9
D 419 159 2 269 334 291 41
D 417 167 2 418 294 419 9
D 420 141 2 239 337 263 41
D 415 151 2 416 417 420 9
D 423 131 2 232 310 230 41
D 422 129 2 228 423 233 41
D 421 127 2 220 422 234 41
D 411 133 2 412 415 421 9
L 429 120 531
D 428 119 2 199 429 201 41
D 427 117 2 197 428 202 41
D 426 115 2 178 427 203 41
D 425 103 2 351 426 362 41
D 431 49 3 365 369 69 80 410 9
D 430 61 2 431 100 409 9
D 432 103 2 147 426 207 41
D 434 115 2 392 427 399 41
D 433 103 2 147 434 207 41
D 438 79 3 117 215 347 406 132 41
D 437 73 2 112 438 134 41
D 436 69 3 101 437 384 213 407 41
D 435 61 3 68 436 364 212 409 41
D 424 85 4 343 425 430 432 382 433 435 41
D 65 121 3 66 218 342 411 424 9
L 445 40 -187
D 444 39 2 54 445 56 41
D 443 37 2 52 444 57 41
D 442 35 2 50 443 58 41
D 441 33 2 48 442 59 41
D 440 31 2 43 441 60 41
D 439 27 2 26 440 62 41
D 24 41 2 25 65 439 9
L 452 172 -570
L 453 174 -571
L 454 172 570
D 451 173 2 452 453 454 9
L 458 176 98
L 459 178 -99
L 460 176 -98
D 457 177 2 458 459 460 9
L 463 180 217
L 465 182 -218
L 466 184 -219
L 467 182 218
D 464 183 2 465 466 467 9
L 468 180 -217
D 462 181 2 463 464 468 9
L 470 186 -96
L 471 188 95
L 472 186 96
D 469 187 2 470 471 472 9
L 475 184 219
D 474 183 2 465 475 467 41
D 473 181 2 463 474 468 41
D 461 185 2 462 469 473 9
L 477 178 99
D 476 177 2 458 477 460 41
D 456 179 2 457 461 476 9
L 481 190 101
L 483 192 -100
L 485 194 -102
L 487 196 -103
L 488 198 -104
L 489 196 103
D 486 197 2 487 488 489 9
L 490 194 102
D 484 195 2 485 486 490 9
L 491 192 100
D 482 193 2 483 484 491 9
L 492 190 -101
D 480 191 2 481 482 492 9
L 494 200 138
L 495 202 -137
L 496 200 -138
D 493 201 2 494 495 496 9
L 501 198 104
D 500 197 2 487 501 489 41
D 499 195 2 485 500 490 41
D 498 193 2 483 499 491 41
D 497 191 2 481 498 492 41
D 479 199 2 480 493 497 9
L 505 204 -460
L 506 206 -461
L 507 204 460
D 504 205 2 505 506 507 9
L 509 208 92
L 510 210 -93
L 511 208 -92
D 508 209 2 509 510 511 9
L 513 206 461
D 512 205 2 505 513 507 41
D 503 207 2 504 508 512 9
L 516 212 -464
L 517 214 736
L 518 212 464
D 515 213 2 516 517 518 9
L 520 216 -463
L 521 218 -462
L 522 216 463
D 519 217 2 520 521 522 9
L 524 214 -736
D 523 213 2 516 524 518 41
D 514 215 2 515 519 523 9
L 527 210 93
D 526 209 2 509 527 511 41
D 525 207 2 504 526 512 41
D 502 211 2 503 514 525 9
L 530 202 137
D 529 201 2 494 530 496 41
D 528 199 2 480 529 497 41
D 478 203 2 479 502 528 9
L 534 188 -95
D 533 187 2 472 534 470 9
D 532 185 2 462 533 473 9
D 531 179 2 457 532 476 9
D 538 213 2 516 524 518 9
D 539 217 2 522 521 520 9
D 540 213 2 516 517 518 41
D 537 215 2 538 539 540 9
D 536 211 2 503 537 525 9
D 535 203 2 479 536 528 9
D 543 187 2 470 534 472 471
D 542 185 2 462 543 473 41
D 541 179 2 457 542 476 41
D 455 189 3 456 478 531 535 541 9
L 545 174 571
D 544 173 2 452 545 454 41
D 450 175 2 451 455 544 9
L 549 220 -600
L 551 222 -631
L 552 224 -599
L 553 222 631
D 550 223 2 551 552 553 9
L 554 220 600
D 548 221 2 549 550 554 9
L 556 226 546
L 558 228 -449
L 560 230 128
L 561 232 -127
L 562 230 -128
D 559 231 2 560 561 562 9
L 563 228 449
D 557 229 2 558 559 563 9
L 564 226 -546
D 555 227 2 556 557 564 9
L 567 224 599
D 566 223 2 551 567 553 41
D 565 221 2 549 566 554 41
D 547 225 2 548 555 565 9
L 570 234 -451
L 571 236 450
L 572 234 451
D 569 235 2 570 571 572 9
L 574 238 601
L 576 240 -568
L 577 242 -569
L 578 240 568
D 575 241 2 576 577 578 9
L 579 238 -601
D 573 239 2 574 575 579 9
L 581 236 -450
D 580 235 2 570 581 572 41
D 568 237 2 569 573 580 9
L 586 232 127
D 585 231 2 560 586 562 41
D 584 229 2 558 585 563 41
D 583 227 2 556 584 564 41
D 582 225 2 548 583 565 41
D 546 233 2 547 568 582 9
L 593 218 462
D 592 217 2 522 593 520 41
D 591 215 2 538 592 540 41
D 590 211 2 503 591 525 41
D 589 203 2 479 590 528 41
D 597 217 2 520 593 522 41
D 596 215 2 515 597 523 41
D 595 211 2 503 596 525 41
D 594 203 2 479 595 528 41
D 588 189 3 531 589 456 594 541 41
D 587 175 2 451 588 544 41
D 449 219 2 450 546 587 9
L 602 244 -183
L 604 246 181
L 605 248 -182
L 606 246 -181
D 603 247 2 604 605 606 9
L 607 244 183
D 601 245 2 602 603 607 9
L 609 250 -452
L 611 252 -454
L 612 254 453
L 613 252 454
D 610 253 2 611 612 613 9
L 614 250 452
D 608 251 2 609 610 614 9
L 617 248 182
D 616 247 2 604 617 606 41
D 615 245 2 602 616 607 41
D 600 249 2 601 608 615 9
L 620 256 705
L 621 258 257
L 622 256 -705
D 619 257 2 620 621 622 9
L 625 260 -465
L 627 262 -561
L 629 264 560
L 630 266 -559
L 631 264 -560
D 628 265 2 629 630 631 9
L 632 262 561
D 626 263 2 627 628 632 9
L 633 260 465
D 624 261 2 625 626 633 9
L 635 268 595
L 637 270 675
L 638 272 -610
L 639 270 -675
D 636 271 2 637 638 639 9
L 640 268 -595
D 634 269 2 635 636 640 9
L 644 266 559
D 643 265 2 629 644 631 41
D 642 263 2 627 643 632 41
D 641 261 2 625 642 633 41
D 623 267 2 624 634 641 9
L 646 258 -257
D 645 257 2 620 646 622 41
D 618 259 2 619 623 645 9
L 650 254 -453
D 649 253 2 611 650 613 41
D 648 251 2 609 649 614 41
D 647 249 2 601 648 615 41
D 599 255 2 600 618 647 9
L 656 274 -80
L 658 276 -81
L 660 278 79
L 661 280 -78
L 662 278 -79
D 659 279 2 660 661 662 9
L 663 276 81
D 657 277 2 658 659 663 9
L 664 274 80
D 655 275 2 656 657 664 9
L 668 282 -409
L 669 284 -408
L 670 282 409
D 667 283 2 668 669 670 9
L 672 286 -405
L 673 288 726
L 674 286 405
D 671 287 2 672 673 674 9
L 676 284 408
D 675 283 2 668 676 670 41
D 666 285 2 667 671 675 9
L 679 290 -407
L 680 292 -404
L 681 290 407
D 678 291 2 679 680 681 9
L 685 294 -410
L 686 296 -411
L 687 294 410
D 684 295 2 685 686 687 9
L 689 298 -414
L 691 300 727
L 693 302 -413
L 695 304 -418
L 696 306 -412
L 697 304 418
D 694 305 2 695 696 697 9
L 698 302 413
D 692 303 2 693 694 698 9
L 699 300 -727
D 690 301 2 691 692 699 9
L 700 298 414
D 688 299 2 689 690 700 9
L 702 296 411
D 701 295 2 685 702 687 41
D 683 297 2 684 688 701 9
L 704 308 -406
L 707 310 -416
L 708 312 -417
L 709 310 416
D 706 311 2 707 708 709 9
L 711 314 -415
L 712 316 728
L 713 314 415
D 710 315 2 711 712 713 9
L 715 312 417
D 714 311 2 707 715 709 41
D 705 313 2 706 710 714 9
L 716 308 406
D 703 309 2 704 705 716 9
L 722 306 412
D 721 305 2 695 722 697 41
D 720 303 2 693 721 698 41
D 719 301 2 691 720 699 41
D 718 299 2 689 719 700 41
D 717 297 2 684 718 701 41
D 682 307 2 683 703 717 9
L 724 292 404
D 723 291 2 679 724 681 41
D 677 293 2 678 682 723 9
L 727 288 -726
D 726 287 2 672 727 674 41
D 725 285 2 667 726 675 41
D 665 289 2 666 677 725 9
L 731 280 78
D 730 279 2 660 731 662 41
D 729 277 2 658 730 663 41
D 728 275 2 656 729 664 41
D 654 281 2 655 665 728 9
L 734 318 -177
L 735 320 -594
L 736 318 177
D 733 319 2 734 735 736 9
L 740 322 -306
L 741 324 -307
L 742 322 306
D 739 323 2 740 741 742 9
L 744 326 -310
L 745 328 715
L 746 326 310
D 743 327 2 744 745 746 9
L 748 324 307
D 747 323 2 740 748 742 41
D 738 325 2 739 743 747 9
L 752 330 303
L 754 332 -608
L 756 334 42
L 757 336 -41
L 758 334 -42
D 755 335 2 756 757 758 9
L 759 332 608
D 753 333 2 754 755 759 9
L 760 330 -303
L 763 336 41
D 762 335 2 758 763 756 9
D 761 333 2 759 762 754 9
D 751 331 2 752 753 760 761
L 765 338 -312
L 766 340 -302
L 767 338 312
D 764 339 2 765 766 767 9
D 770 335 2 756 763 758 41
D 769 333 2 754 770 759 41
D 772 335 2 758 757 756 41
D 771 333 2 759 772 754 41
D 768 331 2 752 769 760 771
D 750 337 2 751 764 768 9
L 776 342 609
L 778 344 -308
L 779 346 -317
L 780 344 308
D 777 345 2 778 779 780 9
L 781 342 -609
D 775 343 2 776 777 781 9
L 784 348 673
L 785 350 674
L 786 348 -673
D 783 349 2 784 785 786 9
L 789 352 -311
L 790 354 -309
L 791 352 311
D 788 353 2 789 790 791 9
L 793 356 44
L 794 358 -45
L 795 356 -44
D 792 357 2 793 794 795 9
L 797 354 309
D 796 353 2 789 797 791 41
D 787 355 2 788 792 796 9
L 799 350 -674
D 798 349 2 784 799 786 41
D 782 351 2 783 787 798 9
L 802 346 317
D 801 345 2 778 802 780 41
D 800 343 2 776 801 781 41
D 774 347 2 775 782 800 9
L 804 360 -304
L 805 362 -305
L 806 360 304
D 803 361 2 804 805 806 9
D 808 343 2 781 777 776 9
L 812 358 45
D 811 357 2 795 812 793 9
D 810 355 2 788 811 796 9
D 809 351 2 783 810 798 9
D 813 343 2 781 801 776 41
D 807 347 2 808 809 813 9
L 815 362 305
D 814 361 2 804 815 806 9
D 819 357 2 793 812 795 41
D 818 355 2 788 819 796 41
D 817 351 2 783 818 798 41
D 822 357 2 795 794 793 41
D 821 355 2 788 822 796 41
D 820 351 2 783 821 798 41
D 816 347 3 775 817 808 820 801 41
D 773 359 3 774 803 807 814 816 9
L 825 340 302
D 824 339 2 765 825 767 41
D 823 337 2 751 824 768 41
D 749 341 2 750 773 823 9
L 828 328 -715
D 827 327 2 744 828 746 41
D 826 325 2 739 827 747 41
D 737 329 2 738 749 826 9
L 830 320 594
D 829 319 2 734 830 736 41
D 732 321 2 733 737 829 9
L 838 316 -728
D 837 315 2 711 838 713 41
D 836 313 2 706 837 714 41
D 835 309 2 704 836 716 41
D 834 307 2 683 835 717 41
D 833 293 2 678 834 723 41
D 832 289 2 666 833 725 41
D 831 281 2 655 832 728 41
D 653 317 2 654 732 831 9
L 844 364 65
L 846 366 -73
L 848 368 -66
L 849 370 -64
L 850 368 66
D 847 369 2 848 849 850 9
L 851 366 73
D 845 367 2 846 847 851 9
L 852 364 -65
D 843 365 2 844 845 852 9
L 854 372 380
L 855 374 -381
L 856 372 -380
D 853 373 2 854 855 856 9
L 860 370 64
D 859 369 2 848 860 850 41
D 858 367 2 846 859 851 41
D 857 365 2 844 858 852 41
D 842 371 2 843 853 857 9
L 862 376 -427
L 866 378 730
L 868 380 -425
L 869 382 -424
L 870 380 425
D 867 381 2 868 869 870 9
L 871 378 -730
D 865 379 2 866 867 871 9
L 874 384 -431
L 876 386 -426
L 877 388 -421
L 878 386 426
D 875 387 2 876 877 878 9
L 879 384 431
D 873 385 2 874 875 879 9
L 881 390 -420
L 884 392 729
L 885 394 -379
L 886 392 -729
D 883 393 2 884 885 886 9
L 887 396 -422
L 889 394 379
D 888 393 2 884 889 886 41
D 882 395 2 883 887 888 9
L 890 390 420
D 880 391 2 881 882 890 9
L 893 388 421
D 892 387 2 876 893 878 41
D 891 385 2 874 892 879 41
D 872 389 2 873 880 891 9
L 896 382 424
D 895 381 2 868 896 870 41
D 894 379 2 866 895 871 41
D 864 383 2 865 872 894 9
L 899 398 83
L 900 400 -419
L 901 398 -83
D 898 399 2 899 900 901 9
L 903 402 -423
L 905 404 -82
L 906 406 -84
L 907 404 82
D 904 405 2 905 906 907 9
L 908 402 423
D 902 403 2 903 904 908 9
L 910 400 419
D 909 399 2 899 910 901 41
D 897 401 2 898 902 909 9
L 915 396 422
D 914 395 2 883 915 888 41
D 913 391 2 881 914 890 41
D 912 389 2 873 913 891 41
D 911 383 2 865 912 894 41
D 863 397 2 864 897 911 9
L 916 376 427
D 861 377 2 862 863 916 9
L 919 374 381
D 918 373 2 854 919 856 41
D 917 371 2 843 918 857 41
D 841 375 2 842 861 917 9
L 923 408 -298
L 924 410 -297
L 925 408 298
D 922 409 2 923 924 925 9
L 928 412 -314
L 930 414 -300
L 931 416 -294
L 932 414 300
D 929 415 2 930 931 932 9
L 933 412 314
D 927 413 2 928 929 933 9
L 935 418 714
L 938 420 -39
L 939 422 38
L 940 420 39
D 937 421 2 938 939 940 9
L 942 424 -313
L 943 426 -299
L 944 424 313
D 941 425 2 942 943 944 9
L 946 422 -38
D 945 421 2 938 946 940 41
D 936 423 2 937 941 945 9
L 947 418 -714
D 934 419 2 935 936 947 9
L 950 416 294
D 949 415 2 930 950 932 41
D 948 413 2 928 949 933 41
D 926 417 2 927 934 948 9
D 951 409 2 925 924 923 9
D 955 421 2 940 946 938 9
D 956 421 2 940 939 938 41
D 954 423 2 955 941 956 9
D 953 419 2 947 954 935 9
D 952 417 2 927 953 948 9
L 957 410 297
D 921 411 3 922 926 951 952 957 9
L 960 428 301
L 962 430 672
L 964 432 -295
L 966 434 -34
L 967 436 35
L 968 434 34
D 965 435 2 966 967 968 9
L 969 432 295
D 963 433 2 964 965 969 9
L 970 430 -672
D 961 431 2 962 963 970 9
L 971 428 -301
D 959 429 2 960 961 971 9
L 974 438 -290
L 975 440 -291
L 976 438 290
D 973 439 2 974 975 976 9
L 979 442 -94
L 980 444 -296
L 981 442 94
D 978 443 2 979 980 981 9
L 983 446 713
L 985 448 -292
L 986 450 -293
L 987 448 292
D 984 449 2 985 986 987 9
L 988 446 -713
D 982 447 2 983 984 988 9
L 990 444 296
D 989 443 2 979 990 981 41
D 977 445 2 978 982 989 9
L 992 440 291
D 991 439 2 974 992 976 41
D 972 441 2 973 977 991 9
L 997 436 -35
D 996 435 2 966 997 968 41
D 995 433 2 964 996 969 41
D 994 431 2 962 995 970 41
D 993 429 2 960 994 971 41
D 958 437 2 959 972 993 9
L 1003 426 299
D 1002 425 2 942 1003 944 41
D 1001 423 2 937 1002 945 41
D 1000 419 2 935 1001 947 41
D 999 417 2 927 1000 948 41
D 1006 423 2 955 1002 956 41
D 1005 419 2 947 1006 935 41
D 1004 417 2 927 1005 948 41
D 998 411 3 922 999 951 1004 957 41
D 920 427 2 921 958 998 9
L 1013 406 84
D 1012 405 2 905 1013 907 41
D 1011 403 2 903 1012 908 41
D 1010 401 2 898 1011 909 41
D 1009 397 2 864 1010 911 41
D 1008 377 2 862 1009 916 41
D 1007 375 2 842 1008 917 41
D 840 407 2 841 920 1007 9
L 1017 452 469
L 1018 454 -384
L 1019 452 -469
D 1016 453 2 1017 1018 1019 9
L 1022 456 383
L 1023 458 -382
L 1024 456 -383
D 1021 457 2 1022 1023 1024 9
L 1026 460 -385
L 1028 462 386
L 1029 464 -387
L 1030 462 -386
D 1027 463 2 1028 1029 1030 9
L 1031 460 385
D 1025 461 2 1026 1027 1031 9
L 1033 458 382
D 1032 457 2 1022 1033 1024 41
D 1020 459 2 1021 1025 1032 9
L 1035 454 384
D 1034 453 2 1017 1035 1019 41
D 1015 455 2 1016 1020 1034 9
L 1039 466 -432
L 1042 468 -70
L 1045 470 -69
L 1046 472 68
L 1047 470 69
D 1044 471 2 1045 1046 1047 9
L 1048 474 -67
L 1050 472 -68
D 1049 471 2 1045 1050 1047 41
D 1043 473 2 1044 1048 1049 9
L 1051 468 70
D 1041 469 2 1042 1043 1051 9
L 1053 476 -430
L 1054 478 389
L 1055 476 430
D 1052 477 2 1053 1054 1055 9
L 1058 474 67
D 1057 473 2 1044 1058 1049 41
D 1056 469 2 1042 1057 1051 41
D 1040 475 2 1041 1052 1056 9
L 1059 466 432
D 1038 467 2 1039 1040 1059 9
L 1062 480 -433
L 1063 482 731
L 1064 480 433
D 1061 481 2 1062 1063 1064 9
L 1066 484 -429
L 1067 486 -428
L 1068 484 429
D 1065 485 2 1066 1067 1068 9
L 1070 482 -731
D 1069 481 2 1062 1070 1064 41
D 1060 483 2 1061 1065 1069 9
L 1074 478 -389
D 1073 477 2 1053 1074 1055 41
D 1072 475 2 1041 1073 1056 41
D 1071 467 2 1039 1072 1059 41
D 1037 479 2 1038 1060 1071 9
L 1077 488 -320
L 1079 490 -162
L 1080 492 -160
L 1081 490 162
D 1078 491 2 1079 1080 1081 9
L 1082 488 320
D 1076 489 2 1077 1078 1082 9
L 1086 494 -445
L 1087 496 734
L 1088 494 445
D 1085 495 2 1086 1087 1088 9
L 1090 498 -444
L 1091 500 -443
L 1092 498 444
D 1089 499 2 1090 1091 1092 9
L 1094 496 -734
D 1093 495 2 1086 1094 1088 41
D 1084 497 2 1085 1089 1093 9
L 1098 502 -723
L 1100 504 392
L 1101 506 -394
L 1102 504 -392
D 1099 505 2 1100 1101 1102 9
L 1103 502 723
D 1097 503 2 1098 1099 1103 9
L 1106 508 -390
L 1107 510 -388
L 1108 508 390
D 1105 509 2 1106 1107 1108 9
L 1111 512 -391
L 1113 514 -399
L 1116 516 -393
L 1117 518 -398
L 1118 516 393
D 1115 517 2 1116 1117 1118 9
L 1120 520 724
L 1123 522 -396
L 1124 524 -403
L 1125 522 396
D 1122 523 2 1123 1124 1125 9
L 1126 526 -397
L 1128 524 403
D 1127 523 2 1123 1128 1125 41
D 1121 525 2 1122 1126 1127 9
L 1129 520 -724
D 1119 521 2 1120 1121 1129 9
L 1131 518 398
D 1130 517 2 1116 1131 1118 41
D 1114 519 2 1115 1119 1130 9
L 1132 514 399
D 1112 515 2 1113 1114 1132 9
L 1133 512 391
D 1110 513 2 1111 1112 1133 9
L 1135 528 -395
L 1138 530 725
L 1140 532 -401
L 1141 534 -402
L 1142 532 401
D 1139 533 2 1140 1141 1142 9
L 1143 530 -725
D 1137 531 2 1138 1139 1143 9
L 1144 536 -400
L 1147 534 402
D 1146 533 2 1140 1147 1142 41
D 1145 531 2 1138 1146 1143 41
D 1136 535 2 1137 1144 1145 9
L 1148 528 395
D 1134 529 2 1135 1136 1148 9
L 1154 526 397
D 1153 525 2 1122 1154 1127 41
D 1152 521 2 1120 1153 1129 41
D 1151 519 2 1115 1152 1130 41
D 1150 515 2 1113 1151 1132 41
D 1149 513 2 1111 1150 1133 41
D 1109 527 2 1110 1134 1149 9
L 1156 510 388
D 1155 509 2 1106 1156 1108 41
D 1104 511 2 1105 1109 1155 9
L 1159 506 394
D 1158 505 2 1100 1159 1102 41
D 1157 503 2 1098 1158 1103 41
D 1096 507 2 1097 1104 1157 9
L 1162 538 -319
L 1163 540 -318
L 1164 538 319
D 1161 539 2 1162 1163 1164 9
L 1167 542 -438
L 1170 544 -74
L 1172 546 75
L 1174 548 -76
L 1175 550 -77
L 1176 548 76
D 1173 549 2 1174 1175 1176 9
L 1177 546 -75
D 1171 547 2 1172 1173 1177 9
L 1178 544 74
D 1169 545 2 1170 1171 1178 9
L 1181 552 732
L 1182 554 -437
L 1183 552 -732
D 1180 553 2 1181 1182 1183 9
L 1185 556 -434
L 1186 558 -435
L 1187 556 434
D 1184 557 2 1185 1186 1187 9
L 1189 554 437
D 1188 553 2 1181 1189 1183 41
D 1179 555 2 1180 1184 1188 9
L 1193 550 77
D 1192 549 2 1174 1193 1176 41
D 1191 547 2 1172 1192 1177 41
D 1190 545 2 1170 1191 1178 41
D 1168 551 2 1169 1179 1190 9
L 1194 542 438
D 1166 543 2 1167 1168 1194 9
L 1196 560 -442
L 1200 562 -436
L 1201 564 -441
L 1202 562 436
D 1199 563 2 1200 1201 1202 9
L 1203 566 733
L 1205 564 441
D 1204 563 2 1200 1205 1202 41
D 1198 565 2 1199 1203 1204 9
L 1207 568 -440
L 1208 570 -439
L 1209 568 440
D 1206 569 2 1207 1208 1209 9
L 1211 566 -733
D 1210 565 2 1199 1211 1204 41
D 1197 567 2 1198 1206 1210 9
L 1212 560 442
D 1195 561 2 1196 1197 1212 9
L 1217 558 435
D 1216 557 2 1185 1217 1187 41
D 1215 555 2 1180 1216 1188 41
D 1214 551 2 1169 1215 1190 41
D 1213 543 2 1167 1214 1194 41
D 1165 559 2 1166 1195 1213 9
L 1219 540 318
D 1218 539 2 1162 1219 1164 41
D 1160 541 2 1161 1165 1218 9
L 1225 536 400
D 1224 535 2 1137 1225 1145 41
D 1223 529 2 1135 1224 1148 41
D 1222 527 2 1110 1223 1149 41
D 1221 511 2 1105 1222 1155 41
D 1220 507 2 1097 1221 1157 41
D 1095 537 2 1096 1160 1220 9
L 1228 500 443
D 1227 499 2 1090 1228 1092 41
D 1226 497 2 1085 1227 1093 41
D 1083 501 2 1084 1095 1226 9
L 1231 492 160
D 1230 491 2 1079 1231 1081 41
D 1229 489 2 1077 1230 1082 41
D 1075 493 2 1076 1083 1229 9
L 1235 486 428
D 1234 485 2 1066 1235 1068 41
D 1233 483 2 1061 1234 1069 41
D 1232 479 2 1038 1233 1071 41
D 1036 487 2 1037 1075 1232 9
L 1240 464 387
D 1239 463 2 1028 1240 1030 41
D 1238 461 2 1026 1239 1031 41
D 1237 459 2 1021 1238 1032 41
D 1236 455 2 1016 1237 1034 41
D 1014 465 2 1015 1036 1236 9
L 1248 450 293
D 1247 449 2 985 1248 987 41
D 1246 447 2 983 1247 988 41
D 1245 445 2 978 1246 989 41
D 1244 441 2 973 1245 991 41
D 1243 437 2 959 1244 993 41
D 1242 427 2 921 1243 998 41
D 1241 407 2 841 1242 1007 41
D 839 451 2 840 1014 1241 9
D 1254 361 2 804 805 806 41
D 1255 361 2 804 815 806 41
D 1253 359 3 807 1254 774 1255 816 41
D 1252 341 2 750 1253 823 41
D 1251 329 2 738 1252 826 41
D 1250 321 2 733 1251 829 41
D 1249 317 2 654 1250 831 41
D 652 363 2 653 839 1249 9
L 1260 572 -27
L 1262 574 26
L 1263 576 -286
L 1264 574 -26
D 1261 575 2 1262 1263 1264 9
L 1265 572 27
D 1259 573 2 1260 1261 1265 9
L 1268 578 30
L 1270 580 289
L 1272 582 -31
L 1273 584 32
L 1274 582 31
D 1271 583 2 1272 1273 1274 9
L 1275 580 -289
D 1269 581 2 1270 1271 1275 9
L 1276 578 -30
D 1267 579 2 1268 1269 1276 9
L 1278 586 -288
L 1279 588 -287
L 1280 586 288
D 1277 587 2 1278 1279 1280 9
L 1284 584 -32
D 1283 583 2 1272 1284 1274 41
D 1282 581 2 1270 1283 1275 41
D 1281 579 2 1268 1282 1276 41
D 1266 585 2 1267 1277 1281 9
L 1287 576 286
D 1286 575 2 1262 1287 1264 41
D 1285 573 2 1260 1286 1265 41
D 1258 577 2 1259 1266 1285 9
L 1292 590 -108
L 1294 592 -109
L 1296 594 107
L 1297 596 -106
L 1298 594 -107
D 1295 595 2 1296 1297 1298 9
L 1299 592 109
D 1293 593 2 1294 1295 1299 9
L 1300 590 108
D 1291 591 2 1292 1293 1300 9
L 1301 598 282
L 1305 596 106
D 1304 595 2 1296 1305 1298 41
D 1303 593 2 1294 1304 1299 41
D 1302 591 2 1292 1303 1300 41
D 1290 597 2 1291 1301 1302 9
L 1307 600 -281
L 1310 602 -157
L 1314 604 -97
L 1315 606 -105
L 1316 604 97
D 1313 605 2 1314 1315 1316 9
L 1318 608 -179
L 1320 610 -178
L 1322 612 -176
L 1323 614 -150
L 1324 612 176
D 1321 613 2 1322 1323 1324 9
L 1325 610 178
D 1319 611 2 1320 1321 1325 9
L 1326 608 179
D 1317 609 2 1318 1319 1326 9
L 1328 606 105
D 1327 605 2 1314 1328 1316 41
D 1312 607 2 1313 1317 1327 9
L 1332 616 -37
L 1334 618 -43
L 1335 620 -12
L 1336 618 43
D 1333 619 2 1334 1335 1336 9
L 1337 616 37
D 1331 617 2 1332 1333 1337 9
L 1339 622 -60
L 1341 624 -20
L 1342 626 -11
L 1343 624 20
D 1340 625 2 1341 1342 1343 9
L 1344 622 60
D 1338 623 2 1339 1340 1344 9
L 1347 620 12
D 1346 619 2 1334 1347 1336 41
D 1345 617 2 1332 1346 1337 41
D 1330 621 2 1331 1338 1345 9
L 1350 628 -62
L 1351 630 -25
L 1352 628 62
D 1349 629 2 1350 1351 1352 9
L 1354 632 -36
L 1355 634 -33
L 1356 632 36
D 1353 633 2 1354 1355 1356 9
L 1358 630 25
D 1357 629 2 1350 1358 1352 41
D 1348 631 2 1349 1353 1357 9
L 1362 626 11
D 1361 625 2 1341 1362 1343 41
D 1360 623 2 1339 1361 1344 41
D 1359 621 2 1331 1360 1345 41
D 1329 627 2 1330 1348 1359 9
L 1367 614 150
D 1366 613 2 1322 1367 1324 41
D 1365 611 2 1320 1366 1325 41
D 1364 609 2 1318 1365 1326 41
D 1363 607 2 1313 1364 1327 41
D 1311 615 2 1312 1329 1363 9
L 1368 602 157
D 1309 603 2 1310 1311 1368 9
L 1371 636 -85
L 1373 638 -24
L 1375 640 -23
L 1376 642 -16
L 1377 640 23
D 1374 641 2 1375 1376 1377 9
L 1378 638 24
D 1372 639 2 1373 1374 1378 9
L 1379 636 85
D 1370 637 2 1371 1372 1379 9
L 1383 644 -91
L 1385 646 -55
L 1386 648 -17
L 1387 646 55
D 1384 647 2 1385 1386 1387 9
L 1388 644 91
D 1382 645 2 1383 1384 1388 9
L 1390 650 -58
L 1392 652 -40
L 1393 654 -46
L 1394 652 40
D 1391 653 2 1392 1393 1394 9
L 1395 650 58
D 1389 651 2 1390 1391 1395 9
L 1398 648 17
D 1397 647 2 1385 1398 1387 41
D 1396 645 2 1383 1397 1388 41
D 1381 649 2 1382 1389 1396 9
L 1401 656 -13
L 1403 658 -22
L 1404 660 -21
L 1405 658 22
D 1402 659 2 1403 1404 1405 9
L 1406 656 13
D 1400 657 2 1401 1402 1406 9
L 1409 662 -89
L 1410 664 -90
L 1411 662 89
D 1408 663 2 1409 1410 1411 9
L 1413 666 8
L 1414 668 -7
L 1415 666 -8
D 1412 667 2 1413 1414 1415 9
L 1417 664 90
D 1416 663 2 1409 1417 1411 41
D 1407 665 2 1408 1412 1416 9
L 1420 660 21
D 1419 659 2 1403 1420 1405 41
D 1418 657 2 1401 1419 1406 41
D 1399 661 2 1400 1407 1418 9
L 1424 654 46
D 1423 653 2 1392 1424 1394 41
D 1422 651 2 1390 1423 1395 41
D 1421 649 2 1382 1422 1396 41
D 1380 655 2 1381 1399 1421 9
L 1428 642 16
D 1427 641 2 1375 1428 1377 41
D 1426 639 2 1373 1427 1378 41
D 1425 637 2 1371 1426 1379 41
D 1369 643 2 1370 1380 1425 9
L 1434 634 33
D 1433 633 2 1354 1434 1356 41
D 1432 631 2 1349 1433 1357 41
D 1431 627 2 1330 1432 1359 41
D 1430 615 2 1312 1431 1363 41
D 1429 603 2 1310 1430 1368 41
D 1308 635 2 1309 1369 1429 9
L 1435 600 281
D 1306 601 2 1307 1308 1435 9
L 1437 598 -282
D 1436 597 2 1291 1437 1302 41
D 1289 599 2 1290 1306 1436 9
L 1440 670 -28
L 1443 672 -316
L 1444 674 29
L 1445 672 316
D 1442 673 2 1443 1444 1445 9
L 1447 676 -285
L 1448 678 -284
L 1449 676 285
D 1446 677 2 1447 1448 1449 9
L 1451 674 -29
D 1450 673 2 1443 1451 1445 41
D 1441 675 2 1442 1446 1450 9
L 1452 670 28
D 1439 671 2 1440 1441 1452 9
L 1456 680 670
L 1457 682 671
L 1458 680 -670
D 1455 681 2 1456 1457 1458 9
L 1462 684 -265
L 1463 686 709
L 1464 684 265
D 1461 685 2 1462 1463 1464 9
L 1467 688 -262
L 1469 690 -261
L 1471 692 -274
L 1473 694 -263
L 1474 696 -269
L 1475 694 263
D 1472 695 2 1473 1474 1475 9
L 1476 692 274
D 1470 693 2 1471 1472 1476 9
L 1477 690 261
D 1468 691 2 1469 1470 1477 9
L 1478 688 262
D 1466 689 2 1467 1468 1478 9
L 1480 698 -270
L 1483 700 710
L 1484 702 -267
L 1485 700 -710
D 1482 701 2 1483 1484 1485 9
L 1487 704 -266
L 1488 706 -268
L 1489 704 266
D 1486 705 2 1487 1488 1489 9
L 1491 702 267
D 1490 701 2 1483 1491 1485 41
D 1481 703 2 1482 1486 1490 9
L 1492 698 270
D 1479 699 2 1480 1481 1492 9
L 1497 696 269
D 1496 695 2 1473 1497 1475 41
D 1495 693 2 1471 1496 1476 41
D 1494 691 2 1469 1495 1477 41
D 1493 689 2 1467 1494 1478 41
D 1465 697 2 1466 1479 1493 9
L 1499 686 -709
D 1498 685 2 1462 1499 1464 41
D 1460 687 2 1461 1465 1498 9
L 1503 708 711
L 1504 710 -275
L 1505 708 -711
D 1502 709 2 1503 1504 1505 9
L 1508 712 -271
L 1509 714 -272
L 1510 712 271
D 1507 713 2 1508 1509 1510 9
L 1512 716 -279
L 1513 718 -273
L 1514 716 279
D 1511 717 2 1512 1513 1514 9
L 1516 714 272
D 1515 713 2 1508 1516 1510 41
D 1506 715 2 1507 1511 1515 9
L 1518 710 275
D 1517 709 2 1503 1518 1505 41
D 1501 711 2 1502 1506 1517 9
L 1521 720 -280
L 1522 722 712
L 1523 720 280
D 1520 721 2 1521 1522 1523 9
L 1525 724 -277
L 1527 726 -276
L 1528 728 -278
L 1529 726 276
D 1526 727 2 1527 1528 1529 9
L 1530 724 277
D 1524 725 2 1525 1526 1530 9
L 1532 722 -712
D 1531 721 2 1521 1532 1523 41
D 1519 723 2 1520 1524 1531 9
L 1536 718 273
D 1535 717 2 1512 1536 1514 41
D 1534 715 2 1507 1535 1515 41
D 1533 711 2 1502 1534 1517 41
D 1500 719 2 1501 1519 1533 9
L 1542 706 268
D 1541 705 2 1487 1542 1489 41
D 1540 703 2 1482 1541 1490 41
D 1539 699 2 1480 1540 1492 41
D 1538 697 2 1466 1539 1493 41
D 1537 687 2 1461 1538 1498 41
D 1459 707 2 1460 1500 1537 9
L 1544 682 -671
D 1543 681 2 1456 1544 1458 41
D 1454 683 2 1455 1459 1543 9
L 1547 730 -283
L 1549 732 -264
L 1551 734 604
L 1553 736 -19
L 1554 738 18
L 1555 736 19
D 1552 737 2 1553 1554 1555 9
L 1556 734 -604
D 1550 735 2 1551 1552 1556 9
L 1557 732 264
D 1548 733 2 1549 1550 1557 9
L 1558 730 283
D 1546 731 2 1547 1548 1558 9
L 1560 740 -259
L 1561 742 -260
L 1562 740 259
D 1559 741 2 1560 1561 1562 9
L 1567 738 -18
D 1566 737 2 1555 1567 1553 9
D 1565 735 2 1556 1566 1551 9
D 1564 733 2 1549 1565 1557 9
D 1563 731 2 1547 1564 1558 9
L 1569 742 260
D 1568 741 2 1560 1569 1562 9
D 1573 737 2 1555 1554 1553 41
D 1574 737 2 1553 1567 1555 41
D 1572 735 2 1556 1573 1551 1574
D 1571 733 2 1549 1572 1557 41
D 1570 731 2 1547 1571 1558 41
D 1545 739 3 1546 1559 1563 1568 1570 9
L 1581 728 278
D 1580 727 2 1527 1581 1529 41
D 1579 725 2 1525 1580 1530 41
D 1578 723 2 1520 1579 1531 41
D 1577 719 2 1501 1578 1533 41
D 1576 707 2 1460 1577 1537 41
D 1575 683 2 1455 1576 1543 41
D 1453 729 2 1454 1545 1575 9
L 1585 678 284
D 1584 677 2 1447 1585 1449 41
D 1583 675 2 1442 1584 1450 41
D 1582 671 2 1440 1583 1452 41
D 1438 679 2 1439 1453 1582 9
L 1594 668 7
D 1593 667 2 1413 1594 1415 41
D 1592 665 2 1408 1593 1416 41
D 1591 661 2 1400 1592 1418 41
D 1590 655 2 1381 1591 1421 41
D 1589 643 2 1370 1590 1425 41
D 1588 635 2 1309 1589 1429 41
D 1587 601 2 1307 1588 1435 41
D 1586 599 2 1290 1587 1436 41
D 1288 669 2 1289 1438 1586 9
L 1598 588 287
D 1597 587 2 1278 1598 1280 41
D 1596 585 2 1267 1597 1281 41
D 1595 577 2 1259 1596 1285 41
D 1257 589 2 1258 1288 1595 9
L 1603 744 -567
L 1604 746 -582
L 1605 744 567
D 1602 745 2 1603 1604 1605 9
L 1607 748 602
L 1609 750 -88
L 1611 752 -86
L 1612 754 87
L 1613 752 86
D 1610 753 2 1611 1612 1613 9
L 1614 750 88
D 1608 751 2 1609 1610 1614 9
L 1615 748 -602
D 1606 749 2 1607 1608 1615 9
L 1617 746 582
D 1616 745 2 1603 1617 1605 41
D 1601 747 2 1602 1606 1616 9
L 1621 756 668
L 1623 758 -238
L 1624 760 -239
L 1625 758 238
D 1622 759 2 1623 1624 1625 9
L 1626 756 -668
D 1620 757 2 1621 1622 1626 9
L 1629 762 603
L 1631 764 669
L 1633 766 -9
L 1634 768 10
L 1635 766 9
D 1632 767 2 1633 1634 1635 9
L 1636 764 -669
D 1630 765 2 1631 1632 1636 9
L 1637 762 -603
D 1628 763 2 1629 1630 1637 9
L 1640 770 -256
L 1643 772 -254
L 1644 774 -252
L 1645 772 254
D 1642 773 2 1643 1644 1645 9
L 1647 776 708
L 1649 778 -253
L 1650 780 -315
L 1651 778 253
D 1648 779 2 1649 1650 1651 9
L 1652 776 -708
D 1646 777 2 1647 1648 1652 9
L 1654 774 252
D 1653 773 2 1643 1654 1645 41
D 1641 775 2 1642 1646 1653 9
L 1655 770 256
D 1639 771 2 1640 1641 1655 9
L 1658 782 14
L 1659 784 -15
L 1660 782 -14
D 1657 783 2 1658 1659 1660 9
L 1664 786 -241
L 1667 788 -242
L 1668 790 -243
L 1669 788 242
D 1666 789 2 1667 1668 1669 9
L 1671 792 -244
L 1672 794 706
L 1673 792 244
D 1670 793 2 1671 1672 1673 9
L 1675 790 243
D 1674 789 2 1667 1675 1669 41
D 1665 791 2 1666 1670 1674 9
L 1676 786 241
D 1663 787 2 1664 1665 1676 9
L 1678 796 -240
L 1679 798 -248
L 1680 796 240
D 1677 797 2 1678 1679 1680 9
L 1684 794 -706
D 1683 793 2 1671 1684 1673 41
D 1682 791 2 1666 1683 1674 41
D 1681 787 2 1664 1682 1676 41
D 1662 795 2 1663 1677 1681 9
L 1686 800 -249
L 1689 802 -246
L 1690 804 -245
L 1691 802 246
D 1688 803 2 1689 1690 1691 9
L 1695 806 -258
L 1696 808 -247
L 1697 806 258
D 1694 807 2 1695 1696 1697 9
L 1698 810 -255
L 1700 808 247
D 1699 807 2 1695 1700 1697 41
D 1693 809 2 1694 1698 1699 9
L 1701 812 707
L 1703 810 255
D 1702 809 2 1694 1703 1699 41
D 1692 811 2 1693 1701 1702 9
L 1705 804 245
D 1704 803 2 1689 1705 1691 41
D 1687 805 2 1688 1692 1704 9
L 1706 800 249
D 1685 801 2 1686 1687 1706 9
L 1709 798 248
D 1708 797 2 1678 1709 1680 41
D 1707 795 2 1663 1708 1681 41
D 1661 799 2 1662 1685 1707 9
L 1711 784 15
D 1710 783 2 1658 1711 1660 41
D 1656 785 2 1657 1661 1710 9
L 1716 780 315
D 1715 779 2 1649 1716 1651 41
D 1714 777 2 1647 1715 1652 41
D 1713 775 2 1642 1714 1653 41
D 1712 771 2 1640 1713 1655 41
D 1638 781 2 1639 1656 1712 9
L 1720 768 -10
D 1719 767 2 1633 1720 1635 41
D 1718 765 2 1631 1719 1636 41
D 1717 763 2 1629 1718 1637 41
D 1627 769 2 1628 1638 1717 9
L 1723 760 239
D 1722 759 2 1623 1723 1625 41
D 1721 757 2 1621 1722 1626 41
D 1619 761 2 1620 1627 1721 9
L 1726 814 -251
L 1727 816 -250
L 1728 814 251
D 1725 815 2 1726 1727 1728 9
L 1731 818 116
L 1735 820 -117
L 1737 822 -118
L 1738 824 -119
L 1739 822 118
D 1736 823 2 1737 1738 1739 9
L 1740 820 117
D 1734 821 2 1735 1736 1740 9
L 1742 826 -120
L 1743 828 -115
L 1744 826 120
D 1741 827 2 1742 1743 1744 9
L 1747 824 119
D 1746 823 2 1737 1747 1739 41
D 1745 821 2 1735 1746 1740 41
D 1733 825 2 1734 1741 1745 9
L 1748 830 -126
L 1751 828 115
D 1750 827 2 1742 1751 1744 41
D 1749 825 2 1734 1750 1745 41
D 1732 829 2 1733 1748 1749 9
L 1752 818 -116
D 1730 819 2 1731 1732 1752 9
L 1754 832 -155
L 1755 834 156
L 1756 832 155
D 1753 833 2 1754 1755 1756 9
L 1759 830 126
D 1758 829 2 1733 1759 1749 41
D 1757 819 2 1731 1758 1752 41
D 1729 831 2 1730 1753 1757 9
L 1761 816 250
D 1760 815 2 1726 1761 1728 41
D 1724 817 2 1725 1729 1760 9
D 1764 763 2 1637 1630 1629 9
D 1767 783 2 1660 1711 1658 9
D 1768 783 2 1660 1659 1658 41
D 1766 785 2 1767 1661 1768 9
D 1765 781 2 1639 1766 1712 9
D 1769 763 2 1637 1718 1629 41
D 1763 769 2 1764 1765 1769 9
D 1762 761 2 1620 1763 1721 9
D 1771 815 2 1728 1727 1726 9
D 1772 815 2 1728 1761 1726 41
D 1770 817 2 1771 1729 1772 9
L 1781 812 -707
D 1780 811 2 1693 1781 1702 41
D 1779 805 2 1688 1780 1704 41
D 1778 801 2 1686 1779 1706 41
D 1777 799 2 1662 1778 1707 41
D 1776 785 2 1767 1777 1768 41
D 1775 781 2 1639 1776 1712 41
D 1783 785 2 1657 1777 1710 41
D 1782 781 2 1639 1783 1712 41
D 1774 769 3 1764 1775 1628 1782 1718 41
D 1773 761 2 1620 1774 1721 41
D 1618 813 3 1619 1724 1762 1770 1773 9
L 1788 754 -87
D 1787 753 2 1611 1788 1613 41
D 1786 751 2 1609 1787 1614 41
D 1785 749 2 1607 1786 1615 41
D 1784 747 2 1602 1785 1616 41
D 1600 755 2 1601 1618 1784 9
L 1791 836 597
L 1794 838 -596
L 1795 840 -598
L 1796 838 596
D 1793 839 2 1794 1795 1796 9
L 1798 842 -748
L 1800 844 163
L 1803 846 161
L 1804 848 158
L 1805 846 -161
D 1802 847 2 1803 1804 1805 9
L 1807 850 164
L 1809 852 -165
L 1810 854 -159
L 1811 852 165
D 1808 853 2 1809 1810 1811 9
L 1812 850 -164
D 1806 851 2 1807 1808 1812 9
L 1814 848 -158
D 1813 847 2 1803 1814 1805 41
D 1801 849 2 1802 1806 1813 9
L 1815 844 -163
D 1799 845 2 1800 1801 1815 9
L 1816 842 748
D 1797 843 2 1798 1799 1816 9
L 1818 840 598
D 1817 839 2 1794 1818 1796 41
D 1792 841 2 1793 1797 1817 9
L 1819 836 -597
D 1790 837 2 1791 1792 1819 9
L 1823 856 -566
L 1825 858 583
L 1827 860 -580
L 1828 862 -581
L 1829 860 580
D 1826 861 2 1827 1828 1829 9
L 1830 858 -583
D 1824 859 2 1825 1826 1830 9
L 1831 856 566
D 1822 857 2 1823 1824 1831 9
L 1834 864 -564
L 1836 866 -576
L 1838 868 -577
L 1840 870 579
L 1841 872 -578
L 1842 870 -579
D 1839 871 2 1840 1841 1842 9
L 1843 868 577
D 1837 869 2 1838 1839 1843 9
L 1844 866 576
D 1835 867 2 1836 1837 1844 9
L 1845 864 564
D 1833 865 2 1834 1835 1845 9
L 1847 874 -573
L 1850 876 -574
L 1851 878 575
L 1852 876 574
D 1849 877 2 1850 1851 1852 9
L 1853 880 -572
L 1855 878 -575
D 1854 877 2 1850 1855 1852 41
D 1848 879 2 1849 1853 1854 9
L 1856 874 573
D 1846 875 2 1847 1848 1856 9
L 1861 872 578
D 1860 871 2 1840 1861 1842 41
D 1859 869 2 1838 1860 1843 41
D 1858 867 2 1836 1859 1844 41
D 1857 865 2 1834 1858 1845 41
D 1832 873 2 1833 1846 1857 9
L 1865 862 581
D 1864 861 2 1827 1865 1829 41
D 1863 859 2 1825 1864 1830 41
D 1862 857 2 1823 1863 1831 41
D 1821 863 2 1822 1832 1862 9
L 1868 882 -562
L 1869 884 -563
L 1870 882 562
D 1867 883 2 1868 1869 1870 9
L 1872 886 592
L 1874 888 -565
L 1875 890 593
L 1876 888 565
D 1873 889 2 1874 1875 1876 9
L 1877 886 -592
D 1871 887 2 1872 1873 1877 9
L 1879 884 563
D 1878 883 2 1868 1879 1870 41
D 1866 885 2 1867 1871 1878 9
L 1884 880 572
D 1883 879 2 1849 1884 1854 41
D 1882 875 2 1847 1883 1856 41
D 1881 873 2 1833 1882 1857 41
D 1880 863 2 1822 1881 1862 41
D 1820 881 2 1821 1866 1880 9
L 1892 854 159
D 1891 853 2 1809 1892 1811 41
D 1890 851 2 1807 1891 1812 41
D 1889 849 2 1802 1890 1813 41
D 1888 845 2 1800 1889 1815 41
D 1887 843 2 1798 1888 1816 41
D 1886 841 2 1793 1887 1817 41
D 1885 837 2 1791 1886 1819 41
D 1789 855 2 1790 1820 1885 9
L 1898 834 -156
D 1897 833 2 1756 1898 1754 9
D 1896 831 2 1730 1897 1757 9
D 1895 817 2 1725 1896 1760 9
D 1899 817 2 1771 1896 1772 9
D 1894 813 3 1619 1895 1762 1899 1773 9
D 1893 755 2 1601 1894 1784 9
D 1903 843 2 1816 1799 1798 9
D 1902 841 2 1793 1903 1817 9
D 1901 837 2 1819 1902 1791 9
D 1906 843 2 1816 1888 1798 41
D 1905 841 2 1793 1906 1817 41
D 1904 837 2 1819 1905 1791 41
D 1900 855 2 1901 1820 1904 9
D 1911 833 2 1754 1898 1756 1755
D 1910 831 2 1730 1911 1757 41
D 1909 817 2 1771 1910 1772 41
D 1912 817 2 1725 1910 1760 41
D 1908 813 3 1762 1909 1619 1912 1773 41
D 1907 755 2 1601 1908 1784 41
D 1599 835 3 1600 1789 1893 1900 1907 9
D 1918 741 2 1560 1569 1562 41
D 1919 741 2 1560 1561 1562 41
D 1917 739 3 1546 1918 1563 1919 1570 41
D 1916 729 2 1454 1917 1575 41
D 1915 679 2 1439 1916 1582 41
D 1914 669 2 1289 1915 1586 41
D 1913 589 2 1258 1914 1595 41
D 1256 743 2 1257 1599 1913 9
L 1932 570 439
D 1931 569 2 1207 1932 1209 41
D 1930 567 2 1198 1931 1210 41
D 1929 561 2 1196 1930 1212 41
D 1928 559 2 1166 1929 1213 41
D 1927 541 2 1161 1928 1218 41
D 1926 537 2 1096 1927 1220 41
D 1925 501 2 1084 1926 1226 41
D 1924 493 2 1076 1925 1229 41
D 1923 487 2 1037 1924 1232 41
D 1922 465 2 1015 1923 1236 41
D 1921 451 2 840 1922 1241 41
D 1920 363 2 653 1921 1249 41
D 651 571 2 652 1256 1920 9
L 1938 272 610
D 1937 271 2 637 1938 639 41
D 1936 269 2 635 1937 640 41
D 1935 267 2 624 1936 641 41
D 1934 259 2 619 1935 645 41
D 1933 255 2 600 1934 647 41
D 598 273 2 599 651 1933 9
L 1944 242 569
D 1943 241 2 576 1944 578 41
D 1942 239 2 574 1943 579 41
D 1941 237 2 569 1942 580 41
D 1940 233 2 547 1941 582 41
D 1939 219 2 450 1940 587 41
D 448 243 2 449 598 1939 9
L 1948 892 -655
L 1951 894 654
L 1953 896 131
L 1954 898 -132
L 1955 896 -131
D 1952 897 2 1953 1954 1955 9
L 1956 894 -654
D 1950 895 2 1951 1952 1956 9
L 1958 900 -653
L 1960 902 -652
L 1962 904 130
L 1963 906 -129
L 1964 904 -130
D 1961 905 2 1962 1963 1964 9
L 1965 902 652
D 1959 903 2 1960 1961 1965 9
L 1966 900 653
D 1957 901 2 1958 1959 1966 9
L 1969 898 132
D 1968 897 2 1953 1969 1955 41
D 1967 895 2 1951 1968 1956 41
D 1949 899 2 1950 1957 1967 9
L 1970 892 655
D 1947 893 2 1948 1949 1970 9
L 1975 908 122
L 1979 910 -123
L 1981 912 -124
L 1982 914 -125
L 1983 912 124
D 1980 913 2 1981 1982 1983 9
L 1984 910 123
D 1978 911 2 1979 1980 1984 9
L 1986 916 -133
L 1987 918 -134
L 1988 916 133
D 1985 917 2 1986 1987 1988 9
L 1991 914 125
D 1990 913 2 1981 1991 1983 41
D 1989 911 2 1979 1990 1984 41
D 1977 915 2 1978 1985 1989 9
L 1992 920 -121
L 1995 918 134
D 1994 917 2 1986 1995 1988 41
D 1993 915 2 1978 1994 1989 41
D 1976 919 2 1977 1992 1993 9
L 1996 908 -122
D 1974 909 2 1975 1976 1996 9
L 1997 922 554
L 2000 920 121
D 1999 919 2 1977 2000 1993 41
D 1998 909 2 1975 1999 1996 41
D 1973 921 2 1974 1997 1998 9
L 2002 924 -553
L 2003 926 -555
L 2004 924 553
D 2001 925 2 2002 2003 2004 9
L 2006 922 -554
D 2005 921 2 1974 2006 1998 41
D 1972 923 2 1973 2001 2005 9
L 2008 928 -552
L 2010 930 551
L 2011 932 -550
L 2012 930 -551
D 2009 931 2 2010 2011 2012 9
L 2013 928 552
D 2007 929 2 2008 2009 2013 9
L 2016 926 555
D 2015 925 2 2002 2016 2004 41
D 2014 923 2 1973 2015 2005 41
D 1971 927 2 1972 2007 2014 9
L 2022 906 129
D 2021 905 2 1962 2022 1964 41
D 2020 903 2 1960 2021 1965 41
D 2019 901 2 1958 2020 1966 41
D 2018 899 2 1950 2019 1967 41
D 2017 893 2 1948 2018 1970 41
D 1946 907 2 1947 1971 2017 9
L 2028 934 362
L 2030 936 -61
L 2032 938 -363
L 2034 940 193
L 2036 942 -194
L 2037 944 -195
L 2038 942 194
D 2035 943 2 2036 2037 2038 9
L 2039 940 -193
D 2033 941 2 2034 2035 2039 9
L 2040 938 363
D 2031 939 2 2032 2033 2040 9
L 2041 936 61
D 2029 937 2 2030 2031 2041 9
L 2042 934 -362
D 2027 935 2 2028 2029 2042 9
L 2044 946 -361
L 2045 948 -360
L 2046 946 361
D 2043 947 2 2044 2045 2046 9
L 2052 944 195
D 2051 943 2 2036 2052 2038 41
D 2050 941 2 2034 2051 2039 41
D 2049 939 2 2032 2050 2040 41
D 2048 937 2 2030 2049 2041 41
D 2047 935 2 2028 2048 2042 41
D 2026 945 2 2027 2043 2047 9
L 2057 950 -626
L 2058 952 -627
L 2059 950 626
D 2056 951 2 2057 2058 2059 9
L 2062 954 366
L 2063 956 -367
L 2064 954 -366
D 2061 955 2 2062 2063 2064 9
L 2066 958 -364
L 2067 960 -365
L 2068 958 364
D 2065 959 2 2066 2067 2068 9
L 2070 956 367
D 2069 955 2 2062 2070 2064 41
D 2060 957 2 2061 2065 2069 9
L 2072 952 627
D 2071 951 2 2057 2072 2059 41
D 2055 953 2 2056 2060 2071 9
L 2075 962 -624
L 2076 964 -625
L 2077 962 624
D 2074 963 2 2075 2076 2077 9
L 2081 966 370
L 2082 968 -371
L 2083 966 -370
D 2080 967 2 2081 2082 2083 9
L 2085 970 -368
L 2086 972 -369
L 2087 970 368
D 2084 971 2 2085 2086 2087 9
L 2089 968 371
D 2088 967 2 2081 2089 2083 41
D 2079 969 2 2080 2084 2088 9
L 2093 974 -59
L 2095 976 -63
L 2097 978 -56
L 2098 980 57
L 2099 978 56
D 2096 979 2 2097 2098 2099 9
L 2100 976 63
D 2094 977 2 2095 2096 2100 9
L 2101 974 59
D 2092 975 2 2093 2094 2101 9
L 2102 982 374
L 2106 980 -57
D 2105 979 2 2097 2106 2099 41
D 2104 977 2 2095 2105 2100 41
D 2103 975 2 2093 2104 2101 41
D 2091 981 2 2092 2102 2103 9
L 2108 984 -373
L 2110 986 -372
L 2111 988 -375
L 2112 986 372
D 2109 987 2 2110 2111 2112 9
L 2113 984 373
D 2107 985 2 2108 2109 2113 9
L 2115 982 -374
D 2114 981 2 2092 2115 2103 41
D 2090 983 2 2091 2107 2114 9
L 2118 972 369
D 2117 971 2 2085 2118 2087 41
D 2116 969 2 2080 2117 2088 41
D 2078 973 2 2079 2090 2116 9
L 2120 964 625
D 2119 963 2 2075 2120 2077 41
D 2073 965 2 2074 2078 2119 9
L 2124 960 365
D 2123 959 2 2066 2124 2068 41
D 2122 957 2 2061 2123 2069 41
D 2121 953 2 2056 2122 2071 41
D 2054 961 2 2055 2073 2121 9
L 2128 990 -623
L 2129 992 629
L 2130 990 623
D 2127 991 2 2128 2129 2130 9
L 2133 994 630
L 2134 996 -628
L 2135 994 -630
D 2132 995 2 2133 2134 2135 9
L 2137 998 -174
L 2139 1000 175
L 2141 1002 -173
L 2143 1004 172
L 2144 1006 -180
L 2145 1004 -172
D 2142 1005 2 2143 2144 2145 9
L 2146 1002 173
D 2140 1003 2 2141 2142 2146 9
L 2147 1000 -175
D 2138 1001 2 2139 2140 2147 9
L 2148 998 174
D 2136 999 2 2137 2138 2148 9
L 2150 996 628
D 2149 995 2 2133 2150 2135 41
D 2131 997 2 2132 2136 2149 9
L 2152 992 -629
D 2151 991 2 2128 2152 2130 41
D 2126 993 2 2127 2131 2151 9
L 2155 1008 -686
L 2157 1010 377
L 2159 1012 -2
L 2161 1014 -3
L 2162 1016 1
L 2163 1014 3
D 2160 1015 2 2161 2162 2163 9
L 2164 1012 2
D 2158 1013 2 2159 2160 2164 9
L 2165 1010 -377
D 2156 1011 2 2157 2158 2165 9
L 2166 1008 686
D 2154 1009 2 2155 2156 2166 9
L 2169 1018 721
L 2171 1020 -376
L 2173 1022 -6
L 2175 1024 -5
L 2176 1026 4
L 2177 1024 5
D 2174 1025 2 2175 2176 2177 9
L 2178 1022 6
D 2172 1023 2 2173 2174 2178 9
L 2179 1020 376
D 2170 1021 2 2171 2172 2179 9
L 2180 1018 -721
D 2168 1019 2 2169 2170 2180 9
L 2182 1028 -378
L 2183 1030 -722
L 2184 1028 378
D 2181 1029 2 2182 2183 2184 9
L 2189 1026 -4
D 2188 1025 2 2175 2189 2177 41
D 2187 1023 2 2173 2188 2178 41
D 2186 1021 2 2171 2187 2179 41
D 2185 1019 2 2169 2186 2180 41
D 2167 1027 2 2168 2181 2185 9
L 2194 1016 -1
D 2193 1015 2 2161 2194 2163 41
D 2192 1013 2 2159 2193 2164 41
D 2191 1011 2 2157 2192 2165 41
D 2190 1009 2 2155 2191 2166 41
D 2153 1017 2 2154 2167 2190 9
L 2201 1006 180
D 2200 1005 2 2143 2201 2145 41
D 2199 1003 2 2141 2200 2146 41
D 2198 1001 2 2139 2199 2147 41
D 2197 999 2 2137 2198 2148 41
D 2196 997 2 2132 2197 2149 41
D 2195 993 2 2127 2196 2151 41
D 2125 1007 2 2126 2153 2195 9
L 2208 988 375
D 2207 987 2 2110 2208 2112 41
D 2206 985 2 2108 2207 2113 41
D 2205 983 2 2091 2206 2114 41
D 2204 973 2 2079 2205 2116 41
D 2203 965 2 2074 2204 2119 41
D 2202 961 2 2055 2203 2121 41
D 2053 989 2 2054 2125 2202 9
L 2211 948 360
D 2210 947 2 2044 2211 2046 41
D 2209 945 2 2027 2210 2047 41
D 2025 949 2 2026 2053 2209 9
L 2215 1032 -229
L 2216 1034 -231
L 2217 1032 229
D 2214 1033 2 2215 2216 2217 9
L 2218 1036 230
L 2220 1034 231
D 2219 1033 2 2215 2220 2217 41
D 2213 1035 2 2214 2218 2219 9
L 2222 1038 -152
L 2224 1040 -154
L 2226 1042 153
L 2227 1044 151
L 2228 1042 -153
D 2225 1043 2 2226 2227 2228 9
L 2229 1040 154
D 2223 1041 2 2224 2225 2229 9
L 2230 1038 152
D 2221 1039 2 2222 2223 2230 9
L 2232 1036 -230
D 2231 1035 2 2214 2232 2219 41
D 2212 1037 2 2213 2221 2231 9
L 2239 1030 722
D 2238 1029 2 2182 2239 2184 41
D 2237 1027 2 2168 2238 2185 41
D 2236 1017 2 2154 2237 2190 41
D 2235 1007 2 2126 2236 2195 41
D 2234 989 2 2054 2235 2202 41
D 2233 949 2 2026 2234 2209 41
D 2024 1031 2 2025 2212 2233 9
L 2243 1046 584
L 2245 1048 588
L 2246 1050 585
L 2247 1048 -588
D 2244 1049 2 2245 2246 2247 9
L 2248 1046 -584
D 2242 1047 2 2243 2244 2248 9
L 2251 1052 587
L 2253 1054 -167
L 2257 1056 168
L 2258 1058 169
L 2259 1056 -168
D 2256 1057 2 2257 2258 2259 9
L 2260 1060 166
L 2262 1058 -169
D 2261 1057 2 2257 2262 2259 41
D 2255 1059 2 2256 2260 2261 9
L 2264 1062 -171
L 2265 1064 170
L 2266 1062 171
D 2263 1063 2 2264 2265 2266 9
L 2268 1060 -166
D 2267 1059 2 2256 2268 2261 41
D 2254 1061 2 2255 2263 2267 9
L 2269 1054 167
D 2252 1055 2 2253 2254 2269 9
L 2270 1052 -587
D 2250 1053 2 2251 2252 2270 9
L 2272 1066 -589
L 2274 1068 591
L 2275 1070 -590
L 2276 1068 -591
D 2273 1069 2 2274 2275 2276 9
L 2277 1066 589
D 2271 1067 2 2272 2273 2277 9
L 2282 1064 -170
D 2281 1063 2 2264 2282 2266 41
D 2280 1061 2 2255 2281 2267 41
D 2279 1055 2 2253 2280 2269 41
D 2278 1053 2 2251 2279 2270 41
D 2249 1065 2 2250 2271 2278 9
L 2285 1050 -585
D 2284 1049 2 2245 2285 2247 41
D 2283 1047 2 2243 2284 2248 41
D 2241 1051 2 2242 2249 2283 9
L 2287 1072 -747
L 2291 1074 -746
L 2292 1076 586
L 2293 1074 746
D 2290 1075 2 2291 2292 2293 9
L 2295 1078 664
L 2296 1080 -665
L 2297 1078 -664
D 2294 1079 2 2295 2296 2297 9
L 2299 1076 -586
D 2298 1075 2 2291 2299 2293 41
D 2289 1077 2 2290 2294 2298 9
L 2302 1082 661
L 2303 1084 -662
L 2304 1082 -661
D 2301 1083 2 2302 2303 2304 9
L 2307 1086 667
L 2308 1088 663
L 2309 1086 -667
D 2306 1087 2 2307 2308 2309 9
L 2310 1090 666
L 2312 1088 -663
D 2311 1087 2 2307 2312 2309 41
D 2305 1089 2 2306 2310 2311 9
L 2314 1084 662
D 2313 1083 2 2302 2314 2304 41
D 2300 1085 2 2301 2305 2313 9
L 2317 1080 665
D 2316 1079 2 2295 2317 2297 41
D 2315 1077 2 2290 2316 2298 41
D 2288 1081 2 2289 2300 2315 9
L 2318 1072 747
D 2286 1073 2 2287 2288 2318 9
L 2323 1070 590
D 2322 1069 2 2274 2323 2276 41
D 2321 1067 2 2272 2322 2277 41
D 2320 1065 2 2250 2321 2278 41
D 2319 1051 2 2242 2320 2283 41
D 2240 1071 2 2241 2286 2319 9
L 2329 1044 -151
D 2328 1043 2 2228 2329 2226 9
D 2327 1041 2 2229 2328 2224 9
D 2326 1039 2 2230 2327 2222 9
D 2325 1037 2 2213 2326 2231 9
D 2324 1031 2 2025 2325 2233 9
D 2334 1075 2 2293 2292 2291 9
D 2335 1075 2 2293 2299 2291 41
D 2333 1077 2 2334 2294 2335 9
D 2338 1087 2 2309 2308 2307 9
D 2339 1087 2 2309 2312 2307 41
D 2337 1089 2 2338 2310 2339 9
D 2336 1085 2 2301 2337 2313 9
D 2340 1077 2 2334 2316 2335 41
D 2332 1081 2 2333 2336 2340 9
D 2331 1073 2 2287 2332 2318 9
D 2330 1071 2 2241 2331 2319 9
D 2345 1043 2 2226 2329 2228 41
D 2344 1041 2 2224 2345 2229 41
D 2347 1043 2 2228 2227 2226 41
D 2346 1041 2 2229 2347 2224 41
D 2343 1039 2 2222 2344 2230 2346
D 2342 1037 2 2213 2343 2231 41
D 2341 1031 2 2025 2342 2233 41
D 2023 1045 3 2024 2240 2324 2330 2341 9
L 2352 932 550
D 2351 931 2 2010 2352 2012 41
D 2350 929 2 2008 2351 2013 41
D 2349 927 2 1972 2350 2014 41
D 2348 907 2 1947 2349 2017 41
D 1945 933 2 1946 2023 2348 9
D 2360 745 2 1603 1617 1605 9
D 2361 745 2 1603 1604 1605 41
D 2359 747 2 2360 1606 2361 9
D 2362 747 2 2360 1785 2361 41
D 2358 755 2 2359 1618 2362 9
D 2369 847 2 1805 1814 1803 9
D 2371 853 2 1811 1892 1809 9
D 2370 851 2 1812 2371 1807 9
D 2372 847 2 1805 1804 1803 41
D 2368 849 2 2369 2370 2372 9
D 2367 845 2 1815 2368 1800 9
D 2366 843 2 1798 2367 1816 9
D 2365 841 2 1793 2366 1817 9
D 2364 837 2 1791 2365 1819 9
D 2376 859 2 1830 1826 1825 9
D 2375 857 2 1823 2376 1831 9
D 2381 871 2 1842 1861 1840 9
D 2380 869 2 1838 2381 1843 9
D 2379 867 2 1836 2380 1844 9
D 2378 865 2 1834 2379 1845 9
D 2384 877 2 1852 1855 1850 9
D 2385 877 2 1852 1851 1850 41
D 2383 879 2 2384 1853 2385 9
D 2382 875 2 1847 2383 1856 9
D 2389 871 2 1842 1841 1840 41
D 2388 869 2 1838 2389 1843 41
D 2387 867 2 1836 2388 1844 41
D 2386 865 2 1834 2387 1845 41
D 2377 873 2 2378 2382 2386 9
D 2391 859 2 1830 1864 1825 41
D 2390 857 2 1823 2391 1831 41
D 2374 863 2 2375 2377 2390 9
D 2395 879 2 2384 1884 2385 41
D 2394 875 2 1847 2395 1856 41
D 2393 873 2 2378 2394 2386 41
D 2392 863 2 2375 2393 2390 41
D 2373 881 2 2374 1866 2392 9
D 2402 853 2 1811 1810 1809 41
D 2401 851 2 1812 2402 1807 41
D 2400 849 2 2369 2401 2372 41
D 2399 845 2 1815 2400 1800 41
D 2398 843 2 1798 2399 1816 41
D 2397 841 2 1793 2398 1817 41
D 2396 837 2 1791 2397 1819 41
D 2363 855 2 2364 2373 2396 9
D 2407 833 2 1754 1898 1756 41
D 2406 831 2 1730 2407 1757 41
D 2405 817 2 1771 2406 1772 41
D 2408 817 2 1725 2406 1760 41
D 2404 813 3 1762 2405 1619 2408 1773 41
D 2403 755 2 2359 2404 2362 41
D 2357 835 2 2358 2363 2403 9
D 2356 743 2 1257 2357 1913 9
D 2355 571 2 652 2356 1920 9
D 2354 273 2 599 2355 1933 9
D 2353 243 2 449 2354 1939 9
D 2413 925 2 2004 2016 2002 9
D 2412 923 2 1973 2413 2005 9
D 2415 925 2 2004 2003 2002 41
D 2414 923 2 1973 2415 2005 41
D 2411 927 2 2412 2007 2414 9
D 2410 907 2 1947 2411 2017 9
D 2417 927 2 2412 2350 2414 41
D 2416 907 2 1947 2417 2017 41
D 2409 933 2 2410 2023 2416 9
L 2428 890 -593
D 2427 889 2 1874 2428 1876 41
D 2426 887 2 1872 2427 1877 41
D 2425 885 2 1867 2426 1878 41
D 2424 881 2 1821 2425 1880 41
D 2423 855 2 1901 2424 1904 41
D 2429 855 2 1790 2424 1885 41
D 2431 881 2 2374 2425 2392 41
D 2430 855 2 2364 2431 2396 41
D 2433 747 2 1603 1785 1605 41
D 2432 755 3 1601 1908 2359 2404 2433 41
D 2422 835 4 1893 2423 1600 2429 2358 2430 2432 41
D 2421 743 2 1257 2422 1913 41
D 2420 571 2 652 2421 1920 41
D 2419 273 2 599 2420 1933 41
D 2418 243 2 449 2419 1939 41
D 447 891 3 448 1945 2353 2409 2418 9
L 2437 1092 -321
L 2439 1094 -136
L 2440 1096 135
L 2441 1094 136
D 2438 1095 2 2439 2440 2441 9
L 2442 1092 321
D 2436 1093 2 2437 2438 2442 9
L 2445 1098 735
L 2446 1100 -459
L 2447 1098 -735
D 2444 1099 2 2445 2446 2447 9
L 2449 1102 -458
L 2450 1104 -457
L 2451 1102 458
D 2448 1103 2 2449 2450 2451 9
L 2453 1100 459
D 2452 1099 2 2445 2453 2447 41
D 2443 1101 2 2444 2448 2452 9
L 2456 1096 -135
D 2455 1095 2 2441 2456 2439 9
D 2454 1093 2 2437 2455 2442 9
D 2458 1099 2 2447 2446 2445 9
D 2459 1103 2 2451 2450 2449 9
D 2460 1099 2 2447 2453 2445 41
D 2457 1101 2 2458 2459 2460 9
D 2462 1095 2 2439 2456 2441 2440
D 2461 1093 2 2437 2462 2442 41
D 2435 1097 3 2436 2443 2454 2457 2461 9
L 2466 1106 -678
L 2468 1108 -455
L 2469 1110 -611
L 2470 1108 455
D 2467 1109 2 2468 2469 2470 9
L 2471 1106 678
D 2465 1107 2 2466 2467 2471 9
L 2475 1112 -558
L 2477 1114 -556
L 2478 1116 557
L 2479 1114 556
D 2476 1115 2 2477 2478 2479 9
L 2480 1112 558
D 2474 1113 2 2475 2476 2480 9
L 2482 1118 677
L 2484 1120 676
L 2485 1122 -456
L 2486 1120 -676
D 2483 1121 2 2484 2485 2486 9
L 2487 1118 -677
D 2481 1119 2 2482 2483 2487 9
L 2490 1116 -557
D 2489 1115 2 2477 2490 2479 41
D 2488 1113 2 2475 2489 2480 41
D 2473 1117 2 2474 2481 2488 9
L 2492 1124 -494
L 2495 1126 211
L 2500 1128 214
L 2501 1130 -215
L 2502 1128 -214
D 2499 1129 2 2500 2501 2502 9
L 2503 1132 -216
L 2505 1130 215
D 2504 1129 2 2500 2505 2502 41
D 2498 1131 2 2499 2503 2504 9
L 2508 1134 220
L 2509 1136 -221
L 2510 1134 -220
D 2507 1135 2 2508 2509 2510 9
L 2511 1138 -222
L 2513 1136 221
D 2512 1135 2 2508 2513 2510 41
D 2506 1137 2 2507 2511 2512 9
L 2515 1132 216
D 2514 1131 2 2499 2515 2504 41
D 2497 1133 2 2498 2506 2514 9
L 2517 1140 -212
L 2518 1142 -213
L 2519 1140 212
D 2516 1141 2 2517 2518 2519 9
L 2522 1138 222
D 2521 1137 2 2507 2522 2512 41
D 2520 1133 2 2498 2521 2514 41
D 2496 1139 2 2497 2516 2520 9
L 2523 1126 -211
D 2494 1127 2 2495 2496 2523 9
L 2525 1144 493
L 2527 1146 -110
L 2529 1148 111
L 2532 1150 -112
L 2533 1152 -113
L 2534 1150 112
D 2531 1151 2 2532 2533 2534 9
L 2535 1154 -114
L 2537 1152 113
D 2536 1151 2 2532 2537 2534 41
D 2530 1153 2 2531 2535 2536 9
L 2538 1148 -111
D 2528 1149 2 2529 2530 2538 9
L 2539 1146 110
D 2526 1147 2 2527 2528 2539 9
L 2540 1144 -493
D 2524 1145 2 2525 2526 2540 9
L 2544 1142 213
D 2543 1141 2 2517 2544 2519 41
D 2542 1139 2 2497 2543 2520 41
D 2541 1127 2 2495 2542 2523 41
D 2493 1143 2 2494 2524 2541 9
L 2545 1124 494
D 2491 1125 2 2492 2493 2545 9
L 2549 1122 456
D 2548 1121 2 2484 2549 2486 41
D 2547 1119 2 2482 2548 2487 41
D 2546 1117 2 2474 2547 2488 41
D 2472 1123 2 2473 2491 2546 9
L 2552 1110 611
D 2551 1109 2 2468 2552 2470 41
D 2550 1107 2 2466 2551 2471 41
D 2464 1111 2 2465 2472 2550 9
L 2558 1156 -325
L 2561 1158 -324
L 2562 1160 716
L 2563 1158 324
D 2560 1159 2 2561 2562 2563 9
L 2565 1162 -322
L 2567 1164 -323
L 2568 1166 -329
L 2569 1164 323
D 2566 1165 2 2567 2568 2569 9
L 2570 1162 322
D 2564 1163 2 2565 2566 2570 9
L 2572 1160 -716
D 2571 1159 2 2561 2572 2563 41
D 2559 1161 2 2560 2564 2571 9
L 2573 1156 325
D 2557 1157 2 2558 2559 2573 9
L 2576 1168 -327
L 2577 1170 717
L 2578 1168 327
D 2575 1169 2 2576 2577 2578 9
L 2580 1172 -326
L 2582 1174 48
L 2584 1176 -49
L 2588 1178 -50
L 2589 1180 -51
L 2590 1178 50
D 2587 1179 2 2588 2589 2590 9
L 2591 1182 -47
L 2593 1180 51
D 2592 1179 2 2588 2593 2590 41
D 2586 1181 2 2587 2591 2592 9
L 2594 1184 -52
L 2596 1182 47
D 2595 1181 2 2587 2596 2592 41
D 2585 1183 2 2586 2594 2595 9
L 2597 1176 49
D 2583 1177 2 2584 2585 2597 9
L 2598 1174 -48
D 2581 1175 2 2582 2583 2598 9
L 2599 1172 326
D 2579 1173 2 2580 2581 2599 9
L 2601 1170 -717
D 2600 1169 2 2576 2601 2578 41
D 2574 1171 2 2575 2579 2600 9
L 2606 1166 329
D 2605 1165 2 2567 2606 2569 41
D 2604 1163 2 2565 2605 2570 41
D 2603 1161 2 2560 2604 2571 41
D 2602 1157 2 2558 2603 2573 41
D 2556 1167 2 2557 2574 2602 9
L 2610 1186 196
L 2612 1188 -197
L 2613 1190 -198
L 2614 1188 197
D 2611 1189 2 2612 2613 2614 9
L 2615 1186 -196
D 2609 1187 2 2610 2611 2615 9
L 2618 1192 -223
L 2620 1194 -225
L 2621 1196 224
L 2622 1194 225
D 2619 1195 2 2620 2621 2622 9
L 2623 1192 223
D 2617 1193 2 2618 2619 2623 9
L 2627 1198 -618
L 2628 1200 350
L 2629 1198 618
D 2626 1199 2 2627 2628 2629 9
L 2631 1202 -349
L 2632 1204 -348
L 2633 1202 349
D 2630 1203 2 2631 2632 2633 9
L 2635 1200 -350
D 2634 1199 2 2627 2635 2629 41
D 2625 1201 2 2626 2630 2634 9
L 2636 1206 679
L 2639 1204 348
D 2638 1203 2 2631 2639 2633 41
D 2637 1201 2 2626 2638 2634 41
D 2624 1205 2 2625 2636 2637 9
L 2642 1196 -224
D 2641 1195 2 2620 2642 2622 41
D 2640 1193 2 2618 2641 2623 41
D 2616 1197 2 2617 2624 2640 9
L 2645 1190 198
D 2644 1189 2 2612 2645 2614 41
D 2643 1187 2 2610 2644 2615 41
D 2608 1191 2 2609 2616 2643 9
L 2649 1208 -228
L 2651 1210 199
L 2653 1212 -200
L 2654 1214 -201
L 2655 1212 200
D 2652 1213 2 2653 2654 2655 9
L 2656 1210 -199
D 2650 1211 2 2651 2652 2656 9
L 2657 1208 228
D 2648 1209 2 2649 2650 2657 9
L 2660 1216 227
L 2661 1218 -147
L 2662 1216 -227
D 2659 1217 2 2660 2661 2662 9
L 2664 1220 -330
L 2666 1222 -226
L 2667 1224 -352
L 2668 1222 226
D 2665 1223 2 2666 2667 2668 9
L 2669 1220 330
D 2663 1221 2 2664 2665 2669 9
L 2671 1218 147
D 2670 1217 2 2660 2671 2662 41
D 2658 1219 2 2659 2663 2670 9
L 2675 1214 201
D 2674 1213 2 2653 2675 2655 41
D 2673 1211 2 2651 2674 2656 41
D 2672 1209 2 2649 2673 2657 41
D 2647 1215 2 2648 2658 2672 9
L 2678 1226 -685
L 2680 1228 -619
L 2682 1230 612
L 2683 1232 680
L 2684 1230 -612
D 2681 1231 2 2682 2683 2684 9
L 2685 1228 619
D 2679 1229 2 2680 2681 2685 9
L 2686 1226 685
D 2677 1227 2 2678 2679 2686 9
L 2689 1234 -351
L 2690 1236 353
L 2691 1234 351
D 2688 1235 2 2689 2690 2691 9
L 2693 1238 -53
L 2694 1240 54
L 2695 1238 53
D 2692 1239 2 2693 2694 2695 9
L 2697 1236 -353
D 2696 1235 2 2689 2697 2691 41
D 2687 1237 2 2688 2692 2696 9
L 2701 1232 -680
D 2700 1231 2 2682 2701 2684 41
D 2699 1229 2 2680 2700 2685 41
D 2698 1227 2 2678 2699 2686 41
D 2676 1233 2 2677 2687 2698 9
L 2706 1224 352
D 2705 1223 2 2666 2706 2668 41
D 2704 1221 2 2664 2705 2669 41
D 2703 1219 2 2659 2704 2670 41
D 2702 1215 2 2648 2703 2672 41
D 2646 1225 2 2647 2676 2702 9
L 2710 1206 -679
D 2709 1205 2 2625 2710 2637 41
D 2708 1197 2 2617 2709 2640 41
D 2707 1191 2 2609 2708 2643 41
D 2607 1207 2 2608 2646 2707 9
L 2717 1184 52
D 2716 1183 2 2586 2717 2595 41
D 2715 1177 2 2584 2716 2597 41
D 2714 1175 2 2582 2715 2598 41
D 2713 1173 2 2580 2714 2599 41
D 2712 1171 2 2575 2713 2600 41
D 2711 1167 2 2557 2712 2602 41
D 2555 1185 2 2556 2607 2711 9
L 2721 1242 -335
L 2723 1244 -328
L 2725 1246 -334
L 2726 1248 -333
L 2727 1246 334
D 2724 1247 2 2725 2726 2727 9
L 2728 1244 328
D 2722 1245 2 2723 2724 2728 9
L 2729 1242 335
D 2720 1243 2 2721 2722 2729 9
L 2732 1250 718
L 2734 1252 -331
L 2735 1254 -332
L 2736 1252 331
D 2733 1253 2 2734 2735 2736 9
L 2737 1250 -718
D 2731 1251 2 2732 2733 2737 9
L 2739 1256 -339
L 2740 1258 -346
L 2741 1256 339
D 2738 1257 2 2739 2740 2741 9
L 2744 1254 332
D 2743 1253 2 2734 2744 2736 41
D 2742 1251 2 2732 2743 2737 41
D 2730 1255 2 2731 2738 2742 9
L 2748 1248 333
D 2747 1247 2 2725 2748 2727 41
D 2746 1245 2 2723 2747 2728 41
D 2745 1243 2 2721 2746 2729 41
D 2719 1249 2 2720 2730 2745 9
L 2752 1260 -347
L 2755 1262 -345
L 2756 1264 720
L 2757 1262 345
D 2754 1263 2 2755 2756 2757 9
L 2759 1266 -344
L 2760 1268 -343
L 2761 1266 344
D 2758 1267 2 2759 2760 2761 9
L 2763 1264 -720
D 2762 1263 2 2755 2763 2757 41
D 2753 1265 2 2754 2758 2762 9
L 2764 1260 347
D 2751 1261 2 2752 2753 2764 9
L 2766 1270 -337
L 2768 1272 719
L 2770 1274 -336
L 2771 1276 -338
L 2772 1274 336
D 2769 1275 2 2770 2771 2772 9
L 2773 1272 -719
D 2767 1273 2 2768 2769 2773 9
L 2774 1270 337
D 2765 1271 2 2766 2767 2774 9
L 2778 1268 343
D 2777 1267 2 2759 2778 2761 41
D 2776 1265 2 2754 2777 2762 41
D 2775 1261 2 2752 2776 2764 41
D 2750 1269 2 2751 2765 2775 9
L 2782 1278 -340
L 2783 1280 617
L 2784 1278 340
D 2781 1279 2 2782 2783 2784 9
L 2787 1282 -622
L 2789 1284 683
L 2790 1286 616
L 2791 1284 -683
D 2788 1285 2 2789 2790 2791 9
L 2792 1282 622
D 2786 1283 2 2787 2788 2792 9
L 2793 1288 -615
L 2796 1286 -616
D 2795 1285 2 2789 2796 2791 41
D 2794 1283 2 2787 2795 2792 41
D 2785 1287 2 2786 2793 2794 9
L 2798 1280 -617
D 2797 1279 2 2782 2798 2784 41
D 2780 1281 2 2781 2785 2797 9
L 2803 1290 613
L 2804 1292 681
L 2805 1290 -613
D 2802 1291 2 2803 2804 2805 9
L 2807 1294 -354
L 2809 1296 356
L 2810 1298 -355
L 2811 1296 -356
D 2808 1297 2 2809 2810 2811 9
L 2812 1294 354
D 2806 1295 2 2807 2808 2812 9
L 2814 1292 -681
D 2813 1291 2 2803 2814 2805 41
D 2801 1293 2 2802 2806 2813 9
L 2816 1300 -620
L 2817 1302 -684
L 2818 1300 620
D 2815 1301 2 2816 2817 2818 9
L 2822 1298 355
D 2821 1297 2 2809 2822 2811 41
D 2820 1295 2 2807 2821 2812 41
D 2819 1293 2 2802 2820 2813 41
D 2800 1299 2 2801 2815 2819 9
L 2824 1304 614
L 2826 1306 682
L 2829 1308 -358
L 2830 1310 -357
L 2831 1308 358
D 2828 1309 2 2829 2830 2831 9
L 2833 1312 -621
L 2834 1314 359
L 2835 1312 621
D 2832 1313 2 2833 2834 2835 9
L 2837 1310 357
D 2836 1309 2 2829 2837 2831 41
D 2827 1311 2 2828 2832 2836 9
L 2838 1306 -682
D 2825 1307 2 2826 2827 2838 9
L 2839 1304 -614
D 2823 1305 2 2824 2825 2839 9
L 2842 1302 684
D 2841 1301 2 2816 2842 2818 41
D 2840 1299 2 2801 2841 2819 41
D 2799 1303 2 2800 2823 2840 9
L 2845 1288 615
D 2844 1287 2 2786 2845 2794 41
D 2843 1281 2 2781 2844 2797 41
D 2779 1289 2 2780 2799 2843 9
L 2850 1276 338
D 2849 1275 2 2770 2850 2772 41
D 2848 1273 2 2768 2849 2773 41
D 2847 1271 2 2766 2848 2774 41
D 2846 1269 2 2751 2847 2775 41
D 2749 1277 2 2750 2779 2846 9
L 2854 1258 346
D 2853 1257 2 2739 2854 2741 41
D 2852 1255 2 2731 2853 2742 41
D 2851 1249 2 2720 2852 2745 41
D 2718 1259 2 2719 2749 2851 9
L 2861 1240 -54
D 2860 1239 2 2693 2861 2695 41
D 2859 1237 2 2688 2860 2696 41
D 2858 1233 2 2677 2859 2698 41
D 2857 1225 2 2647 2858 2702 41
D 2856 1207 2 2608 2857 2707 41
D 2855 1185 2 2556 2856 2711 41
D 2554 1241 2 2555 2718 2855 9
L 2867 1316 342
L 2868 1318 341
L 2869 1316 -342
D 2866 1317 2 2867 2868 2869 9
L 2871 1320 186
L 2873 1322 185
L 2874 1324 -184
L 2875 1322 -185
D 2872 1323 2 2873 2874 2875 9
L 2876 1320 -186
D 2870 1321 2 2871 2872 2876 9
L 2878 1318 -341
D 2877 1317 2 2867 2878 2869 41
D 2865 1319 2 2866 2870 2877 9
L 2881 1326 208
L 2883 1328 -209
L 2884 1330 -210
L 2885 1328 209
D 2882 1329 2 2883 2884 2885 9
L 2886 1326 -208
D 2880 1327 2 2881 2882 2886 9
L 2888 1332 236
L 2890 1334 -237
L 2891 1336 -235
L 2892 1334 237
D 2889 1335 2 2890 2891 2892 9
L 2893 1332 -236
D 2887 1333 2 2888 2889 2893 9
L 2896 1330 210
D 2895 1329 2 2883 2896 2885 41
D 2894 1327 2 2881 2895 2886 41
D 2879 1331 2 2880 2887 2894 9
L 2900 1324 184
D 2899 1323 2 2873 2900 2875 41
D 2898 1321 2 2871 2899 2876 41
D 2897 1319 2 2866 2898 2877 41
D 2864 1325 2 2865 2879 2897 9
L 2904 1338 -190
L 2906 1340 191
L 2907 1342 192
L 2908 1340 -191
D 2905 1341 2 2906 2907 2908 9
L 2909 1338 190
D 2903 1339 2 2904 2905 2909 9
L 2911 1344 -232
L 2914 1346 -139
L 2916 1348 -140
L 2920 1350 -148
L 2922 1352 -149
L 2924 1354 -141
L 2925 1356 -142
L 2926 1354 141
D 2923 1355 2 2924 2925 2926 9
L 2927 1352 149
D 2921 1353 2 2922 2923 2927 9
L 2928 1350 148
D 2919 1351 2 2920 2921 2928 9
L 2930 1358 -146
L 2932 1360 -71
L 2933 1362 72
L 2934 1360 71
D 2931 1361 2 2932 2933 2934 9
L 2935 1358 146
D 2929 1359 2 2930 2931 2935 9
L 2939 1356 142
D 2938 1355 2 2924 2939 2926 41
D 2937 1353 2 2922 2938 2927 41
D 2936 1351 2 2920 2937 2928 41
D 2918 1357 2 2919 2929 2936 9
L 2941 1364 -144
L 2943 1366 -145
L 2944 1368 -143
L 2945 1366 145
D 2942 1367 2 2943 2944 2945 9
L 2946 1364 144
D 2940 1365 2 2941 2942 2946 9
L 2950 1362 -72
D 2949 1361 2 2932 2950 2934 41
D 2948 1359 2 2930 2949 2935 41
D 2947 1357 2 2919 2948 2936 41
D 2917 1363 2 2918 2940 2947 9
L 2951 1348 140
D 2915 1349 2 2916 2917 2951 9
L 2952 1346 139
D 2913 1347 2 2914 2915 2952 9
L 2954 1370 -234
L 2955 1372 233
L 2956 1370 234
D 2953 1371 2 2954 2955 2956 9
L 2962 1368 143
D 2961 1367 2 2943 2962 2945 41
D 2960 1365 2 2941 2961 2946 41
D 2959 1363 2 2918 2960 2947 41
D 2958 1349 2 2916 2959 2951 41
D 2957 1347 2 2914 2958 2952 41
D 2912 1369 2 2913 2953 2957 9
L 2963 1344 232
D 2910 1345 2 2911 2912 2963 9
L 2966 1342 -192
D 2965 1341 2 2906 2966 2908 41
D 2964 1339 2 2904 2965 2909 41
D 2902 1343 2 2903 2910 2964 9
L 2969 1374 205
L 2971 1376 -206
L 2972 1378 -207
L 2973 1376 206
D 2970 1377 2 2971 2972 2973 9
L 2974 1374 -205
D 2968 1375 2 2969 2970 2974 9
L 2976 1380 202
L 2978 1382 -203
L 2979 1384 -204
L 2980 1382 203
D 2977 1383 2 2978 2979 2980 9
L 2981 1380 -202
D 2975 1381 2 2976 2977 2981 9
L 2984 1378 207
D 2983 1377 2 2971 2984 2973 41
D 2982 1375 2 2969 2983 2974 41
D 2967 1379 2 2968 2975 2982 9
L 2989 1372 -233
D 2988 1371 2 2954 2989 2956 41
D 2987 1369 2 2913 2988 2957 41
D 2986 1345 2 2911 2987 2963 41
D 2985 1343 2 2903 2986 2964 41
D 2901 1373 2 2902 2967 2985 9
L 2994 1336 235
D 2993 1335 2 2890 2994 2892 41
D 2992 1333 2 2888 2993 2893 41
D 2991 1331 2 2880 2992 2894 41
D 2990 1325 2 2865 2991 2897 41
D 2863 1337 2 2864 2901 2990 9
L 2998 1386 -486
L 3000 1388 -488
L 3001 1390 487
L 3002 1388 488
D 2999 1389 2 3000 3001 3002 9
L 3003 1386 486
D 2997 1387 2 2998 2999 3003 9
L 3005 1392 -497
L 3007 1394 496
L 3008 1396 -495
L 3009 1394 -496
D 3006 1395 2 3007 3008 3009 9
L 3010 1392 497
D 3004 1393 2 3005 3006 3010 9
L 3013 1390 -487
D 3012 1389 2 3000 3013 3002 41
D 3011 1387 2 2998 3012 3003 41
D 2996 1391 2 2997 3004 3011 9
L 3017 1398 633
L 3018 1400 -491
L 3019 1398 -633
D 3016 1399 2 3017 3018 3019 9
L 3021 1402 490
L 3024 1404 499
L 3025 1406 -498
L 3026 1404 -499
D 3023 1405 2 3024 3025 3026 9
L 3028 1408 -489
L 3029 1410 -500
L 3030 1408 489
D 3027 1409 2 3028 3029 3030 9
L 3032 1406 498
D 3031 1405 2 3024 3032 3026 41
D 3022 1407 2 3023 3027 3031 9
L 3033 1402 -490
D 3020 1403 2 3021 3022 3033 9
L 3035 1400 491
D 3034 1399 2 3017 3035 3019 41
D 3015 1401 2 3016 3020 3034 9
L 3038 1412 -470
L 3041 1414 -474
L 3042 1416 -468
L 3043 1414 474
D 3040 1415 2 3041 3042 3043 9
L 3046 1418 -466
L 3047 1420 -737
L 3048 1418 466
D 3045 1419 2 3046 3047 3048 9
L 3049 1422 467
L 3051 1420 737
D 3050 1419 2 3046 3051 3048 41
D 3044 1421 2 3045 3049 3050 9
L 3053 1416 468
D 3052 1415 2 3041 3053 3043 41
D 3039 1417 2 3040 3044 3052 9
L 3054 1412 470
D 3037 1413 2 3038 3039 3054 9
L 3058 1424 687
L 3060 1426 688
L 3062 1428 -632
L 3063 1430 -635
L 3064 1428 632
D 3061 1429 2 3062 3063 3064 9
L 3065 1426 -688
D 3059 1427 2 3060 3061 3065 9
L 3066 1424 -687
D 3057 1425 2 3058 3059 3066 9
L 3069 1432 -475
L 3071 1434 -689
L 3073 1436 636
L 3074 1438 690
L 3075 1436 -636
D 3072 1437 2 3073 3074 3075 9
L 3076 1434 689
D 3070 1435 2 3071 3072 3076 9
L 3077 1432 475
D 3068 1433 2 3069 3070 3077 9
L 3081 1440 738
L 3082 1442 -472
L 3083 1440 -738
D 3080 1441 2 3081 3082 3083 9
L 3085 1444 -473
L 3086 1446 -479
L 3087 1444 473
D 3084 1445 2 3085 3086 3087 9
L 3089 1442 472
D 3088 1441 2 3081 3089 3083 41
D 3079 1443 2 3080 3084 3088 9
L 3090 1448 -471
L 3093 1446 479
D 3092 1445 2 3085 3093 3087 41
D 3091 1443 2 3080 3092 3088 41
D 3078 1447 2 3079 3090 3091 9
L 3097 1438 -690
D 3096 1437 2 3073 3097 3075 41
D 3095 1435 2 3071 3096 3076 41
D 3094 1433 2 3069 3095 3077 41
D 3067 1439 2 3068 3078 3094 9
L 3101 1430 635
D 3100 1429 2 3062 3101 3064 41
D 3099 1427 2 3060 3100 3065 41
D 3098 1425 2 3058 3099 3066 41
D 3056 1431 2 3057 3067 3098 9
L 3105 1450 -492
L 3106 1452 -503
L 3107 1450 492
D 3104 1451 2 3105 3106 3107 9
L 3109 1454 -634
L 3111 1456 502
L 3112 1458 -501
L 3113 1456 -502
D 3110 1457 2 3111 3112 3113 9
L 3114 1454 634
D 3108 1455 2 3109 3110 3114 9
L 3116 1452 503
D 3115 1451 2 3105 3116 3107 41
D 3103 1453 2 3104 3108 3115 9
L 3120 1460 691
L 3122 1462 -637
L 3123 1464 692
L 3124 1462 637
D 3121 1463 2 3122 3123 3124 9
L 3125 1460 -691
D 3119 1461 2 3120 3121 3125 9
L 3128 1466 -638
L 3129 1468 -639
L 3130 1466 638
D 3127 1467 2 3128 3129 3130 9
L 3132 1470 693
L 3133 1472 694
L 3134 1470 -693
D 3131 1471 2 3132 3133 3134 9
L 3136 1468 639
D 3135 1467 2 3128 3136 3130 41
D 3126 1469 2 3127 3131 3135 9
L 3139 1464 -692
D 3138 1463 2 3122 3139 3124 41
D 3137 1461 2 3120 3138 3125 41
D 3118 1465 2 3119 3126 3137 9
L 3142 1474 -481
L 3144 1476 -480
L 3145 1478 -482
L 3146 1476 480
D 3143 1477 2 3144 3145 3146 9
L 3147 1474 481
D 3141 1475 2 3142 3143 3147 9
L 3150 1480 740
L 3151 1482 -485
L 3152 1480 -740
D 3149 1481 2 3150 3151 3152 9
L 3154 1484 -483
L 3156 1486 -476
L 3158 1488 -484
L 3160 1490 -477
L 3162 1492 -478
L 3163 1494 739
L 3164 1492 478
D 3161 1493 2 3162 3163 3164 9
L 3165 1490 477
D 3159 1491 2 3160 3161 3165 9
L 3166 1488 484
D 3157 1489 2 3158 3159 3166 9
L 3167 1486 476
D 3155 1487 2 3156 3157 3167 9
L 3168 1484 483
D 3153 1485 2 3154 3155 3168 9
L 3170 1482 485
D 3169 1481 2 3150 3170 3152 41
D 3148 1483 2 3149 3153 3169 9
L 3173 1478 482
D 3172 1477 2 3144 3173 3146 41
D 3171 1475 2 3142 3172 3147 41
D 3140 1479 2 3141 3148 3171 9
L 3177 1472 -694
D 3176 1471 2 3132 3177 3134 41
D 3175 1469 2 3127 3176 3135 41
D 3174 1465 2 3119 3175 3137 41
D 3117 1473 2 3118 3140 3174 9
L 3181 1458 501
D 3180 1457 2 3111 3181 3113 41
D 3179 1455 2 3109 3180 3114 41
D 3178 1453 2 3104 3179 3115 41
D 3102 1459 2 3103 3117 3178 9
L 3185 1448 471
D 3184 1447 2 3079 3185 3091 41
D 3183 1439 2 3068 3184 3094 41
D 3182 1431 2 3057 3183 3098 41
D 3055 1449 2 3056 3102 3182 9
L 3189 1422 -467
D 3188 1421 2 3045 3189 3050 41
D 3187 1417 2 3040 3188 3052 41
D 3186 1413 2 3038 3187 3054 41
D 3036 1423 2 3037 3055 3186 9
D 3191 1399 2 3019 3018 3017 9
D 3192 1399 2 3019 3035 3017 41
D 3190 1401 2 3191 3020 3192 9
D 3199 1437 2 3075 3074 3073 9
D 3198 1435 2 3076 3199 3071 9
D 3197 1433 2 3069 3198 3077 9
D 3202 1437 2 3075 3097 3073 41
D 3201 1435 2 3076 3202 3071 41
D 3200 1433 2 3069 3201 3077 41
D 3196 1439 2 3197 3078 3200 9
D 3195 1431 2 3057 3196 3098 9
D 3205 1455 2 3114 3110 3109 9
D 3204 1453 2 3104 3205 3115 9
D 3209 1463 2 3124 3123 3122 9
D 3208 1461 2 3125 3209 3120 9
D 3211 1463 2 3124 3139 3122 41
D 3210 1461 2 3125 3211 3120 41
D 3207 1465 2 3208 3126 3210 9
D 3212 1465 2 3208 3175 3210 41
D 3206 1473 2 3207 3140 3212 9
D 3216 1467 2 3130 3136 3128 9
D 3217 1471 2 3134 3133 3132 9
D 3218 1467 2 3130 3129 3128 41
D 3215 1469 2 3216 3217 3218 9
D 3214 1465 2 3119 3215 3137 9
D 3221 1471 2 3134 3177 3132 41
D 3220 1469 2 3216 3221 3218 41
D 3219 1465 2 3119 3220 3137 41
D 3213 1473 2 3214 3140 3219 9
D 3222 1453 2 3104 3180 3115 41
D 3203 1459 3 3204 3206 3103 3213 3222 9
D 3226 1429 2 3064 3101 3062 9
D 3225 1427 2 3060 3226 3065 9
D 3224 1425 2 3066 3225 3058 9
D 3229 1429 2 3064 3063 3062 41
D 3228 1427 2 3060 3229 3065 41
D 3227 1425 2 3066 3228 3058 41
D 3223 1431 2 3224 3196 3227 9
D 3231 1425 2 3066 3225 3058 3059
D 3232 1439 2 3197 3184 3200 41
D 3233 1425 2 3066 3228 3058 3099
D 3230 1431 2 3231 3232 3233 41
D 3194 1449 3 3195 3203 3223 3102 3230 9
D 3193 1423 2 3037 3194 3186 9
L 3238 1410 500
D 3237 1409 2 3028 3238 3030 41
D 3236 1407 2 3023 3237 3031 41
D 3235 1403 2 3021 3236 3033 41
D 3234 1401 2 3018 3235 3035 41
D 3014 1411 3 3015 3036 3190 3193 3234 9
L 3242 1396 495
D 3241 1395 2 3007 3242 3009 41
D 3240 1393 2 3005 3241 3010 41
D 3239 1391 2 2997 3240 3011 41
D 2995 1397 2 2996 3014 3239 9
L 3248 1384 204
D 3247 1383 2 2978 3248 2980 41
D 3246 1381 2 2976 3247 2981 41
D 3245 1379 2 2968 3246 2982 41
D 3244 1373 2 2902 3245 2985 41
D 3243 1337 2 2864 3244 2990 41
D 2862 1385 2 2863 2995 3243 9
L 3258 1314 -359
D 3257 1313 2 2833 3258 2835 41
D 3256 1311 2 2828 3257 2836 41
D 3255 1307 2 2826 3256 2838 41
D 3254 1305 2 2824 3255 2839 41
D 3253 1303 2 2800 3254 2840 41
D 3252 1289 2 2780 3253 2843 41
D 3251 1277 2 2750 3252 2846 41
D 3250 1259 2 2719 3251 2851 41
D 3249 1241 2 2555 3250 2855 41
D 2553 1315 2 2554 2862 3249 9
L 3267 1154 114
D 3266 1153 2 2531 3267 2536 41
D 3265 1149 2 2529 3266 2538 41
D 3264 1147 2 2527 3265 2539 41
D 3263 1145 2 2525 3264 2540 41
D 3262 1143 2 2494 3263 2541 41
D 3261 1125 2 2492 3262 2545 41
D 3260 1123 2 2473 3261 2546 41
D 3259 1111 2 2465 3260 2550 41
D 2463 1155 2 2464 2553 3259 9
L 3271 1104 457
D 3270 1103 2 2449 3271 2451 41
D 3269 1101 2 2444 3270 2452 41
D 3273 1103 2 2451 3271 2449 41
D 3272 1101 2 2458 3273 2460 41
D 3268 1097 3 2436 3269 2454 3272 2461 41
D 2434 1105 2 2435 2463 3268 9
L 3282 1090 -666
D 3281 1089 2 2338 3282 2339 41
D 3280 1085 2 2301 3281 2313 41
D 3279 1081 2 2333 3280 2340 41
D 3278 1073 2 2287 3279 2318 41
D 3277 1071 2 2241 3278 2319 41
D 3287 1089 2 2306 3282 2311 41
D 3286 1085 2 2301 3287 2313 41
D 3285 1081 2 2289 3286 2315 41
D 3284 1073 2 2287 3285 2318 41
D 3283 1071 2 2241 3284 2319 41
D 3276 1045 3 2324 3277 2024 3283 2341 41
D 3275 933 2 2410 3276 2416 41
D 3288 933 2 1946 3276 2348 41
D 3274 891 3 2353 3275 448 3288 2418 41
D 446 1091 2 447 2434 3274 9
D 3294 125 2 225 236 223 9
D 3293 123 2 221 3294 226 9
D 3296 125 2 225 224 223 41
D 3295 123 2 221 3296 226 41
D 3292 127 2 3293 227 3295 9
D 3297 127 2 3293 308 3295 9
D 3298 127 2 3293 340 3295 41
D 3291 133 3 3292 237 3297 311 3298 9
D 3300 127 2 3293 413 3295 9
D 3301 127 2 3293 422 3295 41
D 3299 133 2 3300 415 3301 9
D 3290 121 3 66 3291 342 3299 424 9
D 3289 41 2 25 3290 439 9
D 3315 1179 2 2590 2593 2588 9
D 3316 1179 2 2590 2589 2588 41
D 3314 1181 2 3315 2596 3316 9
D 3317 1181 2 3315 2591 3316 41
D 3313 1183 2 3314 2717 3317 9
D 3312 1177 2 2597 3313 2584 9
D 3311 1175 2 2598 3312 2582 9
D 3310 1173 2 2580 3311 2599 9
D 3309 1171 2 2575 3310 2600 9
D 3308 1167 2 2557 3309 2602 9
D 3323 1183 2 3314 2594 3317 41
D 3322 1177 2 2597 3323 2584 41
D 3321 1175 2 2598 3322 2582 41
D 3320 1173 2 2580 3321 2599 41
D 3319 1171 2 2575 3320 2600 41
D 3318 1167 2 2557 3319 2602 41
D 3307 1185 2 3308 2607 3318 9
D 3324 1185 2 3308 2856 3318 41
D 3306 1241 2 3307 2718 3324 9
D 3329 1317 2 2869 2868 2867 9
D 3331 1323 2 2875 2900 2873 9
D 3330 1321 2 2876 3331 2871 9
D 3332 1317 2 2869 2878 2867 41
D 3328 1319 2 3329 3330 3332 9
D 3335 1323 2 2875 2874 2873 41
D 3334 1321 2 2876 3335 2871 41
D 3333 1319 2 3329 3334 3332 41
D 3327 1325 2 3328 2879 3333 9
D 3336 1325 2 3328 2991 3333 41
D 3326 1337 2 3327 2901 3336 9
D 3337 1337 2 3327 3244 3336 41
D 3325 1385 2 3326 2995 3337 9
D 3338 1241 2 3307 3250 3324 41
D 3305 1315 2 3306 3325 3338 9
D 3304 1155 2 2464 3305 3259 9
D 3303 1105 2 2435 3304 3268 9
D 3302 1091 2 447 3303 3274 9
D 3344 125 2 225 236 223 224
D 3343 123 2 221 3344 226 9
D 3346 125 2 223 236 225 224
D 3345 123 2 221 3346 226 41
D 3342 127 2 3343 413 3345 9
L 3350 170 524
D 3349 169 2 295 3350 297 41
D 3348 167 2 418 3349 419 41
D 3347 151 2 416 3348 420 41
D 3351 127 2 3343 422 3345 41
D 3341 133 2 3342 3347 3351 41
D 3353 127 2 3343 227 3345 9
D 3355 167 2 268 3349 298 41
D 3354 151 2 238 3355 302 41
D 3356 127 2 3343 308 3345 9
D 3358 167 2 324 3349 333 41
D 3357 151 2 312 3358 336 41
D 3359 127 2 3343 340 3345 41
D 3352 133 3 3353 3354 3356 3357 3359 41
D 3340 121 3 342 3341 66 3352 424 41
D 3339 41 2 25 3340 439 41
D 23 171 3 24 446 3289 3302 3339 9
L 3361 16 -607
D 3360 15 2 20 3361 22 41
D 18 17 2 19 23 3360 9
D 3363 11 2 16 15 14 9
D 3362 9 2 12 3363 17 9
D 3373 149 2 259 306 257 9
D 3372 147 2 255 3373 260 9
D 3371 145 2 317 3372 319 9
D 3370 141 2 239 3371 263 9
D 3377 149 2 259 258 257 41
D 3376 147 2 255 3377 260 41
D 3375 145 2 317 3376 319 41
D 3374 141 2 239 3375 263 41
D 3369 151 2 3370 417 3374 9
D 3382 139 2 244 266 246 9
D 3381 137 2 242 3382 247 9
D 3380 135 2 240 3381 248 9
D 3384 143 2 253 262 251 9
D 3386 149 2 259 258 257 9
D 3385 147 2 260 3386 255 9
D 3387 143 2 253 252 251 41
D 3383 145 2 3384 3385 3387 9
D 3390 139 2 244 245 246 41
D 3389 137 2 242 3390 247 41
D 3388 135 2 240 3389 248 41
D 3379 141 2 3380 3383 3388 9
D 3394 149 2 259 306 257 41
D 3393 147 2 260 3394 255 41
D 3392 145 2 3384 3393 3387 41
D 3391 141 2 3380 3392 3388 41
D 3378 151 2 3379 417 3391 9
D 3368 133 3 3292 3369 3297 3378 3298 9
D 3401 95 2 160 159 158 9
D 3400 93 2 161 3401 156 9
D 3399 91 2 154 3400 162 9
D 3398 89 2 353 3399 357 9
D 3405 95 2 160 176 158 41
D 3404 93 2 161 3405 156 41
D 3403 91 2 154 3404 162 41
D 3402 89 2 353 3403 357 41
D 3397 97 2 3398 165 3402 9
D 3408 109 2 193 185 184 9
D 3407 107 2 179 3408 194 9
D 3410 109 2 193 205 184 41
D 3409 107 2 179 3410 194 41
D 3406 115 2 3407 196 3409 9
D 3413 105 2 182 181 180 9
D 3416 111 2 189 192 187 9
D 3417 111 2 189 188 187 41
D 3415 113 2 3416 190 3417 9
D 3414 109 2 193 3415 184 9
D 3418 105 2 182 195 180 41
D 3412 107 2 3413 3414 3418 9
D 3421 113 2 3416 206 3417 41
D 3420 109 2 193 3421 184 41
D 3419 107 2 3413 3420 3418 41
D 3411 115 2 3412 196 3419 9
D 3423 89 3 353 3399 149 153 152 9
D 3424 89 3 353 3403 149 173 152 41
D 3422 97 2 3423 208 3424 41
D 3396 103 3 3397 3406 147 3411 3422 9
D 3430 59 2 92 91 90 9
D 3429 57 2 93 3430 88 9
D 3428 55 2 94 3429 86 9
D 3427 53 2 81 3428 95 9
D 3426 49 2 69 3427 97 9
D 3435 59 2 92 145 90 41
D 3434 57 2 93 3435 88 41
D 3433 55 2 94 3434 86 41
D 3432 53 2 81 3433 95 41
D 3431 49 2 69 3432 97 41
D 3425 61 2 3426 100 3431 9
D 3436 103 2 147 3406 207 9
D 3440 55 2 86 87 94 3429
D 3439 53 2 81 3440 95 9
D 3438 49 2 69 3439 97 9
D 3443 55 2 94 3434 86 143
D 3442 53 2 81 3443 95 41
D 3441 49 2 69 3442 97 41
D 3437 61 2 3438 212 3441 41
D 3395 85 3 67 3396 3425 3436 3437 9
D 3446 115 2 3407 427 3409 41
D 3448 107 3 179 183 3413 3414 195 9
D 3449 107 3 179 204 3413 3420 195 41
D 3447 115 2 3448 427 3449 41
D 3445 103 3 3397 3446 147 3447 3422 41
D 3450 103 2 147 3446 207 41
D 3444 85 3 67 3445 3425 3450 3437 41
D 3367 121 3 66 3368 3395 3299 3444 9
D 3366 41 2 25 3367 439 9
D 3458 177 2 460 477 458 9
D 3459 177 2 460 459 458 41
D 3457 179 2 3458 461 3459 9
D 3460 179 2 3458 532 3459 9
D 3461 179 2 3458 542 3459 41
D 3456 189 3 3457 478 3460 535 3461 9
D 3455 175 2 451 3456 544 9
D 3466 231 2 562 586 560 9
D 3465 229 2 558 3466 563 9
D 3464 227 2 564 3465 556 9
D 3463 225 2 548 3464 565 9
D 3470 231 2 562 561 560 41
D 3469 229 2 558 3470 563 41
D 3468 227 2 564 3469 556 41
D 3467 225 2 548 3468 565 41
D 3462 233 2 3463 568 3467 9
D 3472 189 3 3460 589 3457 594 3461 41
D 3471 175 2 451 3472 544 41
D 3454 219 2 3455 3462 3471 9
D 3474 233 2 3463 1941 3467 41
D 3473 219 2 3455 3474 3471 41
D 3453 243 2 3454 598 3473 9
D 3475 243 2 3454 2354 3473 9
D 3476 243 2 3454 2419 3473 41
D 3452 891 3 3453 1945 3475 2409 3476 9
D 3477 891 3 3475 3275 3453 3288 3476 41
D 3451 1091 2 3452 3303 3477 9
D 3480 133 3 219 3369 307 3378 339 9
D 3479 121 3 66 3480 3395 411 3444 9
D 3478 41 2 25 3479 439 9
D 3481 1091 2 3452 2434 3477 9
D 3485 151 2 3370 3348 3374 41
D 3486 151 2 3379 3348 3391 41
D 3484 133 3 3353 3485 3356 3486 3359 41
D 3483 121 3 3395 3341 66 3484 3444 41
D 3482 41 2 25 3483 439 41
D 3365 171 3 3366 3451 3478 3481 3482 9
D 3364 17 2 19 3365 3360 9
L 3488 12 507
D 3487 9 2 12 3488 17 41
D 10 13 3 11 18 3362 3364 3487 9
L 3490 6 605
D 3489 5 2 6 3490 8 41
D 4 7 2 5 10 3489 9
L 3491 2 446
D 2 3 2 3 4 3491 9
L 3492 0 448
D 0 1 2 1 2 3492 9
