c ids of sdd nodes start at 0
c sdd nodes appear bottom-up, children before parents
c
c file syntax:
c sdd count-of-sdd-nodes
c F id-of-false-sdd-node
c T id-of-true-sdd-node
c L id-of-literal-sdd-node id-of-vtree literal
c D id-of-decomposition-sdd-node id-of-vtree number-of-elements {id-of-prime id-of-sub}*
c
sdd 3248
L 1 0 -666
L 3 2 343
L 5 4 -338
L 7 6 -357
L 10 8 -567
L 11 10 -524
L 12 8 567
F 13
D 9 9 2 10 11 12 13
L 16 12 -373
L 17 14 -503
L 18 12 373
D 15 13 2 16 17 18 13
L 22 16 -413
L 24 18 -548
L 25 20 -412
L 26 18 548
D 23 19 2 24 25 26 13
L 27 16 413
D 21 17 2 22 23 27 13
L 30 22 -481
L 31 24 -646
L 32 22 481
D 29 23 2 30 31 32 13
L 34 26 -525
L 35 28 -377
L 36 26 525
D 33 27 2 34 35 36 13
L 38 24 646
T 39
D 37 23 2 30 38 32 39
D 28 25 2 29 33 37 13
L 42 20 412
D 41 19 2 24 42 26 39
D 40 17 2 22 41 27 39
D 20 21 2 21 28 40 13
L 46 30 -458
L 48 32 -457
L 49 34 -572
L 50 32 457
D 47 33 2 48 49 50 13
L 51 30 458
D 45 31 2 46 47 51 13
L 54 36 -571
L 55 38 -475
L 56 36 571
D 53 37 2 54 55 56 13
L 59 40 -547
L 60 42 -337
L 61 40 547
D 58 41 2 59 60 61 13
L 63 44 -620
L 64 46 -621
L 65 44 620
D 62 45 2 63 64 65 13
L 67 42 337
D 66 41 2 59 67 61 39
D 57 43 2 58 62 66 13
L 69 38 475
D 68 37 2 54 69 56 39
D 52 39 2 53 57 68 13
L 72 34 572
D 71 33 2 48 72 50 39
D 70 31 2 46 71 51 39
D 44 35 2 45 52 70 13
L 76 48 -280
L 78 50 -279
L 80 52 1
L 81 54 -2
L 82 52 -1
D 79 53 2 80 81 82 13
L 83 50 279
D 77 51 2 78 79 83 13
L 84 48 280
D 75 49 2 76 77 84 13
L 88 56 -229
L 89 58 -228
L 90 56 229
D 87 57 2 88 89 90 13
L 92 60 -241
L 93 62 -239
L 94 60 241
D 91 61 2 92 93 94 13
L 96 58 228
D 95 57 2 88 96 90 39
D 86 59 2 87 91 95 13
L 101 64 -71
L 102 66 72
L 103 64 71
D 100 65 2 101 102 103 13
L 105 68 -75
L 106 70 76
L 107 68 75
D 104 69 2 105 106 107 13
L 109 66 -72
D 108 65 2 101 109 103 39
D 99 67 2 100 104 108 13
L 112 72 -65
L 113 74 66
L 114 72 65
D 111 73 2 112 113 114 13
L 116 76 -77
L 117 78 78
L 118 76 77
D 115 77 2 116 117 118 13
L 120 74 -66
D 119 73 2 112 120 114 39
D 110 75 2 111 115 119 13
L 123 70 -76
D 122 69 2 105 123 107 39
D 121 67 2 100 122 108 39
D 98 71 2 99 110 121 13
L 126 80 -69
L 127 82 70
L 128 80 69
D 125 81 2 126 127 128 13
L 130 84 -304
L 132 86 -73
L 133 88 74
L 134 86 73
D 131 87 2 132 133 134 13
L 135 84 304
D 129 85 2 130 131 135 13
L 137 82 -70
D 136 81 2 126 137 128 39
D 124 83 2 125 129 136 13
L 141 78 -78
D 140 77 2 116 141 118 39
D 139 75 2 111 140 119 39
D 138 71 2 99 139 121 39
D 97 79 2 98 124 138 13
L 144 62 239
D 143 61 2 92 144 94 39
D 142 59 2 87 143 95 39
D 85 63 2 86 97 142 13
L 148 54 2
D 147 53 2 80 148 82 39
D 146 51 2 78 147 83 39
D 145 49 2 76 146 84 39
D 74 55 2 75 85 145 13
L 155 90 -324
L 156 92 -323
L 157 90 324
D 154 91 2 155 156 157 13
L 159 94 -18
L 160 96 -322
L 161 94 18
D 158 95 2 159 160 161 13
L 163 92 323
D 162 91 2 155 163 157 39
D 153 93 2 154 158 162 13
L 167 98 -301
L 168 100 -300
L 169 98 301
D 166 99 2 167 168 169 13
L 171 102 -297
L 172 104 -299
L 173 102 297
D 170 103 2 171 172 173 13
L 175 100 300
D 174 99 2 167 175 169 39
D 165 101 2 166 170 174 13
L 178 106 -314
L 180 108 -37
L 182 110 21
L 183 112 38
L 184 110 -21
D 181 111 2 182 183 184 13
L 185 108 37
D 179 109 2 180 181 185 13
L 186 106 314
D 177 107 2 178 179 186 13
L 188 114 -61
L 189 116 62
L 190 114 61
D 187 115 2 188 189 190 13
L 194 112 -38
D 193 111 2 182 194 184 39
D 192 109 2 180 193 185 39
D 191 107 2 178 192 186 39
D 176 113 2 177 187 191 13
L 197 104 299
D 196 103 2 171 197 173 39
D 195 101 2 166 196 174 39
D 164 105 2 165 176 195 13
L 200 96 322
D 199 95 2 159 200 161 39
D 198 93 2 154 199 162 39
D 152 97 2 153 164 198 13
L 204 118 -171
L 205 120 -170
L 206 118 171
D 203 119 2 204 205 206 13
L 207 122 -174
L 209 120 170
D 208 119 2 204 209 206 39
D 202 121 2 203 207 208 13
L 211 124 -168
L 213 126 -169
L 214 128 167
L 215 126 169
D 212 127 2 213 214 215 13
L 216 124 168
D 210 125 2 211 212 216 13
L 218 122 174
D 217 121 2 203 218 208 39
D 201 123 2 202 210 217 13
L 223 116 -62
D 222 115 2 188 223 190 39
D 221 113 2 177 222 191 39
D 220 105 2 165 221 195 39
D 219 97 2 153 220 198 39
D 151 117 2 152 201 219 13
L 228 130 -320
L 229 132 -307
L 230 130 320
D 227 131 2 228 229 230 13
L 232 134 -249
L 233 136 -318
L 234 134 249
D 231 135 2 232 233 234 13
L 236 132 307
D 235 131 2 228 236 230 39
D 226 133 2 227 231 235 13
L 238 138 -647
L 240 140 -648
L 241 142 -622
L 242 140 648
D 239 141 2 240 241 242 13
L 243 138 647
D 237 139 2 238 239 243 13
L 246 136 318
D 245 135 2 232 246 234 39
D 244 133 2 227 245 235 39
D 225 137 2 226 237 244 13
L 251 144 58
L 252 146 -57
L 253 144 -58
D 250 145 2 251 252 253 13
L 256 148 17
L 258 150 85
L 260 152 -87
L 261 154 -86
L 262 152 87
D 259 153 2 260 261 262 13
L 263 150 -85
D 257 151 2 258 259 263 13
L 264 148 -17
D 255 149 2 256 257 264 13
L 268 156 54
L 269 158 -53
L 270 156 -54
D 267 157 2 268 269 270 13
L 272 160 -55
L 273 162 56
L 274 160 55
D 271 161 2 272 273 274 13
L 276 158 53
D 275 157 2 268 276 270 39
D 266 159 2 267 271 275 13
L 278 164 81
L 280 166 23
L 281 168 -24
L 282 166 -23
D 279 167 2 280 281 282 13
L 283 164 -81
D 277 165 2 278 279 283 13
L 286 162 -56
D 285 161 2 272 286 274 39
D 284 159 2 267 285 275 39
D 265 163 2 266 277 284 13
L 290 154 86
D 289 153 2 260 290 262 39
D 288 151 2 258 289 263 39
D 287 149 2 256 288 264 39
D 254 155 2 255 265 287 13
L 292 146 57
D 291 145 2 251 292 253 39
D 249 147 2 250 254 291 13
L 296 170 -287
L 297 172 -282
L 298 170 287
D 295 171 2 296 297 298 13
L 300 174 -284
L 301 176 -285
L 302 174 284
D 299 175 2 300 301 302 13
L 304 172 282
D 303 171 2 296 304 298 39
D 294 173 2 295 299 303 13
L 306 178 -286
L 308 180 -288
L 309 182 -291
L 310 180 288
D 307 181 2 308 309 310 13
L 311 178 286
D 305 179 2 306 307 311 13
L 314 176 285
D 313 175 2 300 314 302 39
D 312 173 2 295 313 303 39
D 293 177 2 294 305 312 13
L 320 168 24
D 319 167 2 280 320 282 39
D 318 165 2 278 319 283 39
D 317 163 2 266 318 284 39
D 316 155 2 255 317 287 39
D 315 147 2 250 316 291 39
D 248 169 2 249 293 315 13
L 324 184 312
L 326 186 -30
L 329 188 -20
L 330 190 19
L 331 188 20
D 328 189 2 329 330 331 13
L 334 192 31
L 335 194 -32
L 336 192 -31
D 333 193 2 334 335 336 13
L 338 196 64
L 339 198 -63
L 340 196 -64
D 337 197 2 338 339 340 13
L 342 194 32
D 341 193 2 334 342 336 39
D 332 195 2 333 337 341 13
L 344 190 -19
D 343 189 2 329 344 331 39
D 327 191 2 328 332 343 13
L 345 186 30
D 325 187 2 326 327 345 13
L 346 184 -312
D 323 185 2 324 325 346 13
L 349 200 -310
L 350 202 -308
L 351 200 310
D 348 201 2 349 350 351 13
L 353 204 -311
L 355 206 -292
L 357 208 -294
L 358 210 -293
L 359 208 294
D 356 209 2 357 358 359 13
L 360 206 292
D 354 207 2 355 356 360 13
L 361 204 311
D 352 205 2 353 354 361 13
L 363 202 308
D 362 201 2 349 363 351 39
D 347 203 2 348 352 362 13
L 369 198 63
D 368 197 2 338 369 340 39
D 367 195 2 333 368 341 39
D 366 191 2 328 367 343 39
D 365 187 2 326 366 345 39
D 364 185 2 324 365 346 39
D 322 199 2 323 347 364 13
L 374 212 -91
L 375 214 92
L 376 212 91
D 373 213 2 374 375 376 13
L 378 216 98
L 379 218 -99
L 380 216 -98
D 377 217 2 378 379 380 13
L 382 214 -92
D 381 213 2 374 382 376 39
D 372 215 2 373 377 381 13
L 383 220 -309
L 386 218 99
D 385 217 2 378 386 380 39
D 384 215 2 373 385 381 39
D 371 219 2 372 383 384 13
L 389 222 -183
L 390 224 -181
L 391 222 183
D 388 223 2 389 390 391 13
L 392 226 -172
L 394 224 181
D 393 223 2 389 394 391 39
D 387 225 2 388 392 393 13
L 396 220 309
D 395 219 2 372 396 384 39
D 370 221 2 371 387 395 13
L 402 210 293
D 401 209 2 357 402 359 39
D 400 207 2 355 401 360 39
D 399 205 2 353 400 361 39
D 398 203 2 348 399 362 39
D 397 199 2 323 398 364 39
D 321 211 2 322 370 397 13
L 407 182 291
D 406 181 2 308 407 310 39
D 405 179 2 306 406 311 39
D 404 177 2 294 405 312 39
D 403 169 2 249 404 315 39
D 247 183 2 248 321 403 13
L 411 142 622
D 410 141 2 240 411 242 39
D 409 139 2 238 410 243 39
D 408 137 2 226 409 244 39
D 224 143 2 225 247 408 13
L 416 128 -167
D 415 127 2 213 416 215 39
D 414 125 2 211 415 216 39
D 413 123 2 202 414 217 39
D 412 117 2 152 413 219 39
D 150 129 2 151 224 412 13
L 421 228 -507
L 423 230 -506
L 425 232 591
L 426 234 -590
L 427 232 -591
D 424 233 2 425 426 427 13
L 428 230 506
D 422 231 2 423 424 428 13
L 429 228 507
D 420 229 2 421 422 429 13
L 431 236 -643
L 433 238 -644
L 435 240 -522
L 436 242 -523
L 437 240 522
D 434 241 2 435 436 437 13
L 438 238 644
D 432 239 2 433 434 438 13
L 439 236 643
D 430 237 2 431 432 439 13
L 443 234 590
D 442 233 2 425 443 427 39
D 441 231 2 423 442 428 39
D 440 229 2 421 441 429 39
D 419 235 2 420 430 440 13
L 445 244 -388
L 448 246 -387
L 451 248 539
L 452 250 -615
L 453 248 -539
D 450 249 2 451 452 453 13
L 454 252 -538
L 456 250 615
D 455 249 2 451 456 453 39
D 449 251 2 450 454 455 13
L 457 246 387
D 447 247 2 448 449 457 13
L 459 254 487
L 461 256 -486
L 462 258 -614
L 463 256 486
D 460 257 2 461 462 463 13
L 464 254 -487
D 458 255 2 459 460 464 13
L 467 252 538
D 466 251 2 450 467 455 39
D 465 247 2 448 466 457 39
D 446 253 2 447 458 465 13
L 468 244 388
D 444 245 2 445 446 468 13
L 473 242 523
D 472 241 2 435 473 437 39
D 471 239 2 433 472 438 39
D 470 237 2 431 471 439 39
D 469 235 2 420 470 440 39
D 418 243 2 419 444 469 13
L 481 260 -272
L 482 262 25
L 483 260 272
D 480 261 2 481 482 483 13
L 486 264 39
L 487 266 -40
L 488 264 -39
D 485 265 2 486 487 488 13
L 490 268 -79
L 491 270 80
L 492 268 79
D 489 269 2 490 491 492 13
L 494 266 40
D 493 265 2 486 494 488 39
D 484 267 2 485 489 493 13
L 496 262 -25
D 495 261 2 481 496 483 39
D 479 263 2 480 484 495 13
L 499 272 -384
L 500 274 -274
L 501 272 384
D 498 273 2 499 500 501 13
L 503 276 -131
L 505 278 -122
L 506 280 121
L 507 278 122
D 504 279 2 505 506 507 13
L 508 276 131
D 502 277 2 503 504 508 13
L 510 274 274
D 509 273 2 499 510 501 39
D 497 275 2 498 502 509 13
L 514 270 -80
D 513 269 2 490 514 492 39
D 512 267 2 485 513 493 39
D 511 263 2 480 512 495 39
D 478 271 2 479 497 511 13
L 517 282 -624
L 518 284 -551
L 519 282 624
D 516 283 2 517 518 519 13
L 521 286 -563
L 522 288 -564
L 523 286 563
D 520 287 2 521 522 523 13
L 525 284 551
D 524 283 2 517 525 519 39
D 515 285 2 516 520 524 13
L 530 280 -121
D 529 279 2 505 530 507 39
D 528 277 2 503 529 508 39
D 527 275 2 498 528 509 39
D 526 271 2 479 527 511 39
D 477 281 2 478 515 526 13
L 536 290 -559
L 537 292 -380
L 538 290 559
D 535 291 2 536 537 538 13
L 539 294 399
L 541 292 380
D 540 291 2 536 541 538 39
D 534 293 2 535 539 540 13
L 543 296 -627
L 544 298 -403
L 545 296 627
D 542 297 2 543 544 545 13
L 547 294 -399
D 546 293 2 535 547 540 39
D 533 295 2 534 542 546 13
L 551 300 -495
L 554 302 -325
L 555 304 -330
L 556 302 325
D 553 303 2 554 555 556 13
L 558 306 -331
L 560 308 -326
L 561 310 -329
L 562 308 326
D 559 309 2 560 561 562 13
L 563 306 331
D 557 307 2 558 559 563 13
L 565 304 330
D 564 303 2 554 565 556 39
D 552 305 2 553 557 564 13
L 566 300 495
D 550 301 2 551 552 566 13
L 569 312 -328
L 570 314 -321
L 571 312 328
D 568 313 2 569 570 571 13
L 574 316 -327
L 575 318 -332
L 576 316 327
D 573 317 2 574 575 576 13
L 577 320 -494
L 579 318 332
D 578 317 2 574 579 576 39
D 572 319 2 573 577 578 13
L 581 314 321
D 580 313 2 569 581 571 39
D 567 315 2 568 572 580 13
L 586 310 329
D 585 309 2 560 586 562 39
D 584 307 2 558 585 563 39
D 583 305 2 553 584 564 39
D 582 301 2 551 583 566 39
D 549 311 2 550 567 582 13
L 590 322 432
L 591 324 431
L 592 322 -432
D 589 323 2 590 591 592 13
L 594 326 -533
L 596 328 -381
L 597 330 -339
L 598 328 381
D 595 329 2 596 597 598 13
L 599 326 533
D 593 327 2 594 595 599 13
L 601 324 -431
D 600 323 2 590 601 592 39
D 588 325 2 589 593 600 13
L 604 332 -467
L 605 334 -465
L 606 332 467
D 603 333 2 604 605 606 13
L 608 336 468
L 609 338 -532
L 610 336 -468
D 607 337 2 608 609 610 13
L 612 334 465
D 611 333 2 604 612 606 39
D 602 335 2 603 607 611 13
L 616 330 339
D 615 329 2 596 616 598 39
D 614 327 2 594 615 599 39
D 613 325 2 589 614 600 39
D 587 331 2 588 602 613 13
L 620 320 494
D 619 319 2 573 620 578 39
D 618 315 2 568 619 580 39
D 617 311 2 550 618 582 39
D 548 321 2 549 587 617 13
L 623 298 403
D 622 297 2 543 623 545 39
D 621 295 2 534 622 546 39
D 532 299 2 533 548 621 13
L 628 340 -502
L 629 342 -393
L 630 340 502
D 627 341 2 628 629 630 13
L 632 344 -652
L 633 346 -651
L 634 344 652
D 631 345 2 632 633 634 13
L 636 342 393
D 635 341 2 628 636 630 39
D 626 343 2 627 631 635 13
L 639 348 -565
L 640 350 -629
L 641 348 565
D 638 349 2 639 640 641 13
L 644 352 -630
L 645 354 -370
L 646 352 630
D 643 353 2 644 645 646 13
L 648 356 -336
L 649 358 -342
L 650 356 336
D 647 357 2 648 649 650 13
L 652 354 370
D 651 353 2 644 652 646 39
D 642 355 2 643 647 651 13
L 654 350 629
D 653 349 2 639 654 641 39
D 637 351 2 638 642 653 13
L 657 346 651
D 656 345 2 632 657 634 39
D 655 343 2 627 656 635 39
D 625 347 2 626 637 655 13
L 660 360 -576
L 662 362 -315
L 663 364 476
L 664 362 315
D 661 363 2 662 663 664 13
L 665 360 576
D 659 361 2 660 661 665 13
L 667 366 -227
L 669 368 -645
L 670 370 -480
L 671 368 645
D 668 369 2 669 670 671 13
L 672 366 227
D 666 367 2 667 668 672 13
L 675 364 -476
D 674 363 2 662 675 664 39
D 673 361 2 660 674 665 39
D 658 365 2 659 666 673 13
L 680 358 342
D 679 357 2 648 680 650 39
D 678 355 2 643 679 651 39
D 677 351 2 638 678 653 39
D 676 347 2 626 677 655 39
D 624 359 2 625 658 676 13
L 686 338 532
D 685 337 2 608 686 610 39
D 684 335 2 603 685 611 39
D 683 331 2 588 684 613 39
D 682 321 2 549 683 617 39
D 681 299 2 533 682 621 39
D 531 339 2 532 624 681 13
L 690 288 564
D 689 287 2 521 690 523 39
D 688 285 2 516 689 524 39
D 687 281 2 478 688 526 39
D 476 289 2 477 531 687 13
L 694 372 -374
L 697 374 -520
L 698 376 -521
L 699 374 520
D 696 375 2 697 698 699 13
L 701 378 -375
L 702 380 -376
L 703 378 375
D 700 379 2 701 702 703 13
L 705 376 521
D 704 375 2 697 705 699 39
D 695 377 2 696 700 704 13
L 706 372 374
D 693 373 2 694 695 706 13
L 709 382 -289
L 710 384 -585
L 711 382 289
D 708 383 2 709 710 711 13
L 713 386 -661
L 715 388 -584
L 717 390 -162
L 719 392 -148
L 720 394 147
L 721 392 148
D 718 393 2 719 720 721 13
L 722 390 162
D 716 391 2 717 718 722 13
L 723 388 584
D 714 389 2 715 716 723 13
L 724 386 661
D 712 387 2 713 714 724 13
L 726 384 585
D 725 383 2 709 726 711 39
D 707 385 2 708 712 725 13
L 730 380 376
D 729 379 2 701 730 703 39
D 728 377 2 696 729 704 39
D 727 373 2 694 728 706 39
D 692 381 2 693 707 727 13
L 735 396 -608
L 736 398 -609
L 737 396 608
D 734 397 2 735 736 737 13
L 739 400 -531
L 740 402 -530
L 741 400 531
D 738 401 2 739 740 741 13
L 743 398 609
D 742 397 2 735 743 737 39
D 733 399 2 734 738 742 13
L 745 404 -657
L 747 406 -659
L 749 408 -144
L 751 410 -158
L 752 412 143
L 753 410 158
D 750 411 2 751 752 753 13
L 754 408 144
D 748 409 2 749 750 754 13
L 755 406 659
D 746 407 2 747 748 755 13
L 756 404 657
D 744 405 2 745 746 756 13
L 759 402 530
D 758 401 2 739 759 741 39
D 757 399 2 734 758 742 39
D 732 403 2 733 744 757 13
L 764 414 160
L 766 416 -166
L 767 418 -161
L 768 416 166
D 765 417 2 766 767 768 13
L 769 414 -160
D 763 415 2 764 765 769 13
L 771 420 -165
L 773 422 -155
L 774 424 154
L 775 422 155
D 772 423 2 773 774 775 13
L 776 420 165
D 770 421 2 771 772 776 13
L 779 418 161
D 778 417 2 766 779 768 39
D 777 415 2 764 778 769 39
D 762 419 2 763 770 777 13
L 781 426 -663
L 782 428 -493
L 783 426 663
D 780 427 2 781 782 783 13
L 787 424 -154
D 786 423 2 773 787 775 39
D 785 421 2 771 786 776 39
D 784 419 2 763 785 777 39
D 761 425 2 762 780 784 13
L 791 430 -492
L 793 432 -150
L 795 434 -163
L 796 436 149
L 797 434 163
D 794 435 2 795 796 797 13
L 798 432 150
D 792 433 2 793 794 798 13
L 799 430 492
D 790 431 2 791 792 799 13
L 800 438 -662
L 804 436 -149
D 803 435 2 795 804 797 39
D 802 433 2 793 803 798 39
D 801 431 2 791 802 799 39
D 789 437 2 790 800 801 13
L 806 440 -658
L 808 442 -660
L 810 444 -146
L 812 446 -159
L 813 448 145
L 814 446 159
D 811 447 2 812 813 814 13
L 815 444 146
D 809 445 2 810 811 815 13
L 816 442 660
D 807 443 2 808 809 816 13
L 817 440 658
D 805 441 2 806 807 817 13
L 819 438 662
D 818 437 2 790 819 801 39
D 788 439 2 789 805 818 13
L 822 428 493
D 821 427 2 781 822 783 39
D 820 425 2 762 821 784 39
D 760 429 2 761 788 820 13
L 828 412 -143
D 827 411 2 751 828 753 39
D 826 409 2 749 827 754 39
D 825 407 2 747 826 755 39
D 824 405 2 745 825 756 39
D 823 403 2 733 824 757 39
D 731 413 2 732 760 823 13
L 835 394 -147
D 834 393 2 719 835 721 39
D 833 391 2 717 834 722 39
D 832 389 2 715 833 723 39
D 831 387 2 713 832 724 39
D 830 385 2 708 831 725 39
D 829 381 2 693 830 727 39
D 691 395 2 692 731 829 13
L 842 370 480
D 841 369 2 669 842 671 39
D 840 367 2 667 841 672 39
D 839 365 2 659 840 673 39
D 838 359 2 625 839 676 39
D 837 339 2 532 838 681 39
D 836 289 2 477 837 687 39
D 475 371 2 476 691 836 13
L 849 450 -177
L 850 452 -195
L 851 450 177
D 848 451 2 849 850 851 13
L 854 454 -333
L 855 456 -193
L 856 454 333
D 853 455 2 854 855 856 13
L 858 458 4
L 859 460 -3
L 860 458 -4
D 857 459 2 858 859 860 13
L 862 456 193
D 861 455 2 854 862 856 39
D 852 457 2 853 857 861 13
L 864 452 195
D 863 451 2 849 864 851 39
D 847 453 2 848 852 863 13
L 867 462 368
L 869 464 -367
L 870 466 -360
L 871 464 367
D 868 465 2 869 870 871 13
L 872 462 -368
D 866 463 2 867 868 872 13
L 875 468 -517
L 876 470 -601
L 877 468 517
D 874 469 2 875 876 877 13
L 879 472 -516
L 880 474 -600
L 881 472 516
D 878 473 2 879 880 881 13
L 883 470 601
D 882 469 2 875 883 877 39
D 873 471 2 874 878 882 13
L 886 466 360
D 885 465 2 869 886 871 39
D 884 463 2 867 885 872 39
D 865 467 2 866 873 884 13
L 890 460 3
D 889 459 2 858 890 860 39
D 888 457 2 853 889 861 39
D 887 453 2 848 888 863 39
D 846 461 2 847 865 887 13
L 893 476 -178
L 894 478 -196
L 895 476 178
D 892 477 2 893 894 895 13
L 898 480 -49
L 899 482 50
L 900 480 49
D 897 481 2 898 899 900 13
L 902 484 278
L 904 486 -13
L 905 488 14
L 906 486 13
D 903 487 2 904 905 906 13
L 907 484 -278
D 901 485 2 902 903 907 13
L 909 482 -50
D 908 481 2 898 909 900 39
D 896 483 2 897 901 908 13
L 911 478 196
D 910 477 2 893 911 895 39
D 891 479 2 892 896 910 13
L 916 474 600
D 915 473 2 879 916 881 39
D 914 471 2 874 915 882 39
D 913 467 2 866 914 884 39
D 912 461 2 847 913 887 39
D 845 475 2 846 891 912 13
L 922 490 222
L 923 492 -225
L 924 490 -222
D 921 491 2 922 923 924 13
L 926 494 -182
L 928 496 -48
L 929 498 47
L 930 496 48
D 927 497 2 928 929 930 13
L 931 494 182
D 925 495 2 926 927 931 13
L 933 492 225
D 932 491 2 922 933 924 39
D 920 493 2 921 925 932 13
L 936 500 253
L 937 502 218
L 938 500 -253
D 935 501 2 936 937 938 13
L 940 504 -7
L 941 506 8
L 942 504 7
D 939 505 2 940 941 942 13
L 944 502 -218
D 943 501 2 936 944 938 39
D 934 503 2 935 939 943 13
L 948 498 -47
D 947 497 2 928 948 930 39
D 946 495 2 926 947 931 39
D 945 493 2 921 946 932 39
D 919 499 2 920 934 945 13
L 952 508 -277
L 953 510 -254
L 954 508 277
D 951 509 2 952 953 954 13
L 956 512 219
L 958 514 88
L 960 516 -89
L 961 518 -90
L 962 516 89
D 959 517 2 960 961 962 13
L 963 514 -88
D 957 515 2 958 959 963 13
L 964 512 -219
D 955 513 2 956 957 964 13
L 966 510 254
D 965 509 2 952 966 954 39
D 950 511 2 951 955 965 13
L 968 520 186
L 970 522 -179
L 971 524 -180
L 972 522 179
D 969 523 2 970 971 972 13
L 973 520 -186
D 967 521 2 968 969 973 13
L 978 518 90
D 977 517 2 960 978 962 39
D 976 515 2 958 977 963 39
D 975 513 2 956 976 964 39
D 974 511 2 951 975 965 39
D 949 519 2 950 967 974 13
L 982 506 -8
D 981 505 2 940 982 942 39
D 980 503 2 935 981 943 39
D 979 499 2 920 980 945 39
D 918 507 2 919 949 979 13
L 987 526 -527
L 988 528 -526
L 989 526 527
D 986 527 2 987 988 989 13
L 991 530 -443
L 992 532 -378
L 993 530 443
D 990 531 2 991 992 993 13
L 995 528 526
D 994 527 2 987 995 989 39
D 985 529 2 986 990 994 13
L 997 534 -444
L 999 536 -604
L 1000 538 -605
L 1001 536 604
D 998 537 2 999 1000 1001 13
L 1002 534 444
D 996 535 2 997 998 1002 13
L 1005 532 378
D 1004 531 2 991 1005 993 39
D 1003 529 2 986 1004 994 39
D 984 533 2 985 996 1003 13
L 1009 540 -421
L 1010 542 422
L 1011 540 421
D 1008 541 2 1009 1010 1011 13
L 1013 544 397
L 1014 546 -508
L 1015 544 -397
D 1012 545 2 1013 1014 1015 13
L 1017 542 -422
D 1016 541 2 1009 1017 1011 39
D 1007 543 2 1008 1012 1016 13
L 1020 548 509
L 1022 550 -358
L 1023 552 -82
L 1024 550 358
D 1021 551 2 1022 1023 1024 13
L 1025 548 -509
D 1019 549 2 1020 1021 1025 13
L 1028 554 -261
L 1029 556 -26
L 1030 554 261
D 1027 555 2 1028 1029 1030 13
L 1032 558 -390
L 1033 560 -389
L 1034 558 390
D 1031 559 2 1032 1033 1034 13
L 1036 556 26
D 1035 555 2 1028 1036 1030 39
D 1026 557 2 1027 1031 1035 13
L 1039 552 82
D 1038 551 2 1022 1039 1024 39
D 1037 549 2 1020 1038 1025 39
D 1018 553 2 1019 1026 1037 13
L 1042 546 508
D 1041 545 2 1013 1042 1015 39
D 1040 543 2 1008 1041 1016 39
D 1006 547 2 1007 1018 1040 13
L 1046 538 605
D 1045 537 2 999 1046 1001 39
D 1044 535 2 997 1045 1002 39
D 1043 533 2 985 1044 1003 39
D 983 539 2 984 1006 1043 13
L 1051 524 180
D 1050 523 2 970 1051 972 39
D 1049 521 2 968 1050 973 39
D 1048 519 2 950 1049 974 39
D 1047 507 2 919 1048 979 39
D 917 525 2 918 983 1047 13
L 1057 488 -14
D 1056 487 2 904 1057 906 39
D 1055 485 2 902 1056 907 39
D 1054 483 2 897 1055 908 39
D 1053 479 2 892 1054 910 39
D 1052 475 2 846 1053 912 39
D 844 489 2 845 917 1052 13
L 1063 562 -235
L 1064 564 -234
L 1065 562 235
D 1062 563 2 1063 1064 1065 13
L 1066 566 -236
L 1068 564 234
D 1067 563 2 1063 1068 1065 39
D 1061 565 2 1062 1066 1067 13
L 1071 568 237
L 1073 570 -233
L 1074 572 -238
L 1075 570 233
D 1072 571 2 1073 1074 1075 13
L 1076 568 -237
D 1070 569 2 1071 1072 1076 13
L 1079 574 -391
L 1080 576 -418
L 1081 574 391
D 1078 575 2 1079 1080 1081 13
L 1083 578 -554
L 1084 580 -417
L 1085 578 554
D 1082 579 2 1083 1084 1085 13
L 1087 576 418
D 1086 575 2 1079 1087 1081 39
D 1077 577 2 1078 1082 1086 13
L 1090 572 238
D 1089 571 2 1073 1090 1075 39
D 1088 569 2 1071 1089 1076 39
D 1069 573 2 1070 1077 1088 13
L 1092 566 236
D 1091 565 2 1062 1092 1067 39
D 1060 567 2 1061 1069 1091 13
L 1097 582 -625
L 1098 584 -424
L 1099 582 625
D 1096 583 2 1097 1098 1099 13
L 1102 586 -626
L 1103 588 -555
L 1104 586 626
D 1101 587 2 1102 1103 1104 13
L 1106 590 -556
L 1108 592 -371
L 1109 594 -423
L 1110 592 371
D 1107 593 2 1108 1109 1110 13
L 1111 590 556
D 1105 591 2 1106 1107 1111 13
L 1113 588 555
D 1112 587 2 1102 1113 1104 39
D 1100 589 2 1101 1105 1112 13
L 1115 584 424
D 1114 583 2 1097 1115 1099 39
D 1095 585 2 1096 1100 1114 13
L 1118 596 -216
L 1121 598 -213
L 1122 600 214
L 1123 598 213
D 1120 599 2 1121 1122 1123 13
L 1125 602 -211
L 1126 604 217
L 1127 602 211
D 1124 603 2 1125 1126 1127 13
L 1129 600 -214
D 1128 599 2 1121 1129 1123 39
D 1119 601 2 1120 1124 1128 13
L 1130 596 216
D 1117 597 2 1118 1119 1130 13
L 1133 606 434
L 1134 608 -436
L 1135 606 -434
D 1132 607 2 1133 1134 1135 13
L 1137 610 -433
L 1138 612 -407
L 1139 610 433
D 1136 611 2 1137 1138 1139 13
L 1141 608 436
D 1140 607 2 1133 1141 1135 39
D 1131 609 2 1132 1136 1140 13
L 1145 604 -217
D 1144 603 2 1125 1145 1127 39
D 1143 601 2 1120 1144 1128 39
D 1142 597 2 1118 1143 1130 39
D 1116 605 2 1117 1131 1142 13
L 1150 594 423
D 1149 593 2 1108 1150 1110 39
D 1148 591 2 1106 1149 1111 39
D 1147 589 2 1101 1148 1112 39
D 1146 585 2 1096 1147 1114 39
D 1094 595 2 1095 1116 1146 13
L 1155 614 210
L 1156 616 -209
L 1157 614 -210
D 1154 615 2 1155 1156 1157 13
L 1160 618 -215
L 1161 620 -212
L 1162 618 215
D 1159 619 2 1160 1161 1162 13
L 1163 622 -208
L 1165 620 212
D 1164 619 2 1160 1165 1162 39
D 1158 621 2 1159 1163 1164 13
L 1167 616 209
D 1166 615 2 1155 1167 1157 39
D 1153 617 2 1154 1158 1166 13
L 1171 624 -569
L 1172 626 -570
L 1173 624 569
D 1170 625 2 1171 1172 1173 13
L 1175 628 -450
L 1176 630 -451
L 1177 628 450
D 1174 629 2 1175 1176 1177 13
L 1179 626 570
D 1178 625 2 1171 1179 1173 39
D 1169 627 2 1170 1174 1178 13
L 1181 632 -470
L 1183 634 -435
L 1184 636 -469
L 1185 634 435
D 1182 635 2 1183 1184 1185 13
L 1186 632 470
D 1180 633 2 1181 1182 1186 13
L 1189 630 451
D 1188 629 2 1175 1189 1177 39
D 1187 627 2 1170 1188 1178 39
D 1168 631 2 1169 1180 1187 13
L 1192 622 208
D 1191 621 2 1159 1192 1164 39
D 1190 617 2 1154 1191 1166 39
D 1152 623 2 1153 1168 1190 13
L 1196 638 -635
L 1197 640 -593
L 1198 638 635
D 1195 639 2 1196 1197 1198 13
L 1200 642 -592
L 1201 644 -636
L 1202 642 592
D 1199 643 2 1200 1201 1202 13
L 1204 640 593
D 1203 639 2 1196 1204 1198 39
D 1194 641 2 1195 1199 1203 13
L 1209 646 -290
L 1211 648 -305
L 1213 650 -313
L 1214 652 -316
L 1215 650 313
D 1212 651 2 1213 1214 1215 13
L 1216 648 305
D 1210 649 2 1211 1212 1216 13
L 1217 646 290
D 1208 647 2 1209 1210 1217 13
L 1218 654 256
L 1222 652 316
D 1221 651 2 1213 1222 1215 39
D 1220 649 2 1211 1221 1216 39
D 1219 647 2 1209 1220 1217 39
D 1207 653 2 1208 1218 1219 13
L 1225 656 257
L 1226 658 258
L 1227 656 -257
D 1224 657 2 1225 1226 1227 13
L 1228 660 259
L 1230 658 -258
D 1229 657 2 1225 1230 1227 39
D 1223 659 2 1224 1228 1229 13
L 1232 654 -256
D 1231 653 2 1208 1232 1219 39
D 1206 655 2 1207 1223 1231 13
L 1235 662 -317
L 1236 664 -319
L 1237 662 317
D 1234 663 2 1235 1236 1237 13
L 1240 666 -250
L 1241 668 251
L 1242 666 250
D 1239 667 2 1240 1241 1242 13
L 1244 670 -252
L 1245 672 -255
L 1246 670 252
D 1243 671 2 1244 1245 1246 13
L 1248 668 -251
D 1247 667 2 1240 1248 1242 39
D 1238 669 2 1239 1243 1247 13
L 1250 664 319
D 1249 663 2 1235 1250 1237 39
D 1233 665 2 1234 1238 1249 13
L 1253 660 -259
D 1252 659 2 1224 1253 1229 39
D 1251 655 2 1207 1252 1231 39
D 1205 661 2 1206 1233 1251 13
L 1256 644 636
D 1255 643 2 1200 1256 1202 39
D 1254 641 2 1195 1255 1203 39
D 1193 645 2 1194 1205 1254 13
L 1261 636 469
D 1260 635 2 1183 1261 1185 39
D 1259 633 2 1181 1260 1186 39
D 1258 631 2 1169 1259 1187 39
D 1257 623 2 1153 1258 1190 39
D 1151 637 2 1152 1193 1257 13
L 1266 612 407
D 1265 611 2 1137 1266 1139 39
D 1264 609 2 1132 1265 1140 39
D 1263 605 2 1117 1264 1142 39
D 1262 595 2 1095 1263 1146 39
D 1093 613 2 1094 1151 1262 13
L 1271 580 417
D 1270 579 2 1083 1271 1085 39
D 1269 577 2 1078 1270 1086 39
D 1268 573 2 1070 1269 1088 39
D 1267 567 2 1061 1268 1091 39
D 1059 581 2 1060 1093 1267 13
L 1279 674 -298
L 1281 676 -248
L 1282 678 -246
L 1283 676 248
D 1280 677 2 1281 1282 1283 13
L 1284 674 298
D 1278 675 2 1279 1280 1284 13
L 1286 680 -396
L 1288 682 -345
L 1289 684 346
L 1290 682 345
D 1287 683 2 1288 1289 1290 13
L 1291 680 396
D 1285 681 2 1286 1287 1291 13
L 1294 678 246
D 1293 677 2 1281 1294 1283 39
D 1292 675 2 1279 1293 1284 39
D 1277 679 2 1278 1285 1292 13
L 1297 686 385
L 1298 688 386
L 1299 686 -385
D 1296 687 2 1297 1298 1299 13
L 1301 690 -484
L 1302 692 348
L 1303 690 484
D 1300 691 2 1301 1302 1303 13
L 1305 688 -386
D 1304 687 2 1297 1305 1299 39
D 1295 689 2 1296 1300 1304 13
L 1309 684 -346
D 1308 683 2 1288 1309 1290 39
D 1307 681 2 1286 1308 1291 39
D 1306 679 2 1278 1307 1292 39
D 1276 685 2 1277 1295 1306 13
L 1312 694 -409
L 1314 696 -334
L 1315 698 -408
L 1316 696 334
D 1313 697 2 1314 1315 1316 13
L 1317 694 409
D 1311 695 2 1312 1313 1317 13
L 1319 700 440
L 1321 702 -482
L 1322 704 -485
L 1323 702 482
D 1320 703 2 1321 1322 1323 13
L 1324 700 -440
D 1318 701 2 1319 1320 1324 13
L 1327 698 408
D 1326 697 2 1314 1327 1316 39
D 1325 695 2 1312 1326 1317 39
D 1310 699 2 1311 1318 1325 13
L 1331 692 -348
D 1330 691 2 1301 1331 1303 39
D 1329 689 2 1296 1330 1304 39
D 1328 685 2 1277 1329 1306 39
D 1275 693 2 1276 1310 1328 13
L 1336 706 -244
L 1337 708 -245
L 1338 706 244
D 1335 707 2 1336 1337 1338 13
L 1340 710 242
L 1341 712 -243
L 1342 710 -242
D 1339 711 2 1340 1341 1342 13
L 1344 708 245
D 1343 707 2 1336 1344 1338 39
D 1334 709 2 1335 1339 1343 13
L 1347 714 -267
L 1348 716 -266
L 1349 714 267
D 1346 715 2 1347 1348 1349 13
L 1351 718 -265
L 1353 720 -264
L 1354 722 -263
L 1355 720 264
D 1352 721 2 1353 1354 1355 13
L 1356 718 265
D 1350 719 2 1351 1352 1356 13
L 1358 716 266
D 1357 715 2 1347 1358 1349 39
D 1345 717 2 1346 1350 1357 13
L 1361 712 243
D 1360 711 2 1340 1361 1342 39
D 1359 709 2 1335 1360 1343 39
D 1333 713 2 1334 1345 1359 13
L 1365 724 -184
L 1366 726 -185
L 1367 724 184
D 1364 725 2 1365 1366 1367 13
L 1369 728 -247
L 1370 730 -240
L 1371 728 247
D 1368 729 2 1369 1370 1371 13
L 1373 726 185
D 1372 725 2 1365 1373 1367 39
D 1363 727 2 1364 1368 1372 13
L 1376 732 5
L 1379 734 -6
L 1380 736 33
L 1381 734 6
D 1378 735 2 1379 1380 1381 13
L 1382 738 -34
L 1384 736 -33
D 1383 735 2 1379 1384 1381 39
D 1377 737 2 1378 1382 1383 13
L 1385 732 -5
D 1375 733 2 1376 1377 1385 13
L 1388 740 -41
L 1389 742 42
L 1390 740 41
D 1387 741 2 1388 1389 1390 13
L 1393 744 -67
L 1394 746 68
L 1395 744 67
D 1392 745 2 1393 1394 1395 13
L 1397 748 60
L 1398 750 -59
L 1399 748 -60
D 1396 749 2 1397 1398 1399 13
L 1401 746 -68
D 1400 745 2 1393 1401 1395 39
D 1391 747 2 1392 1396 1400 13
L 1403 742 -42
D 1402 741 2 1388 1403 1390 39
D 1386 743 2 1387 1391 1402 13
L 1406 738 34
D 1405 737 2 1378 1406 1383 39
D 1404 733 2 1376 1405 1385 39
D 1374 739 2 1375 1386 1404 13
L 1409 730 240
D 1408 729 2 1369 1409 1371 39
D 1407 727 2 1364 1408 1372 39
D 1362 731 2 1363 1374 1407 13
L 1414 722 263
D 1413 721 2 1353 1414 1355 39
D 1412 719 2 1351 1413 1356 39
D 1411 717 2 1346 1412 1357 39
D 1410 713 2 1334 1411 1359 39
D 1332 723 2 1333 1362 1410 13
L 1419 704 485
D 1418 703 2 1321 1419 1323 39
D 1417 701 2 1319 1418 1324 39
D 1416 699 2 1311 1417 1325 39
D 1415 693 2 1276 1416 1328 39
D 1274 705 2 1275 1332 1415 13
L 1424 752 -446
L 1425 754 -447
L 1426 752 446
D 1423 753 2 1424 1425 1426 13
L 1428 756 -445
L 1430 758 344
L 1431 760 568
L 1432 758 -344
D 1429 759 2 1430 1431 1432 13
L 1433 756 445
D 1427 757 2 1428 1429 1433 13
L 1435 754 447
D 1434 753 2 1424 1435 1426 39
D 1422 755 2 1423 1427 1434 13
L 1438 762 -640
L 1440 764 -394
L 1441 766 -395
L 1442 764 394
D 1439 765 2 1440 1441 1442 13
L 1443 762 640
D 1437 763 2 1438 1439 1443 13
L 1446 768 -365
L 1447 770 -496
L 1448 768 365
D 1445 769 2 1446 1447 1448 13
L 1450 772 -598
L 1451 774 599
L 1452 772 598
D 1449 773 2 1450 1451 1452 13
L 1454 770 496
D 1453 769 2 1446 1454 1448 39
D 1444 771 2 1445 1449 1453 13
L 1457 766 395
D 1456 765 2 1440 1457 1442 39
D 1455 763 2 1438 1456 1443 39
D 1436 767 2 1437 1444 1455 13
L 1461 760 -568
D 1460 759 2 1430 1461 1432 39
D 1459 757 2 1428 1460 1433 39
D 1458 755 2 1423 1459 1434 39
D 1421 761 2 1422 1436 1458 13
L 1467 776 -271
L 1468 778 29
L 1469 776 271
D 1466 777 2 1467 1468 1469 13
L 1470 780 262
L 1472 778 -29
D 1471 777 2 1467 1472 1469 39
D 1465 779 2 1466 1470 1471 13
L 1474 782 -491
L 1476 784 -583
L 1478 786 -490
L 1479 788 -363
L 1480 786 490
D 1477 787 2 1478 1479 1480 13
L 1481 784 583
D 1475 785 2 1476 1477 1481 13
L 1482 782 491
D 1473 783 2 1474 1475 1482 13
L 1484 780 -262
D 1483 779 2 1466 1484 1471 39
D 1464 781 2 1465 1473 1483 13
L 1488 790 -270
L 1489 792 -268
L 1490 790 270
D 1487 791 2 1488 1489 1490 13
L 1492 794 -275
L 1494 796 93
L 1496 798 -94
L 1497 800 -95
L 1498 798 94
D 1495 799 2 1496 1497 1498 13
L 1499 796 -93
D 1493 797 2 1494 1495 1499 13
L 1500 794 275
D 1491 795 2 1492 1493 1500 13
L 1502 792 268
D 1501 791 2 1488 1502 1490 39
D 1486 793 2 1487 1491 1501 13
L 1504 802 -269
L 1506 804 -273
L 1508 806 -83
L 1509 808 84
L 1510 806 83
D 1507 807 2 1508 1509 1510 13
L 1511 804 273
D 1505 805 2 1506 1507 1511 13
L 1512 802 269
D 1503 803 2 1504 1505 1512 13
L 1517 800 95
D 1516 799 2 1496 1517 1498 39
D 1515 797 2 1494 1516 1499 39
D 1514 795 2 1492 1515 1500 39
D 1513 793 2 1487 1514 1501 39
D 1485 801 2 1486 1503 1513 13
L 1522 788 363
D 1521 787 2 1478 1522 1480 39
D 1520 785 2 1476 1521 1481 39
D 1519 783 2 1474 1520 1482 39
D 1518 781 2 1465 1519 1483 39
D 1463 789 2 1464 1485 1518 13
L 1526 810 -483
L 1528 812 347
L 1529 814 497
L 1530 812 -347
D 1527 813 2 1528 1529 1530 13
L 1531 810 483
D 1525 811 2 1526 1527 1531 13
L 1533 816 -456
L 1534 818 425
L 1535 816 456
D 1532 817 2 1533 1534 1535 13
L 1538 814 -497
D 1537 813 2 1528 1538 1530 39
D 1536 811 2 1526 1537 1531 39
D 1524 815 2 1525 1532 1536 13
L 1540 820 -515
L 1542 822 -514
L 1543 824 426
L 1544 822 514
D 1541 823 2 1542 1543 1544 13
L 1545 820 515
D 1539 821 2 1540 1541 1545 13
L 1548 818 -425
D 1547 817 2 1533 1548 1535 39
D 1546 815 2 1525 1547 1536 39
D 1523 819 2 1524 1539 1546 13
L 1554 808 -84
D 1553 807 2 1508 1554 1510 39
D 1552 805 2 1506 1553 1511 39
D 1551 803 2 1504 1552 1512 39
D 1550 801 2 1486 1551 1513 39
D 1549 789 2 1464 1550 1518 39
D 1462 809 2 1463 1523 1549 13
L 1559 774 -599
D 1558 773 2 1450 1559 1452 39
D 1557 771 2 1445 1558 1453 39
D 1556 767 2 1437 1557 1455 39
D 1555 761 2 1422 1556 1458 39
D 1420 775 2 1421 1462 1555 13
L 1567 750 59
D 1566 749 2 1397 1567 1399 39
D 1565 747 2 1392 1566 1400 39
D 1564 743 2 1387 1565 1402 39
D 1563 739 2 1375 1564 1404 39
D 1562 731 2 1363 1563 1407 39
D 1561 723 2 1333 1562 1410 39
D 1560 705 2 1275 1561 1415 39
D 1273 751 2 1274 1420 1560 13
L 1574 826 15
L 1577 828 52
L 1578 830 -51
L 1579 828 -52
D 1576 829 2 1577 1578 1579 13
L 1581 832 114
L 1583 834 -115
L 1584 836 -124
L 1585 834 115
D 1582 835 2 1583 1584 1585 13
L 1586 832 -114
D 1580 833 2 1581 1582 1586 13
L 1588 830 51
D 1587 829 2 1577 1588 1579 39
D 1575 831 2 1576 1580 1587 13
L 1589 826 -15
D 1573 827 2 1574 1575 1589 13
L 1591 838 -296
L 1594 840 -101
L 1596 842 100
L 1597 844 -107
L 1598 842 -100
D 1595 843 2 1596 1597 1598 13
L 1599 840 101
D 1593 841 2 1594 1595 1599 13
L 1601 846 -295
L 1603 848 -97
L 1605 850 96
L 1606 852 -104
L 1607 850 -96
D 1604 851 2 1605 1606 1607 13
L 1608 848 97
D 1602 849 2 1603 1604 1608 13
L 1609 846 295
D 1600 847 2 1601 1602 1609 13
L 1612 844 107
D 1611 843 2 1596 1612 1598 39
D 1610 841 2 1594 1611 1599 39
D 1592 845 2 1593 1600 1610 13
L 1613 838 296
D 1590 839 2 1591 1592 1613 13
L 1618 836 124
D 1617 835 2 1583 1618 1585 39
D 1616 833 2 1581 1617 1586 39
D 1615 831 2 1576 1616 1587 39
D 1614 827 2 1574 1615 1589 39
D 1572 837 2 1573 1590 1614 13
L 1621 854 -281
L 1622 856 -283
L 1623 854 281
D 1620 855 2 1621 1622 1623 13
L 1625 858 119
L 1627 860 -130
L 1628 862 -120
L 1629 860 130
D 1626 861 2 1627 1628 1629 13
L 1630 858 -119
D 1624 859 2 1625 1626 1630 13
L 1632 856 283
D 1631 855 2 1621 1632 1623 39
D 1619 857 2 1620 1624 1631 13
L 1639 852 104
D 1638 851 2 1605 1639 1607 39
D 1637 849 2 1603 1638 1608 39
D 1636 847 2 1601 1637 1609 39
D 1635 845 2 1593 1636 1610 39
D 1634 839 2 1591 1635 1613 39
D 1633 837 2 1573 1634 1614 39
D 1571 853 2 1572 1619 1633 13
L 1642 864 -187
L 1643 866 -189
L 1644 864 187
D 1641 865 2 1642 1643 1644 13
L 1647 868 -16
L 1648 870 -191
L 1649 868 16
D 1646 869 2 1647 1648 1649 13
L 1651 872 109
L 1653 874 -110
L 1654 876 -118
L 1655 874 110
D 1652 875 2 1653 1654 1655 13
L 1656 872 -109
D 1650 873 2 1651 1652 1656 13
L 1658 870 191
D 1657 869 2 1647 1658 1649 39
D 1645 871 2 1646 1650 1657 13
L 1660 866 189
D 1659 865 2 1642 1660 1644 39
D 1640 867 2 1641 1645 1659 13
L 1665 862 120
D 1664 861 2 1627 1665 1629 39
D 1663 859 2 1625 1664 1630 39
D 1662 857 2 1620 1663 1631 39
D 1661 853 2 1572 1662 1633 39
D 1570 863 2 1571 1640 1661 13
L 1670 878 -519
L 1671 880 -369
L 1672 878 519
D 1669 879 2 1670 1671 1672 13
L 1674 882 -518
L 1676 884 -364
L 1677 886 -603
L 1678 884 364
D 1675 885 2 1676 1677 1678 13
L 1679 882 518
D 1673 883 2 1674 1675 1679 13
L 1681 880 369
D 1680 879 2 1670 1681 1672 39
D 1668 881 2 1669 1673 1680 13
L 1684 888 -641
L 1685 890 -366
L 1686 888 641
D 1683 889 2 1684 1685 1686 13
L 1688 892 -642
L 1689 894 -602
L 1690 892 642
D 1687 893 2 1688 1689 1690 13
L 1692 890 366
D 1691 889 2 1684 1692 1686 39
D 1682 891 2 1683 1687 1691 13
L 1696 886 603
D 1695 885 2 1676 1696 1678 39
D 1694 883 2 1674 1695 1679 39
D 1693 881 2 1669 1694 1680 39
D 1667 887 2 1668 1682 1693 13
L 1700 896 -449
L 1701 898 -578
L 1702 896 449
D 1699 897 2 1700 1701 1702 13
L 1704 900 -448
L 1705 902 -577
L 1706 900 448
D 1703 901 2 1704 1705 1706 13
L 1708 898 578
D 1707 897 2 1700 1708 1702 39
D 1698 899 2 1699 1703 1707 13
L 1711 904 478
L 1712 906 -477
L 1713 904 -478
D 1710 905 2 1711 1712 1713 13
L 1715 908 580
L 1717 910 -579
L 1718 912 479
L 1719 910 579
D 1716 911 2 1717 1718 1719 13
L 1720 908 -580
D 1714 909 2 1715 1716 1720 13
L 1722 906 477
D 1721 905 2 1711 1722 1713 39
D 1709 907 2 1710 1714 1721 13
L 1725 902 577
D 1724 901 2 1704 1725 1706 39
D 1723 899 2 1699 1724 1707 39
D 1697 903 2 1698 1709 1723 13
L 1729 894 602
D 1728 893 2 1688 1729 1690 39
D 1727 891 2 1683 1728 1691 39
D 1726 887 2 1668 1727 1693 39
D 1666 895 2 1667 1697 1726 13
L 1735 876 118
D 1734 875 2 1653 1735 1655 39
D 1733 873 2 1651 1734 1656 39
D 1732 871 2 1646 1733 1657 39
D 1731 867 2 1641 1732 1659 39
D 1730 863 2 1571 1731 1661 39
D 1569 877 2 1570 1666 1730 13
L 1742 914 -175
L 1745 916 -205
L 1747 918 -206
L 1748 920 -207
L 1749 918 206
D 1746 919 2 1747 1748 1749 13
L 1750 916 205
D 1744 917 2 1745 1746 1750 13
L 1751 922 -204
L 1754 920 207
D 1753 919 2 1747 1754 1749 39
D 1752 917 2 1745 1753 1750 39
D 1743 921 2 1744 1751 1752 13
L 1755 914 175
D 1741 915 2 1742 1743 1755 13
L 1758 924 -199
L 1759 926 203
L 1760 924 199
D 1757 925 2 1758 1759 1760 13
L 1763 928 -188
L 1764 930 -198
L 1765 928 188
D 1762 929 2 1763 1764 1765 13
L 1767 932 -194
L 1769 934 192
L 1770 936 197
L 1771 934 -192
D 1768 935 2 1769 1770 1771 13
L 1772 932 194
D 1766 933 2 1767 1768 1772 13
L 1774 930 198
D 1773 929 2 1763 1774 1765 39
D 1761 931 2 1762 1766 1773 13
L 1776 926 -203
D 1775 925 2 1758 1776 1760 39
D 1756 927 2 1757 1761 1775 13
L 1779 922 204
D 1778 921 2 1744 1779 1752 39
D 1777 915 2 1742 1778 1755 39
D 1740 923 2 1741 1756 1777 13
L 1782 938 -176
L 1783 940 200
L 1784 938 176
D 1781 939 2 1782 1783 1784 13
L 1787 942 190
L 1788 944 202
L 1789 942 -190
D 1786 943 2 1787 1788 1789 13
L 1791 946 -201
L 1792 948 -173
L 1793 946 201
D 1790 947 2 1791 1792 1793 13
L 1795 944 -202
D 1794 943 2 1787 1795 1789 39
D 1785 945 2 1786 1790 1794 13
L 1797 940 -200
D 1796 939 2 1782 1797 1784 39
D 1780 941 2 1781 1785 1796 13
L 1803 936 -197
D 1802 935 2 1769 1803 1771 39
D 1801 933 2 1767 1802 1772 39
D 1800 931 2 1762 1801 1773 39
D 1799 927 2 1757 1800 1775 39
D 1798 923 2 1741 1799 1777 39
D 1739 937 2 1740 1780 1798 13
L 1808 950 -226
L 1810 952 -616
L 1811 954 -335
L 1812 952 616
D 1809 953 2 1810 1811 1812 13
L 1813 950 226
D 1807 951 2 1808 1809 1813 13
L 1815 956 -617
L 1816 958 -575
L 1817 956 617
D 1814 957 2 1815 1816 1817 13
L 1820 954 335
D 1819 953 2 1810 1820 1812 39
D 1818 951 2 1808 1819 1813 39
D 1806 955 2 1807 1814 1818 13
L 1822 960 -639
L 1824 962 415
L 1825 964 414
L 1826 962 -415
D 1823 963 2 1824 1825 1826 13
L 1827 960 639
D 1821 961 2 1822 1823 1827 13
L 1830 958 575
D 1829 957 2 1815 1830 1817 39
D 1828 955 2 1807 1829 1818 39
D 1805 959 2 1806 1821 1828 13
L 1835 966 542
L 1836 968 -541
L 1837 966 -542
D 1834 967 2 1835 1836 1837 13
L 1839 970 -544
L 1840 972 -543
L 1841 970 544
D 1838 971 2 1839 1840 1841 13
L 1843 968 541
D 1842 967 2 1835 1843 1837 39
D 1833 969 2 1834 1838 1842 13
L 1846 974 550
L 1848 976 -405
L 1849 978 -404
L 1850 976 405
D 1847 977 2 1848 1849 1850 13
L 1851 974 -550
D 1845 975 2 1846 1847 1851 13
L 1853 980 -623
L 1854 982 -549
L 1855 980 623
D 1852 981 2 1853 1854 1855 13
L 1858 978 404
D 1857 977 2 1848 1858 1850 39
D 1856 975 2 1846 1857 1851 39
D 1844 979 2 1845 1852 1856 13
L 1861 972 543
D 1860 971 2 1839 1861 1841 39
D 1859 969 2 1834 1860 1842 39
D 1832 973 2 1833 1844 1859 13
L 1864 984 -410
L 1866 986 -545
L 1867 988 -546
L 1868 986 545
D 1865 987 2 1866 1867 1868 13
L 1869 984 410
D 1863 985 2 1864 1865 1869 13
L 1872 990 -361
L 1873 992 260
L 1874 990 361
D 1871 991 2 1872 1873 1874 13
L 1876 994 411
L 1878 996 -22
L 1880 998 -36
L 1881 1000 35
L 1882 998 36
D 1879 999 2 1880 1881 1882 13
L 1883 996 22
D 1877 997 2 1878 1879 1883 13
L 1884 994 -411
D 1875 995 2 1876 1877 1884 13
L 1886 992 -260
D 1885 991 2 1872 1886 1874 39
D 1870 993 2 1871 1875 1885 13
L 1889 988 546
D 1888 987 2 1866 1889 1868 39
D 1887 985 2 1864 1888 1869 39
D 1862 989 2 1863 1870 1887 13
L 1893 982 549
D 1892 981 2 1853 1893 1855 39
D 1891 979 2 1845 1892 1856 39
D 1890 973 2 1833 1891 1859 39
D 1831 983 2 1832 1862 1890 13
L 1897 964 -414
D 1896 963 2 1824 1897 1826 39
D 1895 961 2 1822 1896 1827 39
D 1894 959 2 1806 1895 1828 39
D 1804 965 2 1805 1831 1894 13
L 1902 948 173
D 1901 947 2 1791 1902 1793 39
D 1900 945 2 1786 1901 1794 39
D 1899 941 2 1781 1900 1796 39
D 1898 937 2 1740 1899 1798 39
D 1738 949 2 1739 1804 1898 13
L 1908 1002 -612
L 1909 1004 -613
L 1910 1002 612
D 1907 1003 2 1908 1909 1910 13
L 1913 1006 105
L 1915 1008 -111
L 1916 1010 -106
L 1917 1008 111
D 1914 1009 2 1915 1916 1917 13
L 1918 1006 -105
D 1912 1007 2 1913 1914 1918 13
L 1920 1012 125
L 1922 1014 -126
L 1923 1016 -134
L 1924 1014 126
D 1921 1015 2 1922 1923 1924 13
L 1925 1012 -125
D 1919 1013 2 1920 1921 1925 13
L 1928 1010 106
D 1927 1009 2 1915 1928 1917 39
D 1926 1007 2 1913 1927 1918 39
D 1911 1011 2 1912 1919 1926 13
L 1930 1004 613
D 1929 1003 2 1908 1930 1910 39
D 1906 1005 2 1907 1911 1929 13
L 1932 1018 -429
L 1934 1020 -537
L 1935 1022 -536
L 1936 1020 537
D 1933 1021 2 1934 1935 1936 13
L 1937 1018 429
D 1931 1019 2 1932 1933 1937 13
L 1942 1016 134
D 1941 1015 2 1922 1942 1924 39
D 1940 1013 2 1920 1941 1925 39
D 1939 1011 2 1912 1940 1926 39
D 1938 1005 2 1907 1939 1929 39
D 1905 1017 2 1906 1931 1938 13
L 1945 1024 -611
L 1947 1026 -535
L 1948 1028 -382
L 1949 1026 535
D 1946 1027 2 1947 1948 1949 13
L 1950 1024 611
D 1944 1025 2 1945 1946 1950 13
L 1953 1030 -610
L 1954 1032 -534
L 1955 1030 610
D 1952 1031 2 1953 1954 1955 13
L 1957 1034 430
L 1958 1036 -383
L 1959 1034 -430
D 1956 1035 2 1957 1958 1959 13
L 1961 1032 534
D 1960 1031 2 1953 1961 1955 39
D 1951 1033 2 1952 1956 1960 13
L 1964 1028 382
D 1963 1027 2 1947 1964 1949 39
D 1962 1025 2 1945 1963 1950 39
D 1943 1029 2 1944 1951 1962 13
L 1968 1022 536
D 1967 1021 2 1934 1968 1936 39
D 1966 1019 2 1932 1967 1937 39
D 1965 1017 2 1906 1966 1938 39
D 1904 1023 2 1905 1943 1965 13
L 1974 1038 -512
L 1975 1040 -362
L 1976 1038 512
D 1973 1039 2 1974 1975 1976 13
L 1979 1042 -596
L 1980 1044 -597
L 1981 1042 596
D 1978 1043 2 1979 1980 1981 13
L 1982 1046 -513
L 1984 1044 597
D 1983 1043 2 1979 1984 1981 39
D 1977 1045 2 1978 1982 1983 13
L 1986 1040 362
D 1985 1039 2 1974 1986 1976 39
D 1972 1041 2 1973 1977 1985 13
L 1989 1048 -359
L 1990 1050 -511
L 1991 1048 359
D 1988 1049 2 1989 1990 1991 13
L 1993 1052 -595
L 1995 1054 -510
L 1996 1056 -594
L 1997 1054 510
D 1994 1055 2 1995 1996 1997 13
L 1998 1052 595
D 1992 1053 2 1993 1994 1998 13
L 2000 1050 511
D 1999 1049 2 1989 2000 1991 39
D 1987 1051 2 1988 1992 1999 13
L 2003 1046 513
D 2002 1045 2 1978 2003 1983 39
D 2001 1041 2 1973 2002 1985 39
D 1971 1047 2 1972 1987 2001 13
L 2006 1058 -466
L 2007 1060 -581
L 2008 1058 466
D 2005 1059 2 2006 2007 2008 13
L 2010 1062 420
L 2012 1064 -453
L 2013 1066 -452
L 2014 1064 453
D 2011 1065 2 2012 2013 2014 13
L 2015 1062 -420
D 2009 1063 2 2010 2011 2015 13
L 2017 1060 581
D 2016 1059 2 2006 2017 2008 39
D 2004 1061 2 2005 2009 2016 13
L 2022 1056 594
D 2021 1055 2 1995 2022 1997 39
D 2020 1053 2 1993 2021 1998 39
D 2019 1051 2 1988 2020 1999 39
D 2018 1047 2 1972 2019 2001 39
D 1970 1057 2 1971 2004 2018 13
L 2025 1068 460
L 2026 1070 -459
L 2027 1068 -460
D 2024 1069 2 2025 2026 2027 13
L 2029 1072 -489
L 2031 1074 -582
L 2032 1076 -488
L 2033 1074 582
D 2030 1075 2 2031 2032 2033 13
L 2034 1072 489
D 2028 1073 2 2029 2030 2034 13
L 2036 1070 459
D 2035 1069 2 2025 2036 2027 39
D 2023 1071 2 2024 2028 2035 13
L 2041 1066 452
D 2040 1065 2 2012 2041 2014 39
D 2039 1063 2 2010 2040 2015 39
D 2038 1061 2 2005 2039 2016 39
D 2037 1057 2 1971 2038 2018 39
D 1969 1067 2 1970 2023 2037 13
L 2046 1036 383
D 2045 1035 2 1957 2046 1959 39
D 2044 1033 2 1952 2045 1960 39
D 2043 1029 2 1944 2044 1962 39
D 2042 1023 2 1905 2043 1965 39
D 1903 1037 2 1904 1969 2042 13
L 2055 1000 -35
D 2054 999 2 1880 2055 1882 39
D 2053 997 2 1878 2054 1883 39
D 2052 995 2 1876 2053 1884 39
D 2051 993 2 1871 2052 1885 39
D 2050 989 2 1863 2051 1887 39
D 2049 983 2 1832 2050 1890 39
D 2048 965 2 1805 2049 1894 39
D 2047 949 2 1739 2048 1898 39
D 1737 1001 2 1738 1903 2047 13
L 2060 1078 -231
L 2061 1080 230
L 2062 1078 231
D 2059 1079 2 2060 2061 2062 13
L 2064 1082 -573
L 2066 1084 -462
L 2067 1086 -461
L 2068 1084 462
D 2065 1085 2 2066 2067 2068 13
L 2069 1082 573
D 2063 1083 2 2064 2065 2069 13
L 2071 1080 -230
D 2070 1079 2 2060 2071 2062 39
D 2058 1081 2 2059 2063 2070 13
L 2074 1088 44
L 2077 1090 -276
L 2078 1092 -11
L 2079 1090 276
D 2076 1091 2 2077 2078 2079 13
L 2082 1094 12
L 2084 1096 -27
L 2085 1098 28
L 2086 1096 27
D 2083 1097 2 2084 2085 2086 13
L 2087 1094 -12
D 2081 1095 2 2082 2083 2087 13
L 2089 1100 -232
L 2092 1102 9
L 2093 1104 -10
L 2094 1102 -9
D 2091 1103 2 2092 2093 2094 13
L 2097 1106 -43
L 2098 1108 -45
L 2099 1106 43
D 2096 1107 2 2097 2098 2099 13
L 2100 1110 46
L 2102 1108 45
D 2101 1107 2 2097 2102 2099 39
D 2095 1109 2 2096 2100 2101 13
L 2104 1104 10
D 2103 1103 2 2092 2104 2094 39
D 2090 1105 2 2091 2095 2103 13
L 2105 1100 232
D 2088 1101 2 2089 2090 2105 13
L 2108 1098 -28
D 2107 1097 2 2084 2108 2086 39
D 2106 1095 2 2082 2107 2087 39
D 2080 1099 2 2081 2088 2106 13
L 2110 1092 11
D 2109 1091 2 2077 2110 2079 39
D 2075 1093 2 2076 2080 2109 13
L 2111 1088 -44
D 2073 1089 2 2074 2075 2111 13
L 2114 1112 -665
L 2115 1114 -540
L 2116 1112 665
D 2113 1113 2 2114 2115 2116 13
L 2118 1116 -356
L 2119 1118 -634
L 2120 1116 356
D 2117 1117 2 2118 2119 2120 13
L 2122 1114 540
D 2121 1113 2 2114 2122 2116 39
D 2112 1115 2 2113 2117 2121 13
L 2129 1110 -46
D 2128 1109 2 2096 2129 2101 39
D 2127 1105 2 2091 2128 2103 39
D 2126 1101 2 2089 2127 2105 39
D 2125 1099 2 2081 2126 2106 39
D 2124 1093 2 2076 2125 2109 39
D 2123 1089 2 2074 2124 2111 39
D 2072 1111 2 2073 2112 2123 13
L 2133 1086 461
D 2132 1085 2 2066 2133 2068 39
D 2131 1083 2 2064 2132 2069 39
D 2130 1081 2 2059 2131 2070 39
D 2057 1087 2 2058 2072 2130 13
L 2138 1120 -392
L 2140 1122 128
L 2142 1124 -129
L 2143 1126 -137
L 2144 1124 129
D 2141 1125 2 2142 2143 2144 13
L 2145 1122 -128
D 2139 1123 2 2140 2141 2145 13
L 2146 1120 392
D 2137 1121 2 2138 2139 2146 13
L 2150 1128 -136
L 2152 1130 -151
L 2153 1132 135
L 2154 1130 151
D 2151 1131 2 2152 2153 2154 13
L 2155 1128 136
D 2149 1129 2 2150 2151 2155 13
L 2157 1134 139
L 2159 1136 -156
L 2160 1138 -140
L 2161 1136 156
D 2158 1137 2 2159 2160 2161 13
L 2162 1134 -139
D 2156 1135 2 2157 2158 2162 13
L 2165 1132 -135
D 2164 1131 2 2152 2165 2154 39
D 2163 1129 2 2150 2164 2155 39
D 2148 1133 2 2149 2156 2163 13
L 2168 1140 -557
L 2169 1142 -427
L 2170 1140 557
D 2167 1141 2 2168 2169 2170 13
L 2172 1144 -558
L 2174 1146 -353
L 2175 1148 -454
L 2176 1146 353
D 2173 1147 2 2174 2175 2176 13
L 2177 1144 558
D 2171 1145 2 2172 2173 2177 13
L 2179 1142 427
D 2178 1141 2 2168 2179 2170 39
D 2166 1143 2 2167 2171 2178 13
L 2183 1138 140
D 2182 1137 2 2159 2183 2161 39
D 2181 1135 2 2157 2182 2162 39
D 2180 1133 2 2149 2181 2163 39
D 2147 1139 2 2148 2166 2180 13
L 2187 1126 137
D 2186 1125 2 2142 2187 2144 39
D 2185 1123 2 2140 2186 2145 39
D 2184 1121 2 2138 2185 2146 39
D 2136 1127 2 2137 2147 2184 13
L 2192 1150 341
L 2193 1152 560
L 2194 1150 -341
D 2191 1151 2 2192 2193 2194 13
L 2196 1154 -340
L 2197 1156 -628
L 2198 1154 340
D 2195 1155 2 2196 2197 2198 13
L 2200 1152 -560
D 2199 1151 2 2192 2200 2194 39
D 2190 1153 2 2191 2195 2199 13
L 2203 1158 350
L 2205 1160 -351
L 2206 1162 -349
L 2207 1160 351
D 2204 1161 2 2205 2206 2207 13
L 2208 1158 -350
D 2202 1159 2 2203 2204 2208 13
L 2210 1164 -402
L 2212 1166 -553
L 2214 1168 -113
L 2216 1170 112
L 2217 1172 -123
L 2218 1170 -112
D 2215 1171 2 2216 2217 2218 13
L 2219 1168 113
D 2213 1169 2 2214 2215 2219 13
L 2220 1166 553
D 2211 1167 2 2212 2213 2220 13
L 2221 1164 402
D 2209 1165 2 2210 2211 2221 13
L 2224 1162 349
D 2223 1161 2 2205 2224 2207 39
D 2222 1159 2 2203 2223 2208 39
D 2201 1163 2 2202 2209 2222 13
L 2227 1156 628
D 2226 1155 2 2196 2227 2198 39
D 2225 1153 2 2191 2226 2199 39
D 2189 1157 2 2190 2201 2225 13
L 2230 1174 -498
L 2231 1176 -552
L 2232 1174 498
D 2229 1175 2 2230 2231 2232 13
L 2235 1178 -416
L 2236 1180 -439
L 2237 1178 416
D 2234 1179 2 2235 2236 2237 13
L 2239 1182 -352
L 2240 1184 -633
L 2241 1182 352
D 2238 1183 2 2239 2240 2241 13
L 2243 1180 439
D 2242 1179 2 2235 2243 2237 39
D 2233 1181 2 2234 2238 2242 13
L 2245 1176 552
D 2244 1175 2 2230 2245 2232 39
D 2228 1177 2 2229 2233 2244 13
L 2252 1172 123
D 2251 1171 2 2216 2252 2218 39
D 2250 1169 2 2214 2251 2219 39
D 2249 1167 2 2212 2250 2220 39
D 2248 1165 2 2210 2249 2221 39
D 2247 1163 2 2202 2248 2222 39
D 2246 1157 2 2190 2247 2225 39
D 2188 1173 2 2189 2228 2246 13
L 2258 1148 454
D 2257 1147 2 2174 2258 2176 39
D 2256 1145 2 2172 2257 2177 39
D 2255 1143 2 2167 2256 2178 39
D 2254 1139 2 2148 2255 2180 39
D 2253 1127 2 2137 2254 2184 39
D 2135 1149 2 2136 2188 2253 13
L 2264 1186 -505
L 2265 1188 -504
L 2266 1186 505
D 2263 1187 2 2264 2265 2266 13
L 2268 1190 -153
L 2270 1192 152
L 2271 1194 -164
L 2272 1192 -152
D 2269 1193 2 2270 2271 2272 13
L 2273 1190 153
D 2267 1191 2 2268 2269 2273 13
L 2275 1188 504
D 2274 1187 2 2264 2275 2266 39
D 2262 1189 2 2263 2267 2274 13
L 2279 1196 -419
L 2280 1198 -438
L 2281 1196 419
D 2278 1197 2 2279 2280 2281 13
L 2283 1200 -562
L 2285 1202 -437
L 2286 1204 -406
L 2287 1202 437
D 2284 1203 2 2285 2286 2287 13
L 2288 1200 562
D 2282 1201 2 2283 2284 2288 13
L 2290 1198 438
D 2289 1197 2 2279 2290 2281 39
D 2277 1199 2 2278 2282 2289 13
L 2292 1206 -561
L 2294 1208 -667
L 2295 1210 -588
L 2296 1208 667
D 2293 1209 2 2294 2295 2296 13
L 2297 1206 561
D 2291 1207 2 2292 2293 2297 13
L 2301 1204 406
D 2300 1203 2 2285 2301 2287 39
D 2299 1201 2 2283 2300 2288 39
D 2298 1199 2 2278 2299 2289 39
D 2276 1205 2 2277 2291 2298 13
L 2305 1194 164
D 2304 1193 2 2270 2305 2272 39
D 2303 1191 2 2268 2304 2273 39
D 2302 1189 2 2263 2303 2274 39
D 2261 1195 2 2262 2276 2302 13
L 2309 1212 -589
L 2310 1214 -372
L 2311 1212 589
D 2308 1213 2 2309 2310 2311 13
L 2313 1216 -649
L 2314 1218 -650
L 2315 1216 649
D 2312 1217 2 2313 2314 2315 13
L 2317 1214 372
D 2316 1213 2 2309 2317 2311 39
D 2307 1215 2 2308 2312 2316 13
L 2320 1220 -587
L 2322 1222 -653
L 2324 1224 -656
L 2325 1226 -655
L 2326 1224 656
D 2323 1225 2 2324 2325 2326 13
L 2327 1222 653
D 2321 1223 2 2322 2323 2327 13
L 2328 1220 587
D 2319 1221 2 2320 2321 2328 13
L 2331 1228 632
L 2332 1230 574
L 2333 1228 -632
D 2330 1229 2 2331 2332 2333 13
L 2335 1232 -631
L 2336 1234 -654
L 2337 1232 631
D 2334 1233 2 2335 2336 2337 13
L 2339 1230 -574
D 2338 1229 2 2331 2339 2333 39
D 2329 1231 2 2330 2334 2338 13
L 2343 1226 655
D 2342 1225 2 2324 2343 2326 39
D 2341 1223 2 2322 2342 2327 39
D 2340 1221 2 2320 2341 2328 39
D 2318 1227 2 2319 2329 2340 13
L 2346 1218 650
D 2345 1217 2 2313 2346 2315 39
D 2344 1215 2 2308 2345 2316 39
D 2306 1219 2 2307 2318 2344 13
L 2351 1210 588
D 2350 1209 2 2294 2351 2296 39
D 2349 1207 2 2292 2350 2297 39
D 2348 1205 2 2277 2349 2298 39
D 2347 1195 2 2262 2348 2302 39
D 2260 1211 2 2261 2306 2347 13
L 2356 1236 -442
L 2358 1238 -566
L 2359 1240 -441
L 2360 1238 566
D 2357 1239 2 2358 2359 2360 13
L 2361 1236 442
D 2355 1237 2 2356 2357 2361 13
L 2364 1242 -355
L 2365 1244 -354
L 2366 1242 355
D 2363 1243 2 2364 2365 2366 13
L 2368 1246 -501
L 2370 1248 -586
L 2372 1250 -499
L 2373 1252 -500
L 2374 1250 499
D 2371 1251 2 2372 2373 2374 13
L 2375 1248 586
D 2369 1249 2 2370 2371 2375 13
L 2376 1246 501
D 2367 1247 2 2368 2369 2376 13
L 2378 1244 354
D 2377 1243 2 2364 2378 2366 39
D 2362 1245 2 2363 2367 2377 13
L 2381 1240 441
D 2380 1239 2 2358 2381 2360 39
D 2379 1237 2 2356 2380 2361 39
D 2354 1241 2 2355 2362 2379 13
L 2386 1254 -223
L 2387 1256 -221
L 2388 1254 223
D 2385 1255 2 2386 2387 2388 13
L 2390 1258 -224
L 2391 1260 -220
L 2392 1258 224
D 2389 1259 2 2390 2391 2392 13
L 2394 1256 221
D 2393 1255 2 2386 2394 2388 39
D 2384 1257 2 2385 2389 2393 13
L 2396 1262 -306
L 2398 1264 -302
L 2399 1266 -303
L 2400 1264 302
D 2397 1265 2 2398 2399 2400 13
L 2401 1262 306
D 2395 1263 2 2396 2397 2401 13
L 2404 1260 220
D 2403 1259 2 2390 2404 2392 39
D 2402 1257 2 2385 2403 2393 39
D 2383 1261 2 2384 2395 2402 13
L 2407 1268 -474
L 2408 1270 -401
L 2409 1268 474
D 2406 1269 2 2407 2408 2409 13
L 2410 1272 -472
L 2412 1270 401
D 2411 1269 2 2407 2412 2409 39
D 2405 1271 2 2406 2410 2411 13
L 2416 1266 303
D 2415 1265 2 2398 2416 2400 39
D 2414 1263 2 2396 2415 2401 39
D 2413 1261 2 2384 2414 2402 39
D 2382 1267 2 2383 2405 2413 13
L 2422 1252 500
D 2421 1251 2 2372 2422 2374 39
D 2420 1249 2 2370 2421 2375 39
D 2419 1247 2 2368 2420 2376 39
D 2418 1245 2 2363 2419 2377 39
D 2417 1241 2 2355 2418 2379 39
D 2353 1253 2 2354 2382 2417 13
L 2425 1274 -400
L 2428 1276 -664
L 2429 1278 -473
L 2430 1276 664
D 2427 1277 2 2428 2429 2430 13
L 2432 1280 -618
L 2434 1282 -619
L 2435 1284 -471
L 2436 1282 619
D 2433 1283 2 2434 2435 2436 13
L 2437 1280 618
D 2431 1281 2 2432 2433 2437 13
L 2439 1278 473
D 2438 1277 2 2428 2439 2430 39
D 2426 1279 2 2427 2431 2438 13
L 2440 1274 400
D 2424 1275 2 2425 2426 2440 13
L 2444 1286 -455
L 2445 1288 428
L 2446 1286 455
D 2443 1287 2 2444 2445 2446 13
L 2448 1290 -464
L 2449 1292 -638
L 2450 1290 464
D 2447 1291 2 2448 2449 2450 13
L 2452 1288 -428
D 2451 1287 2 2444 2452 2446 39
D 2442 1289 2 2443 2447 2451 13
L 2456 1294 -606
L 2457 1296 -379
L 2458 1294 606
D 2455 1295 2 2456 2457 2458 13
L 2459 1298 -529
L 2461 1296 379
D 2460 1295 2 2456 2461 2458 39
D 2454 1297 2 2455 2459 2460 13
L 2464 1300 -528
L 2466 1302 -398
L 2467 1304 -607
L 2468 1302 398
D 2465 1303 2 2466 2467 2468 13
L 2469 1300 528
D 2463 1301 2 2464 2465 2469 13
L 2473 1306 132
L 2475 1308 -133
L 2476 1310 -138
L 2477 1308 133
D 2474 1309 2 2475 2476 2477 13
L 2478 1306 -132
D 2472 1307 2 2473 2474 2478 13
L 2480 1312 141
L 2482 1314 -142
L 2483 1316 -157
L 2484 1314 142
D 2481 1315 2 2482 2483 2484 13
L 2485 1312 -141
D 2479 1313 2 2480 2481 2485 13
L 2488 1310 138
D 2487 1309 2 2475 2488 2477 39
D 2486 1307 2 2473 2487 2478 39
D 2471 1311 2 2472 2479 2486 13
L 2491 1318 -637
L 2492 1320 -463
L 2493 1318 637
D 2490 1319 2 2491 2492 2493 13
L 2496 1322 102
L 2498 1324 -103
L 2499 1326 -108
L 2500 1324 103
D 2497 1325 2 2498 2499 2500 13
L 2501 1322 -102
D 2495 1323 2 2496 2497 2501 13
L 2503 1328 116
L 2505 1330 -117
L 2506 1332 -127
L 2507 1330 117
D 2504 1331 2 2505 2506 2507 13
L 2508 1328 -116
D 2502 1329 2 2503 2504 2508 13
L 2511 1326 108
D 2510 1325 2 2498 2511 2500 39
D 2509 1323 2 2496 2510 2501 39
D 2494 1327 2 2495 2502 2509 13
L 2513 1320 463
D 2512 1319 2 2491 2513 2493 39
D 2489 1321 2 2490 2494 2512 13
L 2517 1316 157
D 2516 1315 2 2482 2517 2484 39
D 2515 1313 2 2480 2516 2485 39
D 2514 1311 2 2472 2515 2486 39
D 2470 1317 2 2471 2489 2514 13
L 2520 1304 607
D 2519 1303 2 2466 2520 2468 39
D 2518 1301 2 2464 2519 2469 39
D 2462 1305 2 2463 2470 2518 13
L 2522 1298 529
D 2521 1297 2 2455 2522 2460 39
D 2453 1299 2 2454 2462 2521 13
L 2525 1292 638
D 2524 1291 2 2448 2525 2450 39
D 2523 1289 2 2443 2524 2451 39
D 2441 1293 2 2442 2453 2523 13
L 2530 1284 471
D 2529 1283 2 2434 2530 2436 39
D 2528 1281 2 2432 2529 2437 39
D 2527 1279 2 2427 2528 2438 39
D 2526 1275 2 2425 2527 2440 39
D 2423 1285 2 2424 2441 2526 13
L 2534 1272 472
D 2533 1271 2 2406 2534 2411 39
D 2532 1267 2 2383 2533 2413 39
D 2531 1253 2 2354 2532 2417 39
D 2352 1273 2 2353 2423 2531 13
L 2540 1234 654
D 2539 1233 2 2335 2540 2337 39
D 2538 1231 2 2330 2539 2338 39
D 2537 1227 2 2319 2538 2340 39
D 2536 1219 2 2307 2537 2344 39
D 2535 1211 2 2261 2536 2347 39
D 2259 1235 2 2260 2352 2535 13
L 2546 1184 633
D 2545 1183 2 2239 2546 2241 39
D 2544 1181 2 2234 2545 2242 39
D 2543 1177 2 2229 2544 2244 39
D 2542 1173 2 2189 2543 2246 39
D 2541 1149 2 2136 2542 2253 39
D 2134 1185 2 2135 2259 2541 13
L 2551 1118 634
D 2550 1117 2 2118 2551 2120 39
D 2549 1115 2 2113 2550 2121 39
D 2548 1111 2 2073 2549 2123 39
D 2547 1087 2 2058 2548 2130 39
D 2056 1119 2 2057 2134 2547 13
L 2558 1076 488
D 2557 1075 2 2031 2558 2033 39
D 2556 1073 2 2029 2557 2034 39
D 2555 1071 2 2024 2556 2035 39
D 2554 1067 2 1970 2555 2037 39
D 2553 1037 2 1904 2554 2042 39
D 2552 1001 2 1738 2553 2047 39
D 1736 1077 2 1737 2056 2552 13
L 2565 912 -479
D 2564 911 2 1717 2565 1719 39
D 2563 909 2 1715 2564 1720 39
D 2562 907 2 1710 2563 1721 39
D 2561 903 2 1698 2562 1723 39
D 2560 895 2 1667 2561 1726 39
D 2559 877 2 1570 2560 1730 39
D 1568 913 2 1569 1736 2559 13
L 2572 824 -426
D 2571 823 2 1542 2572 1544 39
D 2570 821 2 1540 2571 1545 39
D 2569 819 2 1524 2570 1546 39
D 2568 809 2 1463 2569 1549 39
D 2567 775 2 1421 2568 1555 39
D 2566 751 2 1274 2567 1560 39
D 1272 825 2 1273 1568 2566 13
L 2581 672 255
D 2580 671 2 1244 2581 1246 39
D 2579 669 2 1239 2580 1247 39
D 2578 665 2 1234 2579 1249 39
D 2577 661 2 1206 2578 1251 39
D 2576 645 2 1194 2577 1254 39
D 2575 637 2 1152 2576 1257 39
D 2574 613 2 1094 2575 1262 39
D 2573 581 2 1060 2574 1267 39
D 1058 673 2 1059 1272 2573 13
L 2589 560 389
D 2588 559 2 1032 2589 1034 39
D 2587 557 2 1027 2588 1035 39
D 2586 553 2 1019 2587 1037 39
D 2585 547 2 1007 2586 1040 39
D 2584 539 2 984 2585 1043 39
D 2583 525 2 918 2584 1047 39
D 2582 489 2 845 2583 1052 39
D 843 561 2 844 1058 2582 13
L 2599 448 -145
D 2598 447 2 812 2599 814 39
D 2597 445 2 810 2598 815 39
D 2596 443 2 808 2597 816 39
D 2595 441 2 806 2596 817 39
D 2594 439 2 789 2595 818 39
D 2593 429 2 761 2594 820 39
D 2592 413 2 732 2593 823 39
D 2591 395 2 692 2592 829 39
D 2590 371 2 476 2591 836 39
D 474 449 2 475 843 2590 13
L 2605 258 614
D 2604 257 2 461 2605 463 39
D 2603 255 2 459 2604 464 39
D 2602 253 2 447 2603 465 39
D 2601 245 2 445 2602 468 39
D 2600 243 2 419 2601 469 39
D 417 259 2 418 474 2600 13
L 2612 226 172
D 2611 225 2 388 2612 393 39
D 2610 221 2 371 2611 395 39
D 2609 211 2 322 2610 397 39
D 2608 183 2 248 2609 403 39
D 2607 143 2 225 2608 408 39
D 2606 129 2 151 2607 412 39
D 149 227 2 150 417 2606 13
L 2619 88 -74
D 2618 87 2 132 2619 134 39
D 2617 85 2 130 2618 135 39
D 2616 83 2 125 2617 136 39
D 2615 79 2 98 2616 138 39
D 2614 63 2 86 2615 142 39
D 2613 55 2 75 2614 145 39
D 73 89 2 74 149 2613 13
L 2624 46 621
D 2623 45 2 63 2624 65 39
D 2622 43 2 58 2623 66 39
D 2621 39 2 53 2622 68 39
D 2620 35 2 45 2621 70 39
D 43 47 2 44 73 2620 13
L 2628 28 377
D 2627 27 2 34 2628 36 39
D 2626 25 2 29 2627 37 39
D 2625 21 2 21 2626 40 39
D 19 29 2 20 43 2625 13
L 2630 14 503
D 2629 13 2 16 2630 18 39
D 14 15 2 15 19 2629 13
L 2632 10 524
D 2631 9 2 10 2632 12 39
D 8 11 2 9 14 2631 13
L 2633 6 357
D 6 7 2 7 8 2633 13
L 2634 4 338
D 4 5 2 5 6 2634 13
L 2635 2 -343
D 2643 19 2 26 42 24 13
D 2642 17 2 27 2643 22 13
D 2645 23 2 32 38 30 13
D 2646 23 2 32 31 30 39
D 2644 25 2 2645 33 2646 13
D 2648 19 2 26 25 24 39
D 2647 17 2 27 2648 22 39
D 2641 21 2 2642 2644 2647 13
D 2652 49 2 84 77 76 13
D 2657 65 2 103 109 101 13
D 2658 65 2 103 102 101 39
D 2656 67 2 2657 104 2658 13
D 2660 73 2 114 120 112 13
D 2661 73 2 114 113 112 39
D 2659 75 2 2660 115 2661 13
D 2662 67 2 2657 122 2658 39
D 2655 71 2 2656 2659 2662 13
D 2664 81 2 128 137 126 13
D 2666 87 2 134 2619 132 13
D 2665 85 2 130 2666 135 13
D 2667 81 2 128 127 126 39
D 2663 83 2 2664 2665 2667 13
D 2669 75 2 2660 140 2661 39
D 2668 71 2 2656 2669 2662 39
D 2654 79 2 2655 2663 2668 13
D 2653 63 2 86 2654 142 13
D 2670 49 2 84 146 76 39
D 2651 55 2 2652 2653 2670 13
D 2677 99 2 167 175 169 13
D 2678 103 2 171 197 173 13
D 2679 99 2 167 168 169 39
D 2676 101 2 2677 2678 2679 13
D 2683 111 2 184 194 182 13
D 2682 109 2 185 2683 180 13
D 2681 107 2 186 2682 178 13
D 2684 115 2 190 223 188 13
D 2687 111 2 184 183 182 39
D 2686 109 2 185 2687 180 39
D 2685 107 2 186 2686 178 39
D 2680 113 2 2681 2684 2685 13
D 2689 103 2 171 172 173 39
D 2688 101 2 2677 2689 2679 39
D 2675 105 2 2676 2680 2688 13
D 2674 97 2 153 2675 198 13
D 2693 115 2 190 189 188 39
D 2692 113 2 2681 2693 2685 39
D 2691 105 2 2676 2692 2688 39
D 2690 97 2 153 2691 198 39
D 2673 117 2 2674 201 2690 13
D 2697 131 2 230 229 228 13
D 2698 131 2 230 236 228 39
D 2696 133 2 2697 231 2698 13
D 2699 133 2 2697 245 2698 39
D 2695 137 2 2696 237 2699 13
D 2706 167 2 282 320 280 13
D 2705 165 2 283 2706 278 13
D 2704 163 2 266 2705 284 13
D 2703 155 2 255 2704 287 13
D 2702 147 2 250 2703 291 13
D 2711 167 2 282 281 280 39
D 2710 165 2 283 2711 278 39
D 2709 163 2 266 2710 284 39
D 2708 155 2 255 2709 287 39
D 2707 147 2 250 2708 291 39
D 2701 169 2 2702 293 2707 13
D 2718 193 2 336 342 334 13
D 2719 197 2 340 369 338 13
D 2720 193 2 336 335 334 39
D 2717 195 2 2718 2719 2720 13
D 2716 191 2 328 2717 343 13
D 2715 187 2 326 2716 345 13
D 2714 185 2 346 2715 324 13
D 2722 201 2 351 350 349 13
D 2723 201 2 351 363 349 39
D 2721 203 2 2722 352 2723 13
D 2728 197 2 340 339 338 39
D 2727 195 2 2718 2728 2720 39
D 2726 191 2 328 2727 343 39
D 2725 187 2 326 2726 345 39
D 2724 185 2 346 2725 324 39
D 2713 199 2 2714 2721 2724 13
D 2731 223 2 391 390 389 13
D 2732 223 2 391 394 389 39
D 2730 225 2 2731 392 2732 13
D 2729 221 2 371 2730 395 13
D 2734 203 2 2722 399 2723 39
D 2733 199 2 2714 2734 2724 39
D 2712 211 2 2713 2729 2733 13
D 2735 169 2 2702 404 2707 39
D 2700 183 2 2701 2712 2735 13
D 2736 137 2 2696 409 2699 39
D 2694 143 2 2695 2700 2736 13
D 2737 117 2 2674 413 2690 39
D 2672 129 2 2673 2694 2737 13
D 2743 233 2 427 426 425 13
D 2742 231 2 423 2743 428 13
D 2741 229 2 421 2742 429 13
D 2746 233 2 427 443 425 39
D 2745 231 2 423 2746 428 39
D 2744 229 2 421 2745 429 39
D 2740 235 2 2741 430 2744 13
D 2751 249 2 451 456 453 13
D 2752 249 2 451 452 453 39
D 2750 251 2 2751 467 2752 13
D 2749 247 2 448 2750 457 13
D 2753 255 2 464 460 459 13
D 2755 251 2 2751 454 2752 39
D 2754 247 2 448 2755 457 39
D 2748 253 2 2749 2753 2754 13
D 2747 245 2 445 2748 468 13
D 2756 235 2 2741 470 2744 39
D 2739 243 2 2740 2747 2756 13
D 2763 293 2 535 547 540 13
D 2764 293 2 535 539 540 39
D 2762 295 2 2763 542 2764 13
D 2770 309 2 562 586 560 13
D 2769 307 2 558 2770 563 13
D 2768 305 2 553 2769 564 13
D 2767 301 2 566 2768 551 13
D 2772 313 2 569 581 571 13
D 2774 317 2 576 575 574 13
D 2775 317 2 576 579 574 39
D 2773 319 2 2774 577 2775 13
D 2776 313 2 569 570 571 39
D 2771 315 2 2772 2773 2776 13
D 2780 309 2 562 561 560 39
D 2779 307 2 558 2780 563 39
D 2778 305 2 553 2779 564 39
D 2777 301 2 566 2778 551 39
D 2766 311 2 2767 2771 2777 13
D 2783 323 2 592 601 590 13
D 2784 323 2 592 591 590 39
D 2782 325 2 2783 593 2784 13
D 2786 337 2 610 609 608 13
D 2785 335 2 603 2786 611 13
D 2787 325 2 2783 614 2784 39
D 2781 331 2 2782 2785 2787 13
D 2790 319 2 2774 620 2775 39
D 2789 315 2 2772 2790 2776 39
D 2788 311 2 2767 2789 2777 39
D 2765 321 2 2766 2781 2788 13
D 2791 295 2 2763 622 2764 39
D 2761 299 2 2762 2765 2791 13
D 2795 369 2 669 842 671 13
D 2794 367 2 672 2795 667 13
D 2793 365 2 659 2794 673 13
D 2792 359 2 625 2793 676 13
D 2800 337 2 610 686 608 39
D 2799 335 2 603 2800 611 39
D 2798 331 2 2782 2799 2787 39
D 2797 321 2 2766 2798 2788 39
D 2796 299 2 2762 2797 2791 39
D 2760 339 2 2761 2792 2796 13
D 2759 289 2 477 2760 687 13
D 2805 401 2 741 740 739 13
D 2804 399 2 734 2805 742 13
D 2807 401 2 741 759 739 39
D 2806 399 2 734 2807 742 39
D 2803 403 2 2804 744 2806 13
D 2808 403 2 2804 824 2806 39
D 2802 413 2 2803 760 2808 13
D 2801 395 2 692 2802 829 13
D 2814 369 2 669 670 671 39
D 2813 367 2 672 2814 667 39
D 2812 365 2 659 2813 673 39
D 2811 359 2 625 2812 676 39
D 2810 339 2 2761 2811 2796 39
D 2809 289 2 477 2810 687 39
D 2758 371 2 2759 2801 2809 13
D 2821 459 2 858 859 860 890
D 2820 457 2 853 2821 861 13
D 2819 453 2 848 2820 863 13
D 2823 463 2 872 868 867 13
D 2824 463 2 872 885 867 39
D 2822 467 2 2823 873 2824 13
D 2827 459 2 860 859 858 890
D 2826 457 2 853 2827 861 39
D 2825 453 2 848 2826 863 39
D 2818 461 2 2819 2822 2825 13
D 2831 487 2 906 1057 904 13
D 2830 485 2 902 2831 907 13
D 2829 483 2 897 2830 908 13
D 2828 479 2 892 2829 910 13
D 2833 467 2 2823 914 2824 39
D 2832 461 2 2819 2833 2825 39
D 2817 475 2 2818 2828 2832 13
D 2838 491 2 924 923 922 13
D 2840 497 2 930 948 928 13
D 2839 495 2 926 2840 931 13
D 2841 491 2 924 933 922 39
D 2837 493 2 2838 2839 2841 13
D 2843 501 2 938 944 936 13
D 2844 501 2 938 937 936 39
D 2842 503 2 2843 939 2844 13
D 2847 497 2 930 929 928 39
D 2846 495 2 926 2847 931 39
D 2845 493 2 2838 2846 2841 39
D 2836 499 2 2837 2842 2845 13
D 2850 513 2 964 957 956 13
D 2849 511 2 951 2850 965 13
D 2851 521 2 973 969 968 13
D 2853 513 2 964 976 956 39
D 2852 511 2 951 2853 965 39
D 2848 519 2 2849 2851 2852 13
D 2855 503 2 2843 981 2844 39
D 2854 499 2 2837 2855 2845 39
D 2835 507 2 2836 2848 2854 13
D 2859 527 2 989 988 987 13
D 2860 527 2 989 995 987 39
D 2858 529 2 2859 990 2860 13
D 2861 529 2 2859 1004 2860 39
D 2857 533 2 2858 996 2861 13
D 2864 541 2 1009 1017 1011 13
D 2865 545 2 1015 1014 1013 13
D 2866 541 2 1009 1010 1011 39
D 2863 543 2 2864 2865 2866 13
D 2869 551 2 1022 1039 1024 13
D 2868 549 2 1025 2869 1020 13
D 2871 555 2 1030 1029 1028 13
D 2872 555 2 1030 1036 1028 39
D 2870 557 2 2871 1031 2872 13
D 2874 551 2 1022 1023 1024 39
D 2873 549 2 1025 2874 1020 39
D 2867 553 2 2868 2870 2873 13
D 2876 545 2 1015 1042 1013 39
D 2875 543 2 2864 2876 2866 39
D 2862 547 2 2863 2867 2875 13
D 2877 533 2 2858 1044 2861 39
D 2856 539 2 2857 2862 2877 13
D 2880 521 2 973 1050 968 39
D 2879 519 2 2849 2880 2852 39
D 2878 507 2 2836 2879 2854 39
D 2834 525 2 2835 2856 2878 13
D 2882 461 2 847 2822 887 13
D 2886 459 2 860 890 858 13
D 2885 457 2 853 2886 861 13
D 2884 453 2 848 2885 863 13
D 2889 459 2 860 859 858 39
D 2888 457 2 853 2889 861 39
D 2887 453 2 848 2888 863 39
D 2883 461 2 2884 2822 2887 13
D 2892 481 2 900 909 898 13
D 2893 481 2 900 899 898 39
D 2891 483 2 2892 901 2893 13
D 2890 479 2 892 2891 910 13
D 2881 475 3 2882 891 2883 2890 2832 13
D 2897 493 2 2838 925 2841 13
D 2898 493 2 2838 946 2841 39
D 2896 499 2 2897 2842 2898 13
D 2899 499 2 2897 2855 2898 39
D 2895 507 2 2896 2848 2899 13
D 2900 507 2 2896 2879 2899 39
D 2894 525 2 2895 2856 2900 13
D 2905 487 2 906 905 904 39
D 2904 485 2 902 2905 907 39
D 2906 481 2 898 909 900 899
D 2903 483 3 2892 1055 897 2904 2906 39
D 2902 479 2 892 2903 910 39
D 2910 487 2 904 1057 906 905
D 2909 485 2 902 2910 907 39
D 2908 483 2 897 2909 908 39
D 2907 479 2 892 2908 910 39
D 2901 475 3 2883 2902 2882 2907 2832 39
D 2816 489 3 2817 2834 2881 2894 2901 13
D 2915 563 2 1065 1064 1063 13
D 2916 563 2 1065 1068 1063 39
D 2914 565 2 2915 1066 2916 13
D 2919 571 2 1073 1090 1075 13
D 2918 569 2 1076 2919 1071 13
D 2921 571 2 1073 1074 1075 39
D 2920 569 2 1076 2921 1071 39
D 2917 573 2 2918 1077 2920 13
D 2922 565 2 2915 1092 2916 39
D 2913 567 2 2914 2917 2922 13
D 2928 599 2 1121 1129 1123 13
D 2929 603 2 1125 1145 1127 13
D 2930 599 2 1121 1122 1123 39
D 2927 601 2 2928 2929 2930 13
D 2926 597 2 1118 2927 1130 13
D 2932 607 2 1135 1134 1133 13
D 2933 607 2 1135 1141 1133 39
D 2931 609 2 2932 1136 2933 13
D 2936 603 2 1125 1126 1127 39
D 2935 601 2 2928 2936 2930 39
D 2934 597 2 1118 2935 1130 39
D 2925 605 2 2926 2931 2934 13
D 2924 595 2 1095 2925 1146 13
D 2940 615 2 1157 1156 1155 13
D 2941 615 2 1157 1167 1155 39
D 2939 617 2 2940 1158 2941 13
D 2942 617 2 2940 1191 2941 39
D 2938 623 2 2939 1168 2942 13
D 2949 651 2 1215 1222 1213 13
D 2948 649 2 1211 2949 1216 13
D 2947 647 2 1209 2948 1217 13
D 2952 651 2 1215 1214 1213 39
D 2951 649 2 1211 2952 1216 39
D 2950 647 2 1209 2951 1217 39
D 2946 653 2 2947 1232 2950 13
D 2954 657 2 1225 1230 1227 13
D 2955 657 2 1225 1226 1227 39
D 2953 659 2 2954 1228 2955 13
D 2956 653 2 2947 1218 2950 39
D 2945 655 2 2946 2953 2956 13
D 2959 667 2 1240 1248 1242 13
D 2960 667 2 1240 1241 1242 39
D 2958 669 2 2959 1243 2960 13
D 2957 665 2 1234 2958 1249 13
D 2962 659 2 2954 1253 2955 39
D 2961 655 2 2946 2962 2956 39
D 2944 661 2 2945 2957 2961 13
D 2943 645 2 1194 2944 1254 13
D 2963 623 2 2939 1258 2942 39
D 2937 637 2 2938 2943 2963 13
D 2966 609 2 2932 1265 2933 39
D 2965 605 2 2926 2966 2934 39
D 2964 595 2 1095 2965 1146 39
D 2923 613 2 2924 2937 2964 13
D 2968 573 2 2918 1269 2920 39
D 2967 567 2 2914 2968 2922 39
D 2912 581 2 2913 2923 2967 13
D 2975 675 2 1284 1280 1279 13
D 2977 683 2 1288 1309 1290 13
D 2976 681 2 1286 2977 1291 13
D 2978 675 2 1284 1293 1279 39
D 2974 679 2 2975 2976 2978 13
D 2980 687 2 1299 1305 1297 13
D 2981 691 2 1301 1331 1303 13
D 2982 687 2 1299 1298 1297 39
D 2979 689 2 2980 2981 2982 13
D 2985 683 2 1288 1289 1290 39
D 2984 681 2 1286 2985 1291 39
D 2983 679 2 2975 2984 2978 39
D 2973 685 2 2974 2979 2983 13
D 2987 701 2 1324 1320 1319 13
D 2986 699 2 1311 2987 1325 13
D 2990 691 2 1301 1302 1303 39
D 2989 689 2 2980 2990 2982 39
D 2988 685 2 2974 2989 2983 39
D 2972 693 2 2973 2986 2988 13
D 2994 711 2 1342 1361 1340 13
D 2993 709 2 1335 2994 1343 13
D 2996 711 2 1342 1341 1340 39
D 2995 709 2 1335 2996 1343 39
D 2992 713 2 2993 1345 2995 13
D 2997 713 2 2993 1411 2995 39
D 2991 723 2 2992 1362 2997 13
D 3000 701 2 1324 1418 1319 39
D 2999 699 2 1311 3000 1325 39
D 2998 693 2 2973 2999 2988 39
D 2971 705 2 2972 2991 2998 13
D 3004 753 2 1426 1425 1424 13
D 3006 759 2 1432 1431 1430 13
D 3005 757 2 1433 3006 1428 13
D 3007 753 2 1426 1435 1424 39
D 3003 755 2 3004 3005 3007 13
D 3010 773 2 1450 1559 1452 13
D 3009 771 2 1445 3010 1453 13
D 3008 767 2 1437 3009 1455 13
D 3013 759 2 1432 1461 1430 39
D 3012 757 2 1433 3013 1428 39
D 3011 755 2 3004 3012 3007 39
D 3002 761 2 3003 3008 3011 13
D 3017 779 2 1466 1484 1471 13
D 3018 779 2 1466 1470 1471 39
D 3016 781 2 3017 1473 3018 13
D 3019 781 2 3017 1519 3018 39
D 3015 789 2 3016 1485 3019 13
D 3023 813 2 1530 1529 1528 13
D 3022 811 2 1526 3023 1531 13
D 3024 817 2 1533 1548 1535 13
D 3026 813 2 1530 1538 1528 39
D 3025 811 2 1526 3026 1531 39
D 3021 815 2 3022 3024 3025 13
D 3028 817 2 1533 1534 1535 39
D 3027 815 2 3022 3028 3025 39
D 3020 819 2 3021 1539 3027 13
D 3029 789 2 3016 1550 3019 39
D 3014 809 2 3015 3020 3029 13
D 3033 773 2 1450 1451 1452 39
D 3032 771 2 1445 3033 1453 39
D 3031 767 2 1437 3032 1455 39
D 3030 761 2 3003 3031 3011 39
D 3001 775 2 3002 3014 3030 13
D 3035 723 2 2992 1562 2997 39
D 3034 705 2 2972 3035 2998 39
D 2970 751 2 2971 3001 3034 13
D 3041 827 2 1589 1575 1574 13
D 3042 827 2 1589 1615 1574 39
D 3040 837 2 3041 1590 3042 13
D 3043 837 2 3041 1634 3042 39
D 3039 853 2 3040 1619 3043 13
D 3046 869 2 1649 1648 1647 13
D 3047 869 2 1649 1658 1647 39
D 3045 871 2 3046 1650 3047 13
D 3044 867 2 1641 3045 1659 13
D 3048 853 2 3040 1662 3043 39
D 3038 863 2 3039 3044 3048 13
D 3051 871 2 3046 1733 3047 39
D 3050 867 2 1641 3051 1659 39
D 3049 863 2 3039 3050 3048 39
D 3037 877 2 3038 1666 3049 13
D 3058 925 2 1758 1776 1760 13
D 3060 929 2 1765 1764 1763 13
D 3062 935 2 1771 1803 1769 13
D 3061 933 2 1767 3062 1772 13
D 3063 929 2 1765 1774 1763 39
D 3059 931 2 3060 3061 3063 13
D 3064 925 2 1758 1759 1760 39
D 3057 927 2 3058 3059 3064 13
D 3056 923 2 1741 3057 1777 13
D 3066 939 2 1782 1797 1784 13
D 3068 943 2 1789 1795 1787 13
D 3069 943 2 1789 1788 1787 39
D 3067 945 2 3068 1790 3069 13
D 3070 939 2 1782 1783 1784 39
D 3065 941 2 3066 3067 3070 13
D 3075 935 2 1771 1770 1769 39
D 3074 933 2 1767 3075 1772 39
D 3073 931 2 3060 3074 3063 39
D 3072 927 2 3058 3073 3064 39
D 3071 923 2 1741 3072 1777 39
D 3055 937 2 3056 3065 3071 13
D 3079 951 2 1813 1809 1808 13
D 3080 951 2 1813 1819 1808 39
D 3078 955 2 3079 1814 3080 13
D 3082 963 2 1824 1897 1826 13
D 3081 961 2 1822 3082 1827 13
D 3083 955 2 3079 1829 3080 39
D 3077 959 2 3078 3081 3083 13
D 3087 967 2 1837 1836 1835 13
D 3088 967 2 1837 1843 1835 39
D 3086 969 2 3087 1838 3088 13
D 3090 975 2 1851 1847 1846 13
D 3091 975 2 1851 1857 1846 39
D 3089 979 2 3090 1852 3091 13
D 3092 969 2 3087 1860 3088 39
D 3085 973 2 3086 3089 3092 13
D 3095 991 2 1872 1886 1874 13
D 3098 999 2 1882 2055 1880 13
D 3097 997 2 1883 3098 1878 13
D 3096 995 2 1876 3097 1884 13
D 3099 991 2 1872 1873 1874 39
D 3094 993 2 3095 3096 3099 13
D 3093 989 2 1863 3094 1887 13
D 3101 979 2 3090 1892 3091 39
D 3100 973 2 3086 3101 3092 39
D 3084 983 2 3085 3093 3100 13
D 3104 963 2 1824 1825 1826 39
D 3103 961 2 1822 3104 1827 39
D 3102 959 2 3078 3103 3083 39
D 3076 965 2 3077 3084 3102 13
D 3107 945 2 3068 1901 3069 39
D 3106 941 2 3066 3107 3070 39
D 3105 937 2 3056 3106 3071 39
D 3054 949 2 3055 3076 3105 13
D 3112 1003 2 1908 1930 1910 13
D 3113 1003 2 1908 1909 1910 39
D 3111 1005 2 3112 1911 3113 13
D 3115 1021 2 1936 1968 1934 13
D 3114 1019 2 1932 3115 1937 13
D 3116 1005 2 3112 1939 3113 39
D 3110 1017 2 3111 3114 3116 13
D 3118 1025 2 1950 1946 1945 13
D 3119 1025 2 1950 1963 1945 39
D 3117 1029 2 3118 1951 3119 13
D 3122 1021 2 1936 1935 1934 39
D 3121 1019 2 1932 3122 1937 39
D 3120 1017 2 3111 3121 3116 39
D 3109 1023 2 3110 3117 3120 13
D 3127 1065 2 2014 2041 2012 13
D 3126 1063 2 2015 3127 2010 13
D 3125 1061 2 2005 3126 2016 13
D 3124 1057 2 1971 3125 2018 13
D 3129 1069 2 2027 2026 2025 13
D 3130 1069 2 2027 2036 2025 39
D 3128 1071 2 3129 2028 3130 13
D 3134 1065 2 2014 2013 2012 39
D 3133 1063 2 2015 3134 2010 39
D 3132 1061 2 2005 3133 2016 39
D 3131 1057 2 1971 3132 2018 39
D 3123 1067 2 3124 3128 3131 13
D 3136 1029 2 3118 2044 3119 39
D 3135 1023 2 3110 3136 3120 39
D 3108 1037 2 3109 3123 3135 13
D 3144 999 2 1882 1881 1880 39
D 3143 997 2 1883 3144 1878 39
D 3142 995 2 1876 3143 1884 39
D 3141 993 2 3095 3142 3099 39
D 3140 989 2 1863 3141 1887 39
D 3139 983 2 3085 3140 3100 39
D 3138 965 2 3077 3139 3102 39
D 3137 949 2 3055 3138 3105 39
D 3053 1001 2 3054 3108 3137 13
D 3148 1079 2 2060 2071 2062 13
D 3150 1085 2 2068 2133 2066 13
D 3149 1083 2 2069 3150 2064 13
D 3151 1079 2 2060 2061 2062 39
D 3147 1081 2 3148 3149 3151 13
D 3154 1085 2 2068 2067 2066 39
D 3153 1083 2 2069 3154 2064 39
D 3152 1081 2 3148 3153 3151 39
D 3146 1087 2 3147 2072 3152 13
D 3160 1151 2 2194 2193 2192 13
D 3161 1151 2 2194 2200 2192 39
D 3159 1153 2 3160 2195 3161 13
D 3162 1153 2 3160 2226 3161 39
D 3158 1157 2 3159 2201 3162 13
D 3164 1175 2 2230 2245 2232 13
D 3165 1175 2 2230 2231 2232 39
D 3163 1177 2 3164 2233 3165 13
D 3166 1157 2 3159 2247 3162 39
D 3157 1173 2 3158 3163 3166 13
D 3156 1149 2 2136 3157 2253 13
D 3171 1217 2 2313 2346 2315 13
D 3170 1215 2 2308 3171 2316 13
D 3173 1217 2 2313 2314 2315 39
D 3172 1215 2 2308 3173 2316 39
D 3169 1219 2 3170 2318 3172 13
D 3168 1211 2 2261 3169 2347 13
D 3179 1255 2 2388 2387 2386 13
D 3180 1259 2 2392 2404 2390 13
D 3181 1255 2 2388 2394 2386 39
D 3178 1257 2 3179 3180 3181 13
D 3183 1259 2 2392 2391 2390 39
D 3182 1257 2 3179 3183 3181 39
D 3177 1261 2 3178 2395 3182 13
D 3185 1269 2 2407 2412 2409 13
D 3186 1269 2 2407 2408 2409 39
D 3184 1271 2 3185 2410 3186 13
D 3187 1261 2 3178 2414 3182 39
D 3176 1267 2 3177 3184 3187 13
D 3175 1253 2 2354 3176 2417 13
D 3191 1291 2 2450 2449 2448 13
D 3190 1289 2 2443 3191 2451 13
D 3193 1291 2 2450 2525 2448 39
D 3192 1289 2 2443 3193 2451 39
D 3189 1293 2 3190 2453 3192 13
D 3188 1285 2 2424 3189 2526 13
D 3196 1271 2 3185 2534 3186 39
D 3195 1267 2 3177 3196 3187 39
D 3194 1253 2 2354 3195 2417 39
D 3174 1273 2 3175 3188 3194 13
D 3198 1219 2 3170 2537 3172 39
D 3197 1211 2 2261 3198 2347 39
D 3167 1235 2 3168 3174 3197 13
D 3201 1177 2 3164 2544 3165 39
D 3200 1173 2 3158 3201 3166 39
D 3199 1149 2 2136 3200 2253 39
D 3155 1185 2 3156 3167 3199 13
D 3202 1087 2 3147 2548 3152 39
D 3145 1119 2 3146 3155 3202 13
D 3206 1071 2 3129 2556 3130 39
D 3205 1067 2 3124 3206 3131 39
D 3204 1037 2 3109 3205 3135 39
D 3203 1001 2 3054 3204 3137 39
D 3052 1077 2 3053 3145 3203 13
D 3207 877 2 3038 2560 3049 39
D 3036 913 2 3037 3052 3207 13
D 3211 819 2 3021 2570 3027 39
D 3210 809 2 3015 3211 3029 39
D 3209 775 2 3002 3210 3030 39
D 3208 751 2 2971 3209 3034 39
D 2969 825 2 2970 3036 3208 13
D 3218 669 2 2959 2580 2960 39
D 3217 665 2 1234 3218 1249 39
D 3216 661 2 2945 3217 2961 39
D 3215 645 2 1194 3216 1254 39
D 3214 637 2 2938 3215 2963 39
D 3213 613 2 2924 3214 2964 39
D 3212 581 2 2913 3213 2967 39
D 2911 673 2 2912 2969 3212 13
D 3224 557 2 2871 2588 2872 39
D 3223 553 2 2868 3224 2873 39
D 3222 547 2 2863 3223 2875 39
D 3221 539 2 2857 3222 2877 39
D 3220 525 2 2835 3221 2878 39
D 3225 525 2 2895 3221 2900 39
D 3219 489 3 2817 3220 2881 3225 2901 39
D 2815 561 2 2816 2911 3219 13
D 3228 413 2 2803 2593 2808 39
D 3227 395 2 692 3228 829 39
D 3226 371 2 2759 3227 2809 39
D 2757 449 2 2758 2815 3226 13
D 3232 255 2 464 2604 459 39
D 3231 253 2 2749 3232 2754 39
D 3230 245 2 445 3231 468 39
D 3229 243 2 2740 3230 2756 39
D 2738 259 2 2739 2757 3229 13
D 3238 225 2 2731 2612 2732 39
D 3237 221 2 371 3238 395 39
D 3236 211 2 2713 3237 2733 39
D 3235 183 2 2701 3236 2735 39
D 3234 143 2 2695 3235 2736 39
D 3233 129 2 2673 3234 2737 39
D 2671 227 2 2672 2738 3233 13
D 3244 87 2 134 133 132 39
D 3243 85 2 130 3244 135 39
D 3242 83 2 2664 3243 2667 39
D 3241 79 2 2655 3242 2668 39
D 3240 63 2 86 3241 142 39
D 3239 55 2 2652 3240 2670 39
D 2650 89 2 2651 2671 3239 13
D 2649 47 2 44 2650 2620 13
D 3246 25 2 2645 2627 2646 39
D 3245 21 2 2642 3246 2647 39
D 2640 29 2 2641 2649 3245 13
D 2639 15 2 15 2640 2629 13
D 2638 11 2 9 2639 2631 13
D 2637 7 2 7 2638 2633 13
D 2636 5 2 5 2637 2634 13
D 2 3 2 3 4 2635 2636
L 3247 0 666
D 0 1 2 1 2 3247 13
