c ids of sdd nodes start at 0
c sdd nodes appear bottom-up, children before parents
c
c file syntax:
c sdd count-of-sdd-nodes
c F id-of-false-sdd-node
c T id-of-true-sdd-node
c L id-of-literal-sdd-node id-of-vtree literal
c D id-of-decomposition-sdd-node id-of-vtree number-of-elements {id-of-prime id-of-sub}*
c
sdd 2644
L 1 0 -612
L 3 2 -613
L 5 4 -470
L 8 6 472
L 10 8 430
L 11 10 432
L 12 8 -430
F 13
D 9 9 2 10 11 12 13
L 14 6 -472
D 7 7 2 8 9 14 13
L 17 12 -471
L 19 14 -610
L 20 16 -611
L 21 14 610
D 18 15 2 19 20 21 13
L 22 12 471
D 16 13 2 17 18 22 13
L 26 18 -418
L 27 20 -525
L 28 18 418
D 25 19 2 26 27 28 13
L 31 22 545
L 32 24 -544
L 33 22 -545
D 30 23 2 31 32 33 13
L 35 26 -542
L 36 28 -543
L 37 26 542
D 34 27 2 35 36 37 13
L 39 24 544
T 40
D 38 23 2 31 39 33 40
D 29 25 2 30 34 38 13
L 42 20 525
D 41 19 2 26 42 28 40
D 24 21 2 25 29 41 13
L 46 30 431
L 48 32 -487
L 49 34 -339
L 50 32 487
D 47 33 2 48 49 50 13
L 51 30 -431
D 45 31 2 46 47 51 13
L 53 36 485
L 55 38 -340
L 56 40 486
L 57 38 340
D 54 39 2 55 56 57 13
L 58 36 -485
D 52 37 2 53 54 58 13
L 61 34 339
D 60 33 2 48 61 50 40
D 59 31 2 46 60 51 40
D 44 35 2 45 52 59 13
L 67 42 382
L 68 44 -589
L 69 42 -382
D 66 43 2 67 68 69 13
L 71 46 -380
L 72 48 -498
L 73 46 380
D 70 47 2 71 72 73 13
L 75 44 589
D 74 43 2 67 75 69 40
D 65 45 2 66 70 74 13
L 77 50 -501
L 79 52 -500
L 81 54 -584
L 82 56 -494
L 83 54 584
D 80 55 2 81 82 83 13
L 84 52 500
D 78 53 2 79 80 84 13
L 85 50 501
D 76 51 2 77 78 85 13
L 88 48 498
D 87 47 2 71 88 73 40
D 86 45 2 66 87 74 40
D 64 49 2 65 76 86 13
L 91 58 -626
L 93 60 -625
L 94 62 495
L 95 60 625
D 92 61 2 93 94 95 13
L 96 58 626
D 90 59 2 91 92 96 13
L 99 64 499
L 100 66 -355
L 101 64 -499
D 98 65 2 99 100 101 13
L 103 68 -419
L 105 70 -375
L 106 72 -376
L 107 70 375
D 104 71 2 105 106 107 13
L 108 68 419
D 102 69 2 103 104 108 13
L 110 66 355
D 109 65 2 99 110 101 40
D 97 67 2 98 102 109 13
L 113 62 -495
D 112 61 2 93 113 95 40
D 111 59 2 91 112 96 40
D 89 63 2 90 97 111 13
L 118 56 494
D 117 55 2 81 118 83 40
D 116 53 2 79 117 84 40
D 115 51 2 77 116 85 40
D 114 49 2 65 115 86 40
D 63 57 2 64 89 114 13
L 123 74 -383
L 124 76 -526
L 125 74 383
D 122 75 2 123 124 125 13
L 127 78 -385
L 128 80 -384
L 129 78 385
D 126 79 2 127 128 129 13
L 131 76 526
D 130 75 2 123 131 125 40
D 121 77 2 122 126 130 13
L 134 82 -527
L 135 84 -528
L 136 82 527
D 133 83 2 134 135 136 13
L 138 86 -428
L 140 88 -427
L 141 90 -429
L 142 88 427
D 139 89 2 140 141 142 13
L 143 86 428
D 137 87 2 138 139 143 13
L 145 84 528
D 144 83 2 134 145 136 40
D 132 85 2 133 137 144 13
L 148 80 384
D 147 79 2 127 148 129 40
D 146 77 2 122 147 130 40
D 120 81 2 121 132 146 13
L 153 92 -629
L 154 94 -630
L 155 92 629
D 152 93 2 153 154 155 13
L 157 96 -632
L 158 98 -631
L 159 96 632
D 156 97 2 157 158 159 13
L 161 94 630
D 160 93 2 153 161 155 40
D 151 95 2 152 156 160 13
L 164 100 -571
L 166 102 362
L 167 104 -361
L 168 102 -362
D 165 103 2 166 167 168 13
L 169 100 571
D 163 101 2 164 165 169 13
L 172 106 -95
L 174 108 94
L 175 110 -96
L 176 108 -94
D 173 109 2 174 175 176 13
L 177 106 95
D 171 107 2 172 173 177 13
L 180 112 115
L 182 114 -116
L 183 116 -117
L 184 114 116
D 181 115 2 182 183 184 13
L 185 112 -115
D 179 113 2 180 181 185 13
L 187 118 121
L 189 120 -122
L 190 122 -123
L 191 120 122
D 188 121 2 189 190 191 13
L 192 118 -121
D 186 119 2 187 188 192 13
L 195 116 117
D 194 115 2 182 195 184 40
D 193 113 2 180 194 185 40
D 178 117 2 179 186 193 13
L 198 110 96
D 197 109 2 174 198 176 40
D 196 107 2 172 197 177 40
D 170 111 2 171 178 196 13
L 201 104 361
D 200 103 2 166 201 168 40
D 199 101 2 164 200 169 40
D 162 105 2 163 170 199 13
L 204 98 631
D 203 97 2 157 204 159 40
D 202 95 2 152 203 160 40
D 150 99 2 151 162 202 13
L 210 124 136
L 212 126 -137
L 213 128 -138
L 214 126 137
D 211 127 2 212 213 214 13
L 215 124 -136
D 209 125 2 210 211 215 13
L 216 130 -154
L 219 128 138
D 218 127 2 212 219 214 40
D 217 125 2 210 218 215 40
D 208 129 2 209 216 217 13
L 222 132 -155
L 224 134 -160
L 226 136 -153
L 228 138 151
L 229 140 -152
L 230 138 -151
D 227 139 2 228 229 230 13
L 231 136 153
D 225 137 2 226 227 231 13
L 232 134 160
D 223 135 2 224 225 232 13
L 233 132 155
D 221 133 2 222 223 233 13
L 235 142 -157
L 237 144 142
L 239 146 -143
L 240 148 -144
L 241 146 143
D 238 147 2 239 240 241 13
L 242 144 -142
D 236 145 2 237 238 242 13
L 243 142 157
D 234 143 2 235 236 243 13
L 248 140 152
D 247 139 2 228 248 230 40
D 246 137 2 226 247 231 40
D 245 135 2 224 246 232 40
D 244 133 2 222 245 233 40
D 220 141 2 221 234 244 13
L 250 130 154
D 249 129 2 209 250 217 40
D 207 131 2 208 220 249 13
L 253 150 -159
L 255 152 148
L 257 154 -149
L 258 156 -150
L 259 154 149
D 256 155 2 257 258 259 13
L 260 152 -148
D 254 153 2 255 256 260 13
L 261 150 159
D 252 151 2 253 254 261 13
L 264 158 -156
L 266 160 139
L 268 162 -140
L 269 164 -141
L 270 162 140
D 267 163 2 268 269 270 13
L 271 160 -139
D 265 161 2 266 267 271 13
L 272 158 156
D 263 159 2 264 265 272 13
L 274 166 145
L 277 168 -146
L 278 170 -147
L 279 168 146
D 276 169 2 277 278 279 13
L 280 172 -158
L 282 170 147
D 281 169 2 277 282 279 40
D 275 171 2 276 280 281 13
L 283 166 -145
D 273 167 2 274 275 283 13
L 287 164 141
D 286 163 2 268 287 270 40
D 285 161 2 266 286 271 40
D 284 159 2 264 285 272 40
D 262 165 2 263 273 284 13
L 291 156 150
D 290 155 2 257 291 259 40
D 289 153 2 255 290 260 40
D 288 151 2 253 289 261 40
D 251 157 2 252 262 288 13
L 297 148 144
D 296 147 2 239 297 241 40
D 295 145 2 237 296 242 40
D 294 143 2 235 295 243 40
D 293 141 2 221 294 244 40
D 292 131 2 208 293 249 40
D 206 149 2 207 251 292 13
L 302 174 -548
L 303 176 -549
L 304 174 548
D 301 175 2 302 303 304 13
L 306 178 -546
L 307 180 -547
L 308 178 546
D 305 179 2 306 307 308 13
L 310 176 549
D 309 175 2 302 310 304 40
D 300 177 2 301 305 309 13
L 313 182 -529
L 314 184 -530
L 315 182 529
D 312 183 2 313 314 315 13
L 317 186 -592
L 318 188 -593
L 319 186 592
D 316 187 2 317 318 319 13
L 321 184 530
D 320 183 2 313 321 315 40
D 311 185 2 312 316 320 13
L 324 180 547
D 323 179 2 306 324 308 40
D 322 177 2 301 323 309 40
D 299 181 2 300 311 322 13
L 329 190 -341
L 330 192 -342
L 331 190 341
D 328 191 2 329 330 331 13
L 333 194 -343
L 334 196 -344
L 335 194 343
D 332 195 2 333 334 335 13
L 337 192 342
D 336 191 2 329 337 331 40
D 327 193 2 328 332 336 13
L 342 198 -357
L 343 200 -587
L 344 198 357
D 341 199 2 342 343 344 13
L 346 202 -588
L 348 204 -448
L 349 206 -450
L 350 204 448
D 347 205 2 348 349 350 13
L 351 202 588
D 345 203 2 346 347 351 13
L 353 200 587
D 352 199 2 342 353 344 40
D 340 201 2 341 345 352 13
L 355 208 -356
L 357 210 -381
L 359 212 -621
L 360 214 -622
L 361 212 621
D 358 213 2 359 360 361 13
L 362 210 381
D 356 211 2 357 358 362 13
L 363 208 356
D 354 209 2 355 356 363 13
L 367 206 450
D 366 205 2 348 367 350 40
D 365 203 2 346 366 351 40
D 364 201 2 341 365 352 40
D 339 207 2 340 354 364 13
L 370 216 421
L 372 218 -524
L 374 220 -420
L 375 222 -523
L 376 220 420
D 373 221 2 374 375 376 13
L 377 218 524
D 371 219 2 372 373 377 13
L 378 216 -421
D 369 217 2 370 371 378 13
L 381 224 -620
L 382 226 -619
L 383 224 620
D 380 225 2 381 382 383 13
L 387 228 -134
L 389 230 -135
L 390 232 133
L 391 230 135
D 388 231 2 389 390 391 13
L 392 228 134
D 386 229 2 387 388 392 13
L 394 234 127
L 396 236 -128
L 397 238 -129
L 398 236 128
D 395 237 2 396 397 398 13
L 399 234 -127
D 393 235 2 394 395 399 13
L 402 232 -133
D 401 231 2 389 402 391 40
D 400 229 2 387 401 392 40
D 385 233 2 386 393 400 13
L 404 240 130
L 406 242 -131
L 407 244 -132
L 408 242 131
D 405 243 2 406 407 408 13
L 409 240 -130
D 403 241 2 404 405 409 13
L 413 238 129
D 412 237 2 396 413 398 40
D 411 235 2 394 412 399 40
D 410 233 2 386 411 400 40
D 384 239 2 385 403 410 13
L 415 226 619
D 414 225 2 381 415 383 40
D 379 227 2 380 384 414 13
L 419 222 523
D 418 221 2 374 419 376 40
D 417 219 2 372 418 377 40
D 416 217 2 370 417 378 40
D 368 223 2 369 379 416 13
L 424 214 622
D 423 213 2 359 424 361 40
D 422 211 2 357 423 362 40
D 421 209 2 355 422 363 40
D 420 207 2 340 421 364 40
D 338 215 2 339 368 420 13
L 427 196 344
D 426 195 2 333 427 335 40
D 425 193 2 328 426 336 40
D 326 197 2 327 338 425 13
L 433 246 -488
L 435 248 -638
L 436 250 396
L 437 248 638
D 434 249 2 435 436 437 13
L 438 246 488
D 432 247 2 433 434 438 13
L 441 252 -575
L 442 254 -395
L 443 252 575
D 440 253 2 441 442 443 13
L 445 256 -628
L 446 258 -338
L 447 256 628
D 444 257 2 445 446 447 13
L 449 254 395
D 448 253 2 441 449 443 40
D 439 255 2 440 444 448 13
L 452 250 -396
D 451 249 2 435 452 437 40
D 450 247 2 433 451 438 40
D 431 251 2 432 439 450 13
L 455 260 -449
L 456 262 -446
L 457 260 449
D 454 261 2 455 456 457 13
L 460 264 -574
L 461 266 -455
L 462 264 574
D 459 265 2 460 461 462 13
L 464 268 -208
L 465 270 -207
L 466 268 208
D 463 269 2 464 465 466 13
L 468 266 455
D 467 265 2 460 468 462 40
D 458 267 2 459 463 467 13
L 470 262 446
D 469 261 2 455 470 457 40
D 453 263 2 454 458 469 13
L 474 258 338
D 473 257 2 445 474 447 40
D 472 255 2 440 473 448 40
D 471 251 2 432 472 450 40
D 430 259 2 431 453 471 13
L 478 272 436
L 480 274 -345
L 481 276 -469
L 482 274 345
D 479 275 2 480 481 482 13
L 483 272 -436
D 477 273 2 478 479 483 13
L 486 278 434
L 487 280 435
L 488 278 -434
D 485 279 2 486 487 488 13
L 490 282 -433
L 492 284 -519
L 493 286 520
L 494 284 519
D 491 285 2 492 493 494 13
L 495 282 433
D 489 283 2 490 491 495 13
L 497 280 -435
D 496 279 2 486 497 488 40
D 484 281 2 485 489 496 13
L 500 276 469
D 499 275 2 480 500 482 40
D 498 273 2 478 499 483 40
D 476 277 2 477 484 498 13
L 504 288 -299
L 506 290 -98
L 508 292 -99
L 509 294 97
L 510 292 99
D 507 293 2 508 509 510 13
L 511 290 98
D 505 291 2 506 507 511 13
L 512 288 299
D 503 289 2 504 505 512 13
L 515 296 -161
L 517 298 -11
L 518 300 12
L 519 298 11
D 516 299 2 517 518 519 13
L 520 296 161
D 514 297 2 515 516 520 13
L 522 302 106
L 524 304 -107
L 525 306 -108
L 526 304 107
D 523 305 2 524 525 526 13
L 527 302 -106
D 521 303 2 522 523 527 13
L 530 300 -12
D 529 299 2 517 530 519 40
D 528 297 2 515 529 520 40
D 513 301 2 514 521 528 13
L 534 294 -97
D 533 293 2 508 534 510 40
D 532 291 2 506 533 511 40
D 531 289 2 504 532 512 40
D 502 295 2 503 513 531 13
L 537 308 -258
L 539 310 -260
L 540 312 -259
L 541 310 260
D 538 311 2 539 540 541 13
L 542 308 258
D 536 309 2 537 538 542 13
L 545 314 -261
L 546 316 262
L 547 314 261
D 544 315 2 545 546 547 13
L 549 318 78
L 550 320 -77
L 551 318 -78
D 548 319 2 549 550 551 13
L 553 316 -262
D 552 315 2 545 553 547 40
D 543 317 2 544 548 552 13
L 556 312 259
D 555 311 2 539 556 541 40
D 554 309 2 537 555 542 40
D 535 313 2 536 543 554 13
L 561 306 108
D 560 305 2 524 561 526 40
D 559 303 2 522 560 527 40
D 558 301 2 514 559 528 40
D 557 295 2 503 558 531 40
D 501 307 2 502 535 557 13
L 566 286 -520
D 565 285 2 492 566 494 40
D 564 283 2 490 565 495 40
D 563 281 2 485 564 496 40
D 562 277 2 477 563 498 40
D 475 287 2 476 501 562 13
L 571 270 207
D 570 269 2 464 571 466 40
D 569 267 2 459 570 467 40
D 568 263 2 454 569 469 40
D 567 259 2 431 568 471 40
D 429 271 2 430 475 567 13
L 579 322 -268
L 581 324 -290
L 583 326 -83
L 585 328 -84
L 586 330 82
L 587 328 84
D 584 329 2 585 586 587 13
L 588 326 83
D 582 327 2 583 584 588 13
L 589 324 290
D 580 325 2 581 582 589 13
L 590 322 268
D 578 323 2 579 580 590 13
L 592 332 -168
L 594 334 91
L 595 336 -326
L 596 334 -91
D 593 335 2 594 595 596 13
L 597 332 168
D 591 333 2 592 593 597 13
L 602 330 -82
D 601 329 2 585 602 587 40
D 600 327 2 583 601 588 40
D 599 325 2 581 600 589 40
D 598 323 2 579 599 590 40
D 577 331 2 578 591 598 13
L 605 338 -271
L 606 340 -272
L 607 338 271
D 604 339 2 605 606 607 13
L 610 342 -167
L 611 344 -224
L 612 342 167
D 609 343 2 610 611 612 13
L 614 346 -93
L 615 348 -92
L 616 346 93
D 613 347 2 614 615 616 13
L 618 344 224
D 617 343 2 610 618 612 40
D 608 345 2 609 613 617 13
L 620 340 272
D 619 339 2 605 620 607 40
D 603 341 2 604 608 619 13
L 624 336 326
D 623 335 2 594 624 596 40
D 622 333 2 592 623 597 40
D 621 331 2 578 622 598 40
D 576 337 2 577 603 621 13
L 628 350 -319
L 629 352 -322
L 630 350 319
D 627 351 2 628 629 630 13
L 632 354 -217
L 633 356 -220
L 634 354 217
D 631 355 2 632 633 634 13
L 636 352 322
D 635 351 2 628 636 630 40
D 626 353 2 627 631 635 13
L 638 358 -234
L 639 360 -235
L 640 358 234
D 637 359 2 638 639 640 13
L 643 356 220
D 642 355 2 632 643 634 40
D 641 353 2 627 642 635 40
D 625 357 2 626 637 641 13
L 648 348 92
D 647 347 2 614 648 616 40
D 646 345 2 609 647 617 40
D 645 341 2 604 646 619 40
D 644 337 2 577 645 621 40
D 575 349 2 576 625 644 13
L 651 362 -218
L 653 364 -211
L 654 366 -238
L 655 364 211
D 652 365 2 653 654 655 13
L 656 362 218
D 650 363 2 651 652 656 13
L 658 368 -219
L 660 370 -209
L 661 372 -216
L 662 370 209
D 659 371 2 660 661 662 13
L 663 368 219
D 657 369 2 658 659 663 13
L 666 366 238
D 665 365 2 653 666 655 40
D 664 363 2 651 665 656 40
D 649 367 2 650 657 664 13
L 670 360 235
D 669 359 2 638 670 640 40
D 668 357 2 626 669 641 40
D 667 349 2 576 668 644 40
D 574 361 2 575 649 667 13
L 674 374 -176
L 675 376 -173
L 676 374 176
D 673 375 2 674 675 676 13
L 679 378 -297
L 680 380 -295
L 681 378 297
D 678 379 2 679 680 681 13
L 683 382 18
L 684 384 -17
L 685 382 -18
D 682 383 2 683 684 685 13
L 687 380 295
D 686 379 2 679 687 681 40
D 677 381 2 678 682 686 13
L 689 376 173
D 688 375 2 674 689 676 40
D 672 377 2 673 677 688 13
L 693 386 -38
L 694 388 37
L 695 386 38
D 692 387 2 693 694 695 13
L 697 390 -327
L 699 392 -55
L 700 394 56
L 701 392 55
D 698 393 2 699 700 701 13
L 702 390 327
D 696 391 2 697 698 702 13
L 704 388 -37
D 703 387 2 693 704 695 40
D 691 389 2 692 696 703 13
L 707 396 -241
L 708 398 -274
L 709 396 241
D 706 397 2 707 708 709 13
L 711 400 -273
L 712 402 -237
L 713 400 273
D 710 401 2 711 712 713 13
L 715 398 274
D 714 397 2 707 715 709 40
D 705 399 2 706 710 714 13
L 719 394 -56
D 718 393 2 699 719 701 40
D 717 391 2 697 718 702 40
D 716 389 2 692 717 703 40
D 690 395 2 691 705 716 13
L 723 384 17
D 722 383 2 683 723 685 40
D 721 381 2 678 722 686 40
D 720 377 2 673 721 688 40
D 671 385 2 672 690 720 13
L 728 372 216
D 727 371 2 660 728 662 40
D 726 369 2 658 727 663 40
D 725 367 2 650 726 664 40
D 724 361 2 575 725 667 40
D 573 373 2 574 671 724 13
L 734 404 -536
L 736 406 -537
L 737 408 -437
L 738 406 537
D 735 407 2 736 737 738 13
L 739 404 536
D 733 405 2 734 735 739 13
L 742 410 -257
L 743 412 -256
L 744 410 257
D 741 411 2 742 743 744 13
L 747 414 183
L 748 416 -178
L 749 414 -183
D 746 415 2 747 748 749 13
L 750 418 555
L 752 416 178
D 751 415 2 747 752 749 40
D 745 417 2 746 750 751 13
L 754 412 256
D 753 411 2 742 754 744 40
D 740 413 2 741 745 753 13
L 757 408 437
D 756 407 2 736 757 738 40
D 755 405 2 734 756 739 40
D 732 409 2 733 740 755 13
L 762 420 -477
L 763 422 -532
L 764 420 477
D 761 421 2 762 763 764 13
L 766 424 377
L 767 426 -531
L 768 424 -377
D 765 425 2 766 767 768 13
L 770 422 532
D 769 421 2 762 770 764 40
D 760 423 2 761 765 769 13
L 772 428 474
L 774 430 -478
L 776 432 -373
L 777 434 -372
L 778 432 373
D 775 433 2 776 777 778 13
L 779 430 478
D 773 431 2 774 775 779 13
L 780 428 -474
D 771 429 2 772 773 780 13
L 783 426 531
D 782 425 2 766 783 768 40
D 781 423 2 761 782 769 40
D 759 427 2 760 771 781 13
L 786 436 -476
L 787 438 -473
L 788 436 476
D 785 437 2 786 787 788 13
L 790 440 -558
L 792 442 -559
L 793 444 -475
L 794 442 559
D 791 443 2 792 793 794 13
L 795 440 558
D 789 441 2 790 791 795 13
L 797 438 473
D 796 437 2 786 797 788 40
D 784 439 2 785 789 796 13
L 802 434 372
D 801 433 2 776 802 778 40
D 800 431 2 774 801 779 40
D 799 429 2 772 800 780 40
D 798 427 2 760 799 781 40
D 758 435 2 759 784 798 13
L 806 418 -555
D 805 417 2 746 806 751 40
D 804 413 2 741 805 753 40
D 803 409 2 733 804 755 40
D 731 419 2 732 758 803 13
L 809 446 -572
L 812 448 -479
L 814 450 -483
L 815 452 -573
L 816 450 483
D 813 451 2 814 815 816 13
L 817 448 479
D 811 449 2 812 813 817 13
L 819 454 -484
L 821 456 -481
L 822 458 -482
L 823 456 481
D 820 457 2 821 822 823 13
L 824 454 484
D 818 455 2 819 820 824 13
L 827 452 573
D 826 451 2 814 827 816 40
D 825 449 2 812 826 817 40
D 810 453 2 811 818 825 13
L 828 446 572
D 808 447 2 809 810 828 13
L 833 460 -407
L 834 462 -409
L 835 460 407
D 832 461 2 833 834 835 13
L 836 464 -370
L 838 462 409
D 837 461 2 833 838 835 40
D 831 463 2 832 836 837 13
L 841 466 -369
L 842 468 -371
L 843 466 369
D 840 467 2 841 842 843 13
L 845 470 -408
L 846 472 -480
L 847 470 408
D 844 471 2 845 846 847 13
L 849 468 371
D 848 467 2 841 849 843 40
D 839 469 2 840 844 848 13
L 851 464 370
D 850 463 2 832 851 837 40
D 830 465 2 831 839 850 13
L 854 474 -410
L 856 476 438
L 857 478 -439
L 858 476 -438
D 855 477 2 856 857 858 13
L 859 474 410
D 853 475 2 854 855 859 13
L 861 480 411
L 863 482 -521
L 864 484 522
L 865 482 521
D 862 483 2 863 864 865 13
L 866 480 -411
D 860 481 2 861 862 866 13
L 869 478 439
D 868 477 2 856 869 858 40
D 867 475 2 854 868 859 40
D 852 479 2 853 860 867 13
L 873 472 480
D 872 471 2 845 873 847 40
D 871 469 2 840 872 848 40
D 870 465 2 831 871 850 40
D 829 473 2 830 852 870 13
L 878 458 482
D 877 457 2 821 878 823 40
D 876 455 2 819 877 824 40
D 875 453 2 811 876 825 40
D 874 447 2 809 875 828 40
D 807 459 2 808 829 874 13
L 884 444 475
D 883 443 2 792 884 794 40
D 882 441 2 790 883 795 40
D 881 439 2 785 882 796 40
D 880 435 2 759 881 798 40
D 879 419 2 732 880 803 40
D 730 445 2 731 807 879 13
L 891 486 -510
L 892 488 -608
L 893 486 510
D 890 487 2 891 892 893 13
L 896 490 -660
L 897 492 -506
L 898 490 660
D 895 491 2 896 897 898 13
L 900 494 609
L 901 496 -509
L 902 494 -609
D 899 495 2 900 901 902 13
L 904 492 506
D 903 491 2 896 904 898 40
D 894 493 2 895 899 903 13
L 906 488 608
D 905 487 2 891 906 893 40
D 889 489 2 890 894 905 13
L 910 498 -353
L 913 500 -516
L 915 502 -415
L 916 504 -417
L 917 502 415
D 914 503 2 915 916 917 13
L 918 500 516
D 912 501 2 913 914 918 13
L 919 506 -515
L 922 504 417
D 921 503 2 915 922 917 40
D 920 501 2 913 921 918 40
D 911 505 2 912 919 920 13
L 923 498 353
D 909 499 2 910 911 923 13
L 926 508 -513
L 927 510 -514
L 928 508 513
D 925 509 2 926 927 928 13
L 930 512 -416
L 932 514 -354
L 933 516 -352
L 934 514 354
D 931 515 2 932 933 934 13
L 935 512 416
D 929 513 2 930 931 935 13
L 937 510 514
D 936 509 2 926 937 928 40
D 924 511 2 925 929 936 13
L 940 506 515
D 939 505 2 912 940 920 40
D 938 499 2 910 939 923 40
D 908 507 2 909 924 938 13
L 943 518 -512
L 944 520 -511
L 945 518 512
D 942 519 2 943 944 945 13
L 947 522 507
L 948 524 508
L 949 522 -507
D 946 523 2 947 948 949 13
L 951 520 511
D 950 519 2 943 951 945 40
D 941 521 2 942 946 950 13
L 956 516 352
D 955 515 2 932 956 934 40
D 954 513 2 930 955 935 40
D 953 511 2 925 954 936 40
D 952 507 2 909 953 938 40
D 907 517 2 908 941 952 13
L 960 496 509
D 959 495 2 900 960 902 40
D 958 493 2 895 959 903 40
D 957 489 2 890 958 905 40
D 888 497 2 889 907 957 13
L 965 526 -457
L 966 528 -456
L 967 526 457
D 964 527 2 965 966 967 13
L 969 530 -459
L 971 532 -348
L 972 534 -346
L 973 532 348
D 970 533 2 971 972 973 13
L 974 530 459
D 968 531 2 969 970 974 13
L 976 528 456
D 975 527 2 965 976 967 40
D 963 529 2 964 968 975 13
L 979 536 -594
L 980 538 -595
L 981 536 594
D 978 537 2 979 980 981 13
L 983 540 541
L 985 542 -443
L 986 544 444
L 987 542 443
D 984 543 2 985 986 987 13
L 988 540 -541
D 982 541 2 983 984 988 13
L 990 538 595
D 989 537 2 979 990 981 40
D 977 539 2 978 982 989 13
L 994 534 346
D 993 533 2 971 994 973 40
D 992 531 2 969 993 974 40
D 991 529 2 964 992 975 40
D 962 535 2 963 977 991 13
L 998 546 -347
L 999 548 -604
L 1000 546 347
D 997 547 2 998 999 1000 13
L 1002 550 -607
L 1004 552 641
L 1005 554 -640
L 1006 552 -641
D 1003 553 2 1004 1005 1006 13
L 1007 550 607
D 1001 551 2 1002 1003 1007 13
L 1009 548 604
D 1008 547 2 998 1009 1000 40
D 996 549 2 997 1001 1008 13
L 1011 556 601
L 1013 558 600
L 1015 560 -661
L 1016 562 -606
L 1017 560 661
D 1014 561 2 1015 1016 1017 13
L 1018 558 -600
D 1012 559 2 1013 1014 1018 13
L 1019 556 -601
D 1010 557 2 1011 1012 1019 13
L 1023 554 640
D 1022 553 2 1004 1023 1006 40
D 1021 551 2 1002 1022 1007 40
D 1020 549 2 997 1021 1008 40
D 995 555 2 996 1010 1020 13
L 1028 544 -444
D 1027 543 2 985 1028 987 40
D 1026 541 2 983 1027 988 40
D 1025 539 2 978 1026 989 40
D 1024 535 2 963 1025 991 40
D 961 545 2 962 995 1024 13
L 1033 524 -508
D 1032 523 2 947 1033 949 40
D 1031 521 2 942 1032 950 40
D 1030 517 2 908 1031 952 40
D 1029 497 2 889 1030 957 40
D 887 525 2 888 961 1029 13
L 1039 564 -567
L 1040 566 -633
L 1041 564 567
D 1038 565 2 1039 1040 1041 13
L 1043 568 -634
L 1044 570 -566
L 1045 568 634
D 1042 569 2 1043 1044 1045 13
L 1047 566 633
D 1046 565 2 1039 1047 1041 40
D 1037 567 2 1038 1042 1046 13
L 1049 572 -359
L 1052 574 -351
L 1053 576 350
L 1054 574 351
D 1051 575 2 1052 1053 1054 13
L 1056 578 -349
L 1057 580 -597
L 1058 578 349
D 1055 579 2 1056 1057 1058 13
L 1060 576 -350
D 1059 575 2 1052 1060 1054 40
D 1050 577 2 1051 1055 1059 13
L 1061 572 359
D 1048 573 2 1049 1050 1061 13
L 1064 570 566
D 1063 569 2 1043 1064 1045 40
D 1062 567 2 1038 1063 1046 40
D 1036 571 2 1037 1048 1062 13
L 1067 582 -391
L 1068 584 -393
L 1069 582 391
D 1066 583 2 1067 1068 1069 13
L 1071 586 -390
L 1072 588 -493
L 1073 586 390
D 1070 587 2 1071 1072 1073 13
L 1075 584 393
D 1074 583 2 1067 1075 1069 40
D 1065 585 2 1066 1070 1074 13
L 1080 580 597
D 1079 579 2 1056 1080 1058 40
D 1078 577 2 1051 1079 1059 40
D 1077 573 2 1049 1078 1061 40
D 1076 571 2 1037 1077 1062 40
D 1035 581 2 1036 1065 1076 13
L 1084 590 374
L 1085 592 -557
L 1086 590 -374
D 1083 591 2 1084 1085 1086 13
L 1088 594 -364
L 1090 596 -363
L 1091 598 -365
L 1092 596 363
D 1089 597 2 1090 1091 1092 13
L 1093 594 364
D 1087 595 2 1088 1089 1093 13
L 1095 592 557
D 1094 591 2 1084 1095 1086 40
D 1082 593 2 1083 1087 1094 13
L 1099 600 -188
L 1100 602 -174
L 1101 600 188
D 1098 601 2 1099 1100 1101 13
L 1103 604 189
L 1104 606 -190
L 1105 604 -189
D 1102 605 2 1103 1104 1105 13
L 1107 602 174
D 1106 601 2 1099 1107 1101 40
D 1097 603 2 1098 1102 1106 13
L 1110 608 -231
L 1111 610 -232
L 1112 608 231
D 1109 609 2 1110 1111 1112 13
L 1114 612 -227
L 1115 614 228
L 1116 612 227
D 1113 613 2 1114 1115 1116 13
L 1118 610 232
D 1117 609 2 1110 1118 1112 40
D 1108 611 2 1109 1113 1117 13
L 1121 606 190
D 1120 605 2 1103 1121 1105 40
D 1119 603 2 1098 1120 1106 40
D 1096 607 2 1097 1108 1119 13
L 1125 598 365
D 1124 597 2 1090 1125 1092 40
D 1123 595 2 1088 1124 1093 40
D 1122 593 2 1083 1123 1094 40
D 1081 599 2 1082 1096 1122 13
L 1129 588 493
D 1128 587 2 1071 1129 1073 40
D 1127 585 2 1066 1128 1074 40
D 1126 581 2 1036 1127 1076 40
D 1034 589 2 1035 1081 1126 13
L 1136 562 606
D 1135 561 2 1015 1136 1017 40
D 1134 559 2 1013 1135 1018 40
D 1133 557 2 1011 1134 1019 40
D 1132 555 2 996 1133 1020 40
D 1131 545 2 962 1132 1024 40
D 1130 525 2 888 1131 1029 40
D 886 563 2 887 1034 1130 13
L 1143 616 -236
L 1144 618 -214
L 1145 616 236
D 1142 617 2 1143 1144 1145 13
L 1147 620 -221
L 1148 622 -210
L 1149 620 221
D 1146 621 2 1147 1148 1149 13
L 1151 618 214
D 1150 617 2 1143 1151 1145 40
D 1141 619 2 1142 1146 1150 13
L 1153 624 -19
L 1156 626 20
L 1157 628 -175
L 1158 626 -20
D 1155 627 2 1156 1157 1158 13
L 1160 630 -5
L 1161 632 6
L 1162 630 5
D 1159 631 2 1160 1161 1162 13
L 1164 628 175
D 1163 627 2 1156 1164 1158 40
D 1154 629 2 1155 1159 1163 13
L 1165 624 19
D 1167 627 2 1158 1157 1156 13
L 1169 632 -6
D 1168 631 2 1162 1169 1160 13
D 1170 627 2 1158 1164 1156 40
D 1166 629 2 1167 1168 1170 13
D 1152 625 2 1153 1154 1165 1166
L 1173 622 210
D 1172 621 2 1147 1173 1149 40
D 1171 619 2 1142 1172 1150 40
D 1140 623 2 1141 1152 1171 13
L 1177 634 -184
L 1178 636 -185
L 1179 634 184
D 1176 635 2 1177 1178 1179 13
L 1181 638 -202
L 1183 640 -203
L 1184 642 -169
L 1185 640 203
D 1182 641 2 1183 1184 1185 13
L 1186 638 202
D 1180 639 2 1181 1182 1186 13
L 1188 636 185
D 1187 635 2 1177 1188 1179 40
D 1175 637 2 1176 1180 1187 13
L 1192 644 -302
L 1193 646 303
L 1194 644 302
D 1191 645 2 1192 1193 1194 13
L 1195 648 -191
L 1197 646 -303
D 1196 645 2 1192 1197 1194 40
D 1190 647 2 1191 1195 1196 13
L 1199 650 192
L 1201 652 -193
L 1202 654 -194
L 1203 652 193
D 1200 653 2 1201 1202 1203 13
L 1204 650 -192
D 1198 651 2 1199 1200 1204 13
L 1206 648 191
D 1205 647 2 1191 1206 1196 40
D 1189 649 2 1190 1198 1205 13
L 1210 642 169
D 1209 641 2 1183 1210 1185 40
D 1208 639 2 1181 1209 1186 40
D 1207 637 2 1176 1208 1187 40
D 1174 643 2 1175 1189 1207 13
D 1214 631 2 1160 1169 1162 40
D 1213 629 2 1155 1214 1163 40
D 1216 631 2 1162 1161 1160 40
D 1215 629 2 1167 1216 1170 40
D 1212 625 2 1153 1213 1165 1215
D 1211 623 2 1141 1212 1171 40
D 1139 633 2 1140 1174 1211 13
L 1220 656 -270
L 1222 658 -413
L 1224 660 -414
L 1225 662 399
L 1226 660 414
D 1223 661 2 1224 1225 1226 13
L 1227 658 413
D 1221 659 2 1222 1223 1227 13
L 1228 656 270
D 1219 657 2 1220 1221 1228 13
L 1232 664 171
L 1233 666 -177
L 1234 664 -171
D 1231 665 2 1232 1233 1234 13
L 1235 668 -564
L 1237 666 177
D 1236 665 2 1232 1237 1234 40
D 1230 667 2 1231 1235 1236 13
L 1239 670 -412
L 1241 672 -652
L 1242 674 -653
L 1243 672 652
D 1240 673 2 1241 1242 1243 13
L 1244 670 412
D 1238 671 2 1239 1240 1244 13
L 1246 668 564
D 1245 667 2 1231 1246 1236 40
D 1229 669 2 1230 1238 1245 13
L 1250 662 -399
D 1249 661 2 1224 1250 1226 40
D 1248 659 2 1222 1249 1227 40
D 1247 657 2 1220 1248 1228 40
D 1218 663 2 1219 1229 1247 13
L 1254 676 -166
L 1256 678 -170
L 1257 680 -276
L 1258 678 170
D 1255 679 2 1256 1257 1258 13
L 1259 676 166
D 1253 677 2 1254 1255 1259 13
L 1262 682 -253
L 1263 684 -248
L 1264 682 253
D 1261 683 2 1262 1263 1264 13
L 1266 686 278
L 1267 688 -277
L 1268 686 -278
D 1265 687 2 1266 1267 1268 13
L 1270 684 248
D 1269 683 2 1262 1270 1264 40
D 1260 685 2 1261 1265 1269 13
L 1273 680 276
D 1272 679 2 1256 1273 1258 40
D 1271 677 2 1254 1272 1259 40
D 1252 681 2 1253 1260 1271 13
L 1277 690 294
L 1279 692 -254
L 1280 694 -255
L 1281 692 254
D 1278 693 2 1279 1280 1281 13
L 1282 690 -294
D 1276 691 2 1277 1278 1282 13
L 1284 696 -181
L 1285 698 -182
L 1286 696 181
D 1283 697 2 1284 1285 1286 13
L 1289 694 255
D 1288 693 2 1279 1289 1281 40
D 1287 691 2 1277 1288 1282 40
D 1275 695 2 1276 1283 1287 13
L 1292 700 -172
L 1294 702 47
L 1295 704 -48
L 1296 702 -47
D 1293 703 2 1294 1295 1296 13
L 1297 700 172
D 1291 701 2 1292 1293 1297 13
L 1299 706 -320
L 1300 708 -222
L 1301 706 320
D 1298 707 2 1299 1300 1301 13
L 1304 704 48
D 1303 703 2 1294 1304 1296 40
D 1302 701 2 1292 1303 1297 40
D 1290 705 2 1291 1298 1302 13
L 1307 698 182
D 1306 697 2 1284 1307 1286 40
D 1305 695 2 1276 1306 1287 40
D 1274 699 2 1275 1290 1305 13
L 1311 688 277
D 1310 687 2 1266 1311 1268 40
D 1309 685 2 1261 1310 1269 40
D 1308 681 2 1253 1309 1271 40
D 1251 689 2 1252 1274 1308 13
L 1316 674 653
D 1315 673 2 1241 1316 1243 40
D 1314 671 2 1239 1315 1244 40
D 1313 669 2 1230 1314 1245 40
D 1312 663 2 1219 1313 1247 40
D 1217 675 2 1218 1251 1312 13
L 1322 654 194
D 1321 653 2 1201 1322 1203 40
D 1320 651 2 1199 1321 1204 40
D 1319 649 2 1190 1320 1205 40
D 1318 643 2 1175 1319 1207 40
D 1317 633 2 1140 1318 1211 40
D 1138 655 2 1139 1217 1317 13
L 1330 710 624
L 1331 712 -623
L 1332 710 -624
D 1329 711 2 1330 1331 1332 13
L 1334 714 -378
L 1335 716 -618
L 1336 714 378
D 1333 715 2 1334 1335 1336 13
L 1338 712 623
D 1337 711 2 1330 1338 1332 40
D 1328 713 2 1329 1333 1337 13
L 1341 718 -379
L 1342 720 -441
L 1343 718 379
D 1340 719 2 1341 1342 1343 13
L 1345 722 -468
L 1346 724 -467
L 1347 722 468
D 1344 723 2 1345 1346 1347 13
L 1349 720 441
D 1348 719 2 1341 1349 1343 40
D 1339 721 2 1340 1344 1348 13
L 1352 716 618
D 1351 715 2 1334 1352 1336 40
D 1350 713 2 1329 1351 1337 40
D 1327 717 2 1328 1339 1350 13
L 1354 726 -460
L 1356 728 -463
L 1357 730 -461
L 1358 728 463
D 1355 729 2 1356 1357 1358 13
L 1359 726 460
D 1353 727 2 1354 1355 1359 13
L 1363 724 467
D 1362 723 2 1345 1363 1347 40
D 1361 721 2 1340 1362 1348 40
D 1360 717 2 1328 1361 1350 40
D 1326 725 2 1327 1353 1360 13
L 1367 732 645
L 1368 734 -644
L 1369 732 -645
D 1366 733 2 1367 1368 1369 13
L 1371 736 -643
L 1372 738 -642
L 1373 736 643
D 1370 737 2 1371 1372 1373 13
L 1375 734 644
D 1374 733 2 1367 1375 1369 40
D 1365 735 2 1366 1370 1374 13
L 1377 740 -556
L 1380 742 -561
L 1381 744 -560
L 1382 742 561
D 1379 743 2 1380 1381 1382 13
L 1383 746 -554
L 1385 744 560
D 1384 743 2 1380 1385 1382 40
D 1378 745 2 1379 1383 1384 13
L 1386 740 556
D 1376 741 2 1377 1378 1386 13
L 1389 738 642
D 1388 737 2 1371 1389 1373 40
D 1387 735 2 1366 1388 1374 40
D 1364 739 2 1365 1376 1387 13
L 1393 730 461
D 1392 729 2 1356 1393 1358 40
D 1391 727 2 1354 1392 1359 40
D 1390 725 2 1327 1391 1360 40
D 1325 731 2 1326 1364 1390 13
L 1399 748 -577
L 1400 750 -576
L 1401 748 577
D 1398 749 2 1399 1400 1401 13
L 1403 752 -636
L 1404 754 -639
L 1405 752 636
D 1402 753 2 1403 1404 1405 13
L 1407 750 576
D 1406 749 2 1399 1407 1401 40
D 1397 751 2 1398 1402 1406 13
L 1411 756 -637
L 1412 758 -397
L 1413 756 637
D 1410 757 2 1411 1412 1413 13
L 1414 760 -490
L 1416 758 397
D 1415 757 2 1411 1416 1413 40
D 1409 759 2 1410 1414 1415 13
L 1418 762 -423
L 1419 764 -422
L 1420 762 423
D 1417 763 2 1418 1419 1420 13
L 1422 760 490
D 1421 759 2 1410 1422 1415 40
D 1408 761 2 1409 1417 1421 13
L 1425 754 639
D 1424 753 2 1403 1425 1405 40
D 1423 751 2 1398 1424 1406 40
D 1396 755 2 1397 1408 1423 13
L 1430 766 -602
L 1431 768 -569
L 1432 766 602
D 1429 767 2 1430 1431 1432 13
L 1434 770 -462
L 1435 772 -568
L 1436 770 462
D 1433 771 2 1434 1435 1436 13
L 1438 768 569
D 1437 767 2 1430 1438 1432 40
D 1428 769 2 1429 1433 1437 13
L 1441 774 -627
L 1442 776 -336
L 1443 774 627
D 1440 775 2 1441 1442 1443 13
L 1445 778 -337
L 1446 780 -489
L 1447 778 337
D 1444 779 2 1445 1446 1447 13
L 1449 776 336
D 1448 775 2 1441 1449 1443 40
D 1439 777 2 1440 1444 1448 13
L 1452 772 568
D 1451 771 2 1434 1452 1436 40
D 1450 769 2 1429 1451 1437 40
D 1427 773 2 1428 1439 1450 13
L 1455 782 -387
L 1456 784 -389
L 1457 782 387
D 1454 783 2 1455 1456 1457 13
L 1460 786 -578
L 1461 788 -386
L 1462 786 578
D 1459 787 2 1460 1461 1462 13
L 1464 790 -579
L 1465 792 -388
L 1466 790 579
D 1463 791 2 1464 1465 1466 13
L 1468 788 386
D 1467 787 2 1460 1468 1462 40
D 1458 789 2 1459 1463 1467 13
L 1470 784 389
D 1469 783 2 1455 1470 1457 40
D 1453 785 2 1454 1458 1469 13
L 1474 780 489
D 1473 779 2 1445 1474 1447 40
D 1472 777 2 1440 1473 1448 40
D 1471 773 2 1428 1472 1450 40
D 1426 781 2 1427 1453 1471 13
L 1478 764 422
D 1477 763 2 1418 1478 1420 40
D 1476 761 2 1409 1477 1421 40
D 1475 755 2 1397 1476 1423 40
D 1395 765 2 1396 1426 1475 13
L 1481 794 534
L 1484 796 -538
L 1486 798 -603
L 1487 800 539
L 1488 798 603
D 1485 799 2 1486 1487 1488 13
L 1489 796 538
D 1483 797 2 1484 1485 1489 13
L 1492 802 -535
L 1493 804 605
L 1494 802 535
D 1491 803 2 1492 1493 1494 13
L 1495 806 533
L 1497 804 -605
D 1496 803 2 1492 1497 1494 40
D 1490 805 2 1491 1495 1496 13
L 1500 800 -539
D 1499 799 2 1486 1500 1488 40
D 1498 797 2 1484 1499 1489 40
D 1482 801 2 1483 1490 1498 13
L 1501 794 -534
D 1480 795 2 1481 1482 1501 13
L 1504 808 -198
L 1506 810 -179
L 1507 812 -180
L 1508 810 179
D 1505 811 2 1506 1507 1508 13
L 1509 808 198
D 1503 809 2 1504 1505 1509 13
L 1511 814 -269
L 1513 816 -113
L 1515 818 -114
L 1516 820 112
L 1517 818 114
D 1514 819 2 1515 1516 1517 13
L 1518 816 113
D 1512 817 2 1513 1514 1518 13
L 1519 814 269
D 1510 815 2 1511 1512 1519 13
L 1522 812 180
D 1521 811 2 1506 1522 1508 40
D 1520 809 2 1504 1521 1509 40
D 1502 813 2 1503 1510 1520 13
L 1526 806 -533
D 1525 805 2 1491 1526 1496 40
D 1524 801 2 1483 1525 1498 40
D 1523 795 2 1481 1524 1501 40
D 1479 807 2 1480 1502 1523 13
L 1532 792 388
D 1531 791 2 1464 1532 1466 40
D 1530 789 2 1459 1531 1467 40
D 1529 785 2 1454 1530 1469 40
D 1528 781 2 1427 1529 1471 40
D 1527 765 2 1396 1528 1475 40
D 1394 793 2 1395 1479 1527 13
L 1537 746 554
D 1536 745 2 1379 1537 1384 40
D 1535 741 2 1377 1536 1386 40
D 1534 739 2 1365 1535 1387 40
D 1533 731 2 1326 1534 1390 40
D 1324 747 2 1325 1394 1533 13
L 1544 822 -267
L 1545 824 -265
L 1546 822 267
D 1543 823 2 1544 1545 1546 13
L 1548 826 -266
L 1550 828 -264
L 1551 830 263
L 1552 828 264
D 1549 829 2 1550 1551 1552 13
L 1553 826 266
D 1547 827 2 1548 1549 1553 13
L 1555 824 265
D 1554 823 2 1544 1555 1546 40
D 1542 825 2 1543 1547 1554 13
L 1557 832 -563
L 1559 834 454
L 1560 836 -562
L 1561 834 -454
D 1558 835 2 1559 1560 1561 13
L 1562 832 563
D 1556 833 2 1557 1558 1562 13
L 1566 830 -263
D 1565 829 2 1550 1566 1552 40
D 1564 827 2 1548 1565 1553 40
D 1563 825 2 1543 1564 1554 40
D 1541 831 2 1542 1556 1563 13
L 1570 838 -596
L 1571 840 334
L 1572 838 596
D 1569 839 2 1570 1571 1572 13
L 1574 842 -492
L 1576 844 -491
L 1578 846 -368
L 1579 848 -366
L 1580 846 368
D 1577 847 2 1578 1579 1580 13
L 1581 844 491
D 1575 845 2 1576 1577 1581 13
L 1582 842 492
D 1573 843 2 1574 1575 1582 13
L 1584 840 -334
D 1583 839 2 1570 1584 1572 40
D 1568 841 2 1569 1573 1583 13
L 1589 850 -226
L 1590 852 225
L 1591 850 226
D 1588 851 2 1589 1590 1591 13
L 1592 854 -292
L 1594 852 -225
D 1593 851 2 1589 1594 1591 40
D 1587 853 2 1588 1592 1593 13
L 1596 856 -598
L 1597 858 -599
L 1598 856 598
D 1595 857 2 1596 1597 1598 13
L 1600 854 292
D 1599 853 2 1588 1600 1593 40
D 1586 855 2 1587 1595 1599 13
L 1603 860 -367
L 1604 862 -335
L 1605 860 367
D 1602 861 2 1603 1604 1605 13
L 1607 864 -333
L 1609 866 -466
L 1610 868 -465
L 1611 866 466
D 1608 867 2 1609 1610 1611 13
L 1612 864 333
D 1606 865 2 1607 1608 1612 13
L 1614 862 335
D 1613 861 2 1603 1614 1605 40
D 1601 863 2 1602 1606 1613 13
L 1617 858 599
D 1616 857 2 1596 1617 1598 40
D 1615 855 2 1587 1616 1599 40
D 1585 859 2 1586 1601 1615 13
L 1622 848 366
D 1621 847 2 1578 1622 1580 40
D 1620 845 2 1576 1621 1581 40
D 1619 843 2 1574 1620 1582 40
D 1618 841 2 1569 1619 1583 40
D 1567 849 2 1568 1585 1618 13
L 1626 836 562
D 1625 835 2 1559 1626 1561 40
D 1624 833 2 1557 1625 1562 40
D 1623 831 2 1542 1624 1563 40
D 1540 837 2 1541 1567 1623 13
L 1631 870 -358
L 1632 872 -360
L 1633 870 358
D 1630 871 2 1631 1632 1633 13
L 1635 874 -635
L 1637 876 118
L 1639 878 -119
L 1640 880 -120
L 1641 878 119
D 1638 879 2 1639 1640 1641 13
L 1642 876 -118
D 1636 877 2 1637 1638 1642 13
L 1643 874 635
D 1634 875 2 1635 1636 1643 13
L 1645 872 360
D 1644 871 2 1631 1645 1633 40
D 1629 873 2 1630 1634 1644 13
L 1648 882 424
L 1650 884 425
L 1651 886 426
L 1652 884 -425
D 1649 885 2 1650 1651 1652 13
L 1653 882 -424
D 1647 883 2 1648 1649 1653 13
L 1656 888 -504
L 1657 890 505
L 1658 888 504
D 1655 889 2 1656 1657 1658 13
L 1659 892 -614
L 1661 890 -505
D 1660 889 2 1656 1661 1658 40
D 1654 891 2 1655 1659 1660 13
L 1664 886 -426
D 1663 885 2 1650 1664 1652 40
D 1662 883 2 1648 1663 1653 40
D 1646 887 2 1647 1654 1662 13
L 1669 880 120
D 1668 879 2 1639 1669 1641 40
D 1667 877 2 1637 1668 1642 40
D 1666 875 2 1635 1667 1643 40
D 1665 873 2 1630 1666 1644 40
D 1628 881 2 1629 1646 1665 13
L 1672 894 -502
L 1673 896 -503
L 1674 894 502
D 1671 895 2 1672 1673 1674 13
L 1678 898 -328
L 1680 900 289
L 1681 902 -329
L 1682 900 -289
D 1679 901 2 1680 1681 1682 13
L 1683 898 328
D 1677 899 2 1678 1679 1683 13
L 1685 904 88
L 1687 906 -89
L 1688 908 -90
L 1689 906 89
D 1686 907 2 1687 1688 1689 13
L 1690 904 -88
D 1684 905 2 1685 1686 1690 13
L 1693 902 329
D 1692 901 2 1680 1693 1682 40
D 1691 899 2 1678 1692 1683 40
D 1676 903 2 1677 1684 1691 13
L 1695 910 -66
L 1697 912 -125
L 1699 914 -126
L 1700 916 124
L 1701 914 126
D 1698 915 2 1699 1700 1701 13
L 1702 912 125
D 1696 913 2 1697 1698 1702 13
L 1703 910 66
D 1694 911 2 1695 1696 1703 13
L 1707 908 90
D 1706 907 2 1687 1707 1689 40
D 1705 905 2 1685 1706 1690 40
D 1704 903 2 1677 1705 1691 40
D 1675 909 2 1676 1694 1704 13
L 1709 896 503
D 1708 895 2 1672 1709 1674 40
D 1670 897 2 1671 1675 1708 13
L 1713 892 614
D 1712 891 2 1655 1713 1660 40
D 1711 887 2 1647 1712 1662 40
D 1710 881 2 1629 1711 1665 40
D 1627 893 2 1628 1670 1710 13
L 1720 868 465
D 1719 867 2 1609 1720 1611 40
D 1718 865 2 1607 1719 1612 40
D 1717 863 2 1602 1718 1613 40
D 1716 859 2 1586 1717 1615 40
D 1715 849 2 1568 1716 1618 40
D 1714 837 2 1541 1715 1623 40
D 1539 869 2 1540 1627 1714 13
L 1728 918 -199
L 1729 920 -200
L 1730 918 199
D 1727 919 2 1728 1729 1730 13
L 1732 922 -205
L 1733 924 -206
L 1734 922 205
D 1731 923 2 1732 1733 1734 13
L 1736 920 200
D 1735 919 2 1728 1736 1730 40
D 1726 921 2 1727 1731 1735 13
L 1737 926 -204
L 1740 924 206
D 1739 923 2 1732 1740 1734 40
D 1738 921 2 1727 1739 1735 40
D 1725 925 2 1726 1737 1738 13
L 1742 928 -196
L 1743 930 -197
L 1744 928 196
D 1741 929 2 1742 1743 1744 13
L 1746 926 204
D 1745 925 2 1726 1746 1738 40
D 1724 927 2 1725 1741 1745 13
L 1750 932 -314
L 1753 934 -50
L 1754 936 49
L 1755 934 50
D 1752 935 2 1753 1754 1755 13
L 1756 938 -313
L 1758 936 -49
D 1757 935 2 1753 1758 1755 40
D 1751 937 2 1752 1756 1757 13
L 1759 932 314
D 1749 933 2 1750 1751 1759 13
L 1762 940 -318
L 1763 942 -317
L 1764 940 318
D 1761 941 2 1762 1763 1764 13
L 1766 944 -33
L 1767 946 34
L 1768 944 33
D 1765 945 2 1766 1767 1768 13
L 1770 942 317
D 1769 941 2 1762 1770 1764 40
D 1760 943 2 1761 1765 1769 13
L 1773 938 313
D 1772 937 2 1752 1773 1757 40
D 1771 933 2 1750 1772 1759 40
D 1748 939 2 1749 1760 1771 13
L 1776 948 305
L 1778 950 -306
L 1779 952 -304
L 1780 950 306
D 1777 951 2 1778 1779 1780 13
L 1781 948 -305
D 1775 949 2 1776 1777 1781 13
L 1785 954 21
L 1786 956 -22
L 1787 954 -21
D 1784 955 2 1785 1786 1787 13
L 1789 958 -73
L 1790 960 74
L 1791 958 73
D 1788 959 2 1789 1790 1791 13
L 1793 956 22
D 1792 955 2 1785 1793 1787 40
D 1783 957 2 1784 1788 1792 13
L 1795 962 -31
L 1796 964 32
L 1797 962 31
D 1794 963 2 1795 1796 1797 13
L 1800 960 -74
D 1799 959 2 1789 1800 1791 40
D 1798 957 2 1784 1799 1792 40
D 1782 961 2 1783 1794 1798 13
L 1803 952 304
D 1802 951 2 1778 1803 1780 40
D 1801 949 2 1776 1802 1781 40
D 1774 953 2 1775 1782 1801 13
L 1807 946 -34
D 1806 945 2 1766 1807 1768 40
D 1805 943 2 1761 1806 1769 40
D 1804 939 2 1749 1805 1771 40
D 1747 947 2 1748 1774 1804 13
L 1810 930 197
D 1809 929 2 1742 1810 1744 40
D 1808 927 2 1725 1809 1745 40
D 1723 931 2 1724 1747 1808 13
L 1816 966 -280
L 1817 968 281
L 1818 966 280
D 1815 967 2 1816 1817 1818 13
L 1820 970 -251
L 1822 972 -252
L 1823 974 -250
L 1824 972 252
D 1821 973 2 1822 1823 1824 13
L 1825 970 251
D 1819 971 2 1820 1821 1825 13
L 1827 968 -281
D 1826 967 2 1816 1827 1818 40
D 1814 969 2 1815 1819 1826 13
L 1830 976 -275
L 1831 978 -239
L 1832 976 275
D 1829 977 2 1830 1831 1832 13
L 1834 980 -282
L 1835 982 -279
L 1836 980 282
D 1833 981 2 1834 1835 1836 13
L 1838 978 239
D 1837 977 2 1830 1838 1832 40
D 1828 979 2 1829 1833 1837 13
L 1842 974 250
D 1841 973 2 1822 1842 1824 40
D 1840 971 2 1820 1841 1825 40
D 1839 969 2 1815 1840 1826 40
D 1813 975 2 1814 1828 1839 13
L 1846 984 -287
L 1848 986 -165
L 1849 988 -223
L 1850 986 165
D 1847 987 2 1848 1849 1850 13
L 1851 984 287
D 1845 985 2 1846 1847 1851 13
L 1854 990 -4
L 1855 992 -163
L 1856 990 4
D 1853 991 2 1854 1855 1856 13
L 1858 994 -288
L 1860 996 3
L 1862 998 -53
L 1863 1000 54
L 1864 998 53
D 1861 999 2 1862 1863 1864 13
L 1865 996 -3
D 1859 997 2 1860 1861 1865 13
L 1866 994 288
D 1857 995 2 1858 1859 1866 13
L 1868 992 163
D 1867 991 2 1854 1868 1856 40
D 1852 993 2 1853 1857 1867 13
L 1871 988 223
D 1870 987 2 1848 1871 1850 40
D 1869 985 2 1846 1870 1851 40
D 1844 989 2 1845 1852 1869 13
L 1876 1002 -76
L 1877 1004 75
L 1878 1002 76
D 1875 1003 2 1876 1877 1878 13
L 1880 1006 103
L 1882 1008 -104
L 1883 1010 -105
L 1884 1008 104
D 1881 1009 2 1882 1883 1884 13
L 1885 1006 -103
D 1879 1007 2 1880 1881 1885 13
L 1887 1004 -75
D 1886 1003 2 1876 1887 1878 40
D 1874 1005 2 1875 1879 1886 13
L 1889 1012 -13
L 1890 1014 14
L 1891 1012 13
D 1888 1013 2 1889 1890 1891 13
L 1895 1010 105
D 1894 1009 2 1882 1895 1884 40
D 1893 1007 2 1880 1894 1885 40
D 1892 1005 2 1875 1893 1886 40
D 1873 1011 2 1874 1888 1892 13
L 1899 1016 -162
L 1900 1018 -286
L 1901 1016 162
D 1898 1017 2 1899 1900 1901 13
L 1903 1020 -67
L 1904 1022 68
L 1905 1020 67
D 1902 1021 2 1903 1904 1905 13
L 1907 1018 286
D 1906 1017 2 1899 1907 1901 40
D 1897 1019 2 1898 1902 1906 13
L 1910 1024 -24
L 1911 1026 23
L 1912 1024 24
D 1909 1025 2 1910 1911 1912 13
L 1914 1028 201
L 1916 1030 -45
L 1917 1032 46
L 1918 1030 45
D 1915 1031 2 1916 1917 1918 13
L 1919 1028 -201
D 1913 1029 2 1914 1915 1919 13
L 1921 1026 -23
D 1920 1025 2 1910 1921 1912 40
D 1908 1027 2 1909 1913 1920 13
L 1924 1022 -68
D 1923 1021 2 1903 1924 1905 40
D 1922 1019 2 1898 1923 1906 40
D 1896 1023 2 1897 1908 1922 13
L 1927 1014 -14
D 1926 1013 2 1889 1927 1891 40
D 1925 1011 2 1874 1926 1892 40
D 1872 1015 2 1873 1896 1925 13
L 1933 1000 -54
D 1932 999 2 1862 1933 1864 40
D 1931 997 2 1860 1932 1865 40
D 1930 995 2 1858 1931 1866 40
D 1929 993 2 1853 1930 1867 40
D 1928 989 2 1845 1929 1869 40
D 1843 1001 2 1844 1872 1928 13
L 1937 982 279
D 1936 981 2 1834 1937 1836 40
D 1935 979 2 1829 1936 1837 40
D 1934 975 2 1814 1935 1839 40
D 1812 983 2 1813 1843 1934 13
L 1940 1034 -331
L 1941 1036 -249
L 1942 1034 331
D 1939 1035 2 1940 1941 1942 13
L 1944 1038 -332
L 1946 1040 -293
L 1947 1042 -330
L 1948 1040 293
D 1945 1041 2 1946 1947 1948 13
L 1949 1038 332
D 1943 1039 2 1944 1945 1949 13
L 1951 1036 249
D 1950 1035 2 1940 1951 1942 40
D 1938 1037 2 1939 1943 1950 13
L 1959 1032 -46
D 1958 1031 2 1916 1959 1918 40
D 1957 1029 2 1914 1958 1919 40
D 1956 1027 2 1909 1957 1920 40
D 1955 1023 2 1897 1956 1922 40
D 1954 1015 2 1873 1955 1925 40
D 1953 1001 2 1844 1954 1928 40
D 1952 983 2 1813 1953 1934 40
D 1811 1033 2 1812 1938 1952 13
L 1965 964 -32
D 1964 963 2 1795 1965 1797 40
D 1963 961 2 1783 1964 1798 40
D 1962 953 2 1775 1963 1801 40
D 1961 947 2 1748 1962 1804 40
D 1960 931 2 1724 1961 1808 40
D 1722 965 2 1723 1811 1960 13
L 1971 1044 61
L 1974 1046 -62
L 1976 1048 44
L 1977 1050 -43
L 1978 1048 -44
D 1975 1049 2 1976 1977 1978 13
L 1979 1046 62
D 1973 1047 2 1974 1975 1979 13
L 1981 1052 -25
L 1982 1054 26
L 1983 1052 25
D 1980 1053 2 1981 1982 1983 13
L 1986 1050 43
D 1985 1049 2 1976 1986 1978 40
D 1984 1047 2 1974 1985 1979 40
D 1972 1051 2 1973 1980 1984 13
L 1987 1044 -61
D 1970 1045 2 1971 1972 1987 13
L 1990 1056 -164
L 1992 1058 -296
L 1993 1060 -298
L 1994 1058 296
D 1991 1059 2 1992 1993 1994 13
L 1995 1056 164
D 1989 1057 2 1990 1991 1995 13
L 1997 1062 -243
L 1999 1064 -245
L 2000 1066 -246
L 2001 1064 245
D 1998 1065 2 1999 2000 2001 13
L 2002 1062 243
D 1996 1063 2 1997 1998 2002 13
L 2005 1060 298
D 2004 1059 2 1992 2005 1994 40
D 2003 1057 2 1990 2004 1995 40
D 1988 1061 2 1989 1996 2003 13
L 2009 1054 -26
D 2008 1053 2 1981 2009 1983 40
D 2007 1051 2 1973 2008 1984 40
D 2006 1045 2 1971 2007 1987 40
D 1969 1055 2 1970 1988 2006 13
L 2013 1068 307
L 2014 1070 -309
L 2015 1068 -307
D 2012 1069 2 2013 2014 2015 13
L 2016 1072 285
L 2018 1070 309
D 2017 1069 2 2013 2018 2015 40
D 2011 1071 2 2012 2016 2017 13
L 2021 1074 308
L 2022 1076 -244
L 2023 1074 -308
D 2020 1075 2 2021 2022 2023 13
L 2025 1078 -242
L 2026 1080 247
L 2027 1078 242
D 2024 1079 2 2025 2026 2027 13
L 2029 1076 244
D 2028 1075 2 2021 2029 2023 40
D 2019 1077 2 2020 2024 2028 13
L 2031 1072 -285
D 2030 1071 2 2012 2031 2017 40
D 2010 1073 2 2011 2019 2030 13
L 2036 1066 246
D 2035 1065 2 1999 2036 2001 40
D 2034 1063 2 1997 2035 2002 40
D 2033 1061 2 1989 2034 2003 40
D 2032 1055 2 1970 2033 2006 40
D 1968 1067 2 1969 2010 2032 13
L 2041 1082 -442
L 2042 1084 440
L 2043 1082 442
D 2040 1083 2 2041 2042 2043 13
L 2045 1086 -648
L 2046 1088 -649
L 2047 1086 648
D 2044 1087 2 2045 2046 2047 13
L 2049 1084 -440
D 2048 1083 2 2041 2049 2043 40
D 2039 1085 2 2040 2044 2048 13
L 2053 1090 -81
L 2055 1092 -80
L 2056 1094 79
L 2057 1092 80
D 2054 1093 2 2055 2056 2057 13
L 2058 1090 81
D 2052 1091 2 2053 2054 2058 13
L 2060 1096 109
L 2062 1098 -110
L 2063 1100 -111
L 2064 1098 110
D 2061 1099 2 2062 2063 2064 13
L 2065 1096 -109
D 2059 1097 2 2060 2061 2065 13
L 2068 1094 -79
D 2067 1093 2 2055 2068 2057 40
D 2066 1091 2 2053 2067 2058 40
D 2051 1095 2 2052 2059 2066 13
L 2070 1102 -570
L 2072 1104 100
L 2074 1106 -101
L 2075 1108 -102
L 2076 1106 101
D 2073 1107 2 2074 2075 2076 13
L 2077 1104 -100
D 2071 1105 2 2072 2073 2077 13
L 2078 1102 570
D 2069 1103 2 2070 2071 2078 13
L 2082 1100 111
D 2081 1099 2 2062 2082 2064 40
D 2080 1097 2 2060 2081 2065 40
D 2079 1095 2 2052 2080 2066 40
D 2050 1101 2 2051 2069 2079 13
L 2085 1088 649
D 2084 1087 2 2045 2085 2047 40
D 2083 1085 2 2040 2084 2048 40
D 2038 1089 2 2039 2050 2083 13
L 2089 1110 -580
L 2091 1112 -590
L 2092 1114 -591
L 2093 1112 590
D 2090 1113 2 2091 2092 2093 13
L 2094 1110 580
D 2088 1111 2 2089 2090 2094 13
L 2096 1116 -582
L 2097 1118 -583
L 2098 1116 582
D 2095 1117 2 2096 2097 2098 13
L 2101 1114 591
D 2100 1113 2 2091 2101 2093 40
D 2099 1111 2 2089 2100 2094 40
D 2087 1115 2 2088 2095 2099 13
L 2104 1120 -581
L 2105 1122 -650
L 2106 1120 581
D 2103 1121 2 2104 2105 2106 13
L 2108 1124 -647
L 2110 1126 -651
L 2111 1128 -646
L 2112 1126 651
D 2109 1127 2 2110 2111 2112 13
L 2113 1124 647
D 2107 1125 2 2108 2109 2113 13
L 2115 1122 650
D 2114 1121 2 2104 2115 2106 40
D 2102 1123 2 2103 2107 2114 13
L 2118 1118 583
D 2117 1117 2 2096 2118 2098 40
D 2116 1115 2 2088 2117 2099 40
D 2086 1119 2 2087 2102 2116 13
L 2124 1108 102
D 2123 1107 2 2074 2124 2076 40
D 2122 1105 2 2072 2123 2077 40
D 2121 1103 2 2070 2122 2078 40
D 2120 1101 2 2051 2121 2079 40
D 2119 1089 2 2039 2120 2083 40
D 2037 1109 2 2038 2086 2119 13
L 2129 1080 -247
D 2128 1079 2 2025 2129 2027 40
D 2127 1077 2 2020 2128 2028 40
D 2126 1073 2 2011 2127 2030 40
D 2125 1067 2 1969 2126 2032 40
D 1967 1081 2 1968 2037 2125 13
L 2136 1130 -311
L 2138 1132 -310
L 2140 1134 59
L 2141 1136 -60
L 2142 1134 -59
D 2139 1135 2 2140 2141 2142 13
L 2143 1132 310
D 2137 1133 2 2138 2139 2143 13
L 2144 1130 311
D 2135 1131 2 2136 2137 2144 13
L 2147 1138 -229
L 2148 1140 -325
L 2149 1138 229
D 2146 1139 2 2147 2148 2149 13
L 2153 1142 -57
L 2154 1144 58
L 2155 1142 57
D 2152 1143 2 2153 2154 2155 13
L 2157 1146 -10
L 2158 1148 9
L 2159 1146 10
D 2156 1147 2 2157 2158 2159 13
L 2161 1144 -58
D 2160 1143 2 2153 2161 2155 40
D 2151 1145 2 2152 2156 2160 13
L 2163 1150 36
L 2164 1152 -35
L 2165 1150 -36
D 2162 1151 2 2163 2164 2165 13
L 2168 1148 -9
D 2167 1147 2 2157 2168 2159 40
D 2166 1145 2 2152 2167 2160 40
D 2150 1149 2 2151 2162 2166 13
L 2170 1140 325
D 2169 1139 2 2147 2170 2149 40
D 2145 1141 2 2146 2150 2169 13
L 2174 1136 60
D 2173 1135 2 2140 2174 2142 40
D 2172 1133 2 2138 2173 2143 40
D 2171 1131 2 2136 2172 2144 40
D 2134 1137 2 2135 2145 2171 13
L 2179 1154 -284
L 2180 1156 -63
L 2181 1154 284
D 2178 1155 2 2179 2180 2181 13
L 2183 1158 52
L 2184 1160 -51
L 2185 1158 -52
D 2182 1159 2 2183 2184 2185 13
L 2187 1156 63
D 2186 1155 2 2179 2187 2181 40
D 2177 1157 2 2178 2182 2186 13
L 2190 1162 -283
L 2192 1164 16
L 2193 1166 -15
L 2194 1164 -16
D 2191 1165 2 2192 2193 2194 13
L 2195 1162 283
D 2189 1163 2 2190 2191 2195 13
L 2199 1168 -8
L 2200 1170 7
L 2201 1168 8
D 2198 1169 2 2199 2200 2201 13
L 2202 1172 65
L 2204 1170 -7
D 2203 1169 2 2199 2204 2201 40
D 2197 1171 2 2198 2202 2203 13
L 2206 1174 -39
L 2207 1176 40
L 2208 1174 39
D 2205 1175 2 2206 2207 2208 13
L 2210 1172 -65
D 2209 1171 2 2198 2210 2203 40
D 2196 1173 2 2197 2205 2209 13
L 2213 1166 15
D 2212 1165 2 2192 2213 2194 40
D 2211 1163 2 2190 2212 2195 40
D 2188 1167 2 2189 2196 2211 13
L 2216 1160 51
D 2215 1159 2 2183 2216 2185 40
D 2214 1157 2 2178 2215 2186 40
D 2176 1161 2 2177 2188 2214 13
L 2219 1178 240
L 2220 1180 -291
L 2221 1178 -240
D 2218 1179 2 2219 2220 2221 13
L 2224 1182 -315
L 2225 1184 -316
L 2226 1182 315
D 2223 1183 2 2224 2225 2226 13
L 2228 1186 71
L 2229 1188 -72
L 2230 1186 -71
D 2227 1187 2 2228 2229 2230 13
L 2232 1184 316
D 2231 1183 2 2224 2232 2226 40
D 2222 1185 2 2223 2227 2231 13
L 2234 1180 291
D 2233 1179 2 2219 2234 2221 40
D 2217 1181 2 2218 2222 2233 13
L 2239 1176 -40
D 2238 1175 2 2206 2239 2208 40
D 2237 1173 2 2197 2238 2209 40
D 2236 1167 2 2189 2237 2211 40
D 2235 1161 2 2177 2236 2214 40
D 2175 1177 2 2176 2217 2235 13
L 2244 1152 35
D 2243 1151 2 2163 2244 2165 40
D 2242 1149 2 2151 2243 2166 40
D 2241 1141 2 2146 2242 2169 40
D 2240 1137 2 2135 2241 2171 40
D 2133 1153 2 2134 2175 2240 13
L 2249 1190 -553
L 2250 1192 -552
L 2251 1190 553
D 2248 1191 2 2249 2250 2251 13
L 2252 1194 -392
L 2254 1192 552
D 2253 1191 2 2249 2254 2251 40
D 2247 1193 2 2248 2252 2253 13
L 2256 1196 -186
L 2258 1198 187
L 2259 1200 324
L 2260 1198 -187
D 2257 1199 2 2258 2259 2260 13
L 2261 1196 186
D 2255 1197 2 2256 2257 2261 13
L 2263 1194 392
D 2262 1193 2 2248 2263 2253 40
D 2246 1195 2 2247 2255 2262 13
L 2266 1202 -230
L 2267 1204 -233
L 2268 1202 230
D 2265 1203 2 2266 2267 2268 13
L 2270 1206 -565
L 2272 1208 -400
L 2273 1210 -398
L 2274 1208 400
D 2271 1209 2 2272 2273 2274 13
L 2275 1206 565
D 2269 1207 2 2270 2271 2275 13
L 2277 1204 233
D 2276 1203 2 2266 2277 2268 40
D 2264 1205 2 2265 2269 2276 13
L 2281 1200 -324
D 2280 1199 2 2258 2281 2260 40
D 2279 1197 2 2256 2280 2261 40
D 2278 1195 2 2247 2279 2262 40
D 2245 1201 2 2246 2264 2278 13
L 2287 1188 72
D 2286 1187 2 2228 2287 2230 40
D 2285 1185 2 2223 2286 2231 40
D 2284 1181 2 2218 2285 2233 40
D 2283 1177 2 2176 2284 2235 40
D 2282 1153 2 2134 2283 2240 40
D 2132 1189 2 2133 2245 2282 13
L 2291 1212 -312
L 2293 1214 27
L 2294 1216 -28
L 2295 1214 -27
D 2292 1215 2 2293 2294 2295 13
L 2296 1212 312
D 2290 1213 2 2291 2292 2296 13
L 2298 1218 -195
L 2299 1220 323
L 2300 1218 195
D 2297 1219 2 2298 2299 2300 13
L 2303 1216 28
D 2302 1215 2 2293 2303 2295 40
D 2301 1213 2 2291 2302 2296 40
D 2289 1217 2 2290 2297 2301 13
L 2306 1222 -321
L 2307 1224 -215
L 2308 1222 321
D 2305 1223 2 2306 2307 2308 13
L 2310 1226 452
L 2312 1228 -451
L 2314 1230 85
L 2316 1232 -86
L 2317 1234 -87
L 2318 1232 86
D 2315 1233 2 2316 2317 2318 13
L 2319 1230 -85
D 2313 1231 2 2314 2315 2319 13
L 2320 1228 451
D 2311 1229 2 2312 2313 2320 13
L 2321 1226 -452
D 2309 1227 2 2310 2311 2321 13
L 2323 1224 215
D 2322 1223 2 2306 2323 2308 40
D 2304 1225 2 2305 2309 2322 13
L 2326 1220 -323
D 2325 1219 2 2298 2326 2300 40
D 2324 1217 2 2290 2325 2301 40
D 2288 1221 2 2289 2304 2324 13
L 2332 1210 398
D 2331 1209 2 2272 2332 2274 40
D 2330 1207 2 2270 2331 2275 40
D 2329 1205 2 2265 2330 2276 40
D 2328 1201 2 2246 2329 2278 40
D 2327 1189 2 2133 2328 2282 40
D 2131 1211 2 2132 2288 2327 13
L 2337 1236 -212
L 2338 1238 -213
L 2339 1236 212
D 2336 1237 2 2337 2338 2339 13
L 2342 1240 -301
L 2343 1242 -453
L 2344 1240 301
D 2341 1241 2 2342 2343 2344 13
L 2346 1244 64
L 2347 1246 -300
L 2348 1244 -64
D 2345 1245 2 2346 2347 2348 13
L 2350 1242 453
D 2349 1241 2 2342 2350 2344 40
D 2340 1243 2 2341 2345 2349 13
L 2352 1238 213
D 2351 1237 2 2337 2352 2339 40
D 2335 1239 2 2336 2340 2351 13
L 2355 1248 -464
L 2356 1250 -394
L 2357 1248 464
D 2354 1249 2 2355 2356 2357 13
L 2360 1252 42
L 2361 1254 -41
L 2362 1252 -42
D 2359 1253 2 2360 2361 2362 13
L 2365 1256 1
L 2366 1258 -2
L 2367 1256 -1
D 2364 1257 2 2365 2366 2367 13
L 2370 1260 -29
L 2371 1262 30
L 2372 1260 29
D 2369 1261 2 2370 2371 2372 13
L 2374 1264 70
L 2375 1266 -69
L 2376 1264 -70
D 2373 1265 2 2374 2375 2376 13
L 2378 1262 -30
D 2377 1261 2 2370 2378 2372 40
D 2368 1263 2 2369 2373 2377 13
L 2380 1258 2
D 2379 1257 2 2365 2380 2367 40
D 2363 1259 2 2364 2368 2379 13
L 2382 1254 41
D 2381 1253 2 2360 2382 2362 40
D 2358 1255 2 2359 2363 2381 13
L 2384 1250 394
D 2383 1249 2 2355 2384 2357 40
D 2353 1251 2 2354 2358 2383 13
L 2388 1246 300
D 2387 1245 2 2346 2388 2348 40
D 2386 1243 2 2341 2387 2349 40
D 2385 1239 2 2336 2386 2351 40
D 2334 1247 2 2335 2353 2385 13
L 2393 1268 -402
L 2394 1270 -404
L 2395 1268 402
D 2392 1269 2 2393 2394 2395 13
L 2398 1272 -403
L 2399 1274 -401
L 2400 1272 403
D 2397 1273 2 2398 2399 2400 13
L 2401 1276 -406
L 2403 1274 401
D 2402 1273 2 2398 2403 2400 40
D 2396 1275 2 2397 2401 2402 13
L 2405 1270 404
D 2404 1269 2 2393 2405 2395 40
D 2391 1271 2 2392 2396 2404 13
L 2407 1278 -517
L 2409 1280 -518
L 2410 1282 -405
L 2411 1280 518
D 2408 1281 2 2409 2410 2411 13
L 2412 1278 517
D 2406 1279 2 2407 2408 2412 13
L 2415 1276 406
D 2414 1275 2 2397 2415 2402 40
D 2413 1271 2 2392 2414 2404 40
D 2390 1277 2 2391 2406 2413 13
L 2419 1284 -550
L 2420 1286 551
L 2421 1284 550
D 2418 1285 2 2419 2420 2421 13
L 2424 1288 -496
L 2425 1290 497
L 2426 1288 496
D 2423 1289 2 2424 2425 2426 13
L 2428 1292 -658
L 2429 1294 -458
L 2430 1292 658
D 2427 1293 2 2428 2429 2430 13
L 2432 1290 -497
D 2431 1289 2 2424 2432 2426 40
D 2422 1291 2 2423 2427 2431 13
L 2434 1286 -551
D 2433 1285 2 2419 2434 2421 40
D 2417 1287 2 2418 2422 2433 13
L 2438 1296 -654
L 2440 1298 -617
L 2441 1300 -655
L 2442 1298 617
D 2439 1299 2 2440 2441 2442 13
L 2443 1296 654
D 2437 1297 2 2438 2439 2443 13
L 2445 1302 -540
L 2447 1304 -616
L 2448 1306 -615
L 2449 1304 616
D 2446 1305 2 2447 2448 2449 13
L 2450 1302 540
D 2444 1303 2 2445 2446 2450 13
L 2453 1300 655
D 2452 1299 2 2440 2453 2442 40
D 2451 1297 2 2438 2452 2443 40
D 2436 1301 2 2437 2444 2451 13
L 2456 1308 -586
L 2457 1310 -585
L 2458 1308 586
D 2455 1309 2 2456 2457 2458 13
L 2460 1312 -659
L 2462 1314 -447
L 2464 1316 -445
L 2466 1318 -656
L 2467 1320 -657
L 2468 1318 656
D 2465 1319 2 2466 2467 2468 13
L 2469 1316 445
D 2463 1317 2 2464 2465 2469 13
L 2470 1314 447
D 2461 1315 2 2462 2463 2470 13
L 2471 1312 659
D 2459 1313 2 2460 2461 2471 13
L 2473 1310 585
D 2472 1309 2 2456 2473 2458 40
D 2454 1311 2 2455 2459 2472 13
L 2477 1306 615
D 2476 1305 2 2447 2477 2449 40
D 2475 1303 2 2445 2476 2450 40
D 2474 1301 2 2437 2475 2451 40
D 2435 1307 2 2436 2454 2474 13
L 2481 1294 458
D 2480 1293 2 2428 2481 2430 40
D 2479 1291 2 2423 2480 2431 40
D 2478 1287 2 2418 2479 2433 40
D 2416 1295 2 2417 2435 2478 13
L 2485 1282 405
D 2484 1281 2 2409 2485 2411 40
D 2483 1279 2 2407 2484 2412 40
D 2482 1277 2 2391 2483 2413 40
D 2389 1283 2 2390 2416 2482 13
L 2492 1266 69
D 2491 1265 2 2374 2492 2376 40
D 2490 1263 2 2369 2491 2377 40
D 2489 1259 2 2364 2490 2379 40
D 2488 1255 2 2359 2489 2381 40
D 2487 1251 2 2354 2488 2383 40
D 2486 1247 2 2335 2487 2385 40
D 2333 1267 2 2334 2389 2486 13
L 2500 1234 87
D 2499 1233 2 2316 2500 2318 40
D 2498 1231 2 2314 2499 2319 40
D 2497 1229 2 2312 2498 2320 40
D 2496 1227 2 2310 2497 2321 40
D 2495 1225 2 2305 2496 2322 40
D 2494 1221 2 2289 2495 2324 40
D 2493 1211 2 2132 2494 2327 40
D 2130 1235 2 2131 2333 2493 13
L 2507 1128 646
D 2506 1127 2 2110 2507 2112 40
D 2505 1125 2 2108 2506 2113 40
D 2504 1123 2 2103 2505 2114 40
D 2503 1119 2 2087 2504 2116 40
D 2502 1109 2 2038 2503 2119 40
D 2501 1081 2 1968 2502 2125 40
D 1966 1129 2 1967 2130 2501 13
L 2513 1042 330
D 2512 1041 2 1946 2513 1948 40
D 2511 1039 2 1944 2512 1949 40
D 2510 1037 2 1939 2511 1950 40
D 2509 1033 2 1812 2510 1952 40
D 2508 965 2 1723 2509 1960 40
D 1721 1043 2 1722 1966 2508 13
L 2521 916 -124
D 2520 915 2 1699 2521 1701 40
D 2519 913 2 1697 2520 1702 40
D 2518 911 2 1695 2519 1703 40
D 2517 909 2 1676 2518 1704 40
D 2516 897 2 1671 2517 1708 40
D 2515 893 2 1628 2516 1710 40
D 2514 869 2 1540 2515 1714 40
D 1538 917 2 1539 1721 2514 13
L 2529 820 -112
D 2528 819 2 1515 2529 1517 40
D 2527 817 2 1513 2528 1518 40
D 2526 815 2 1511 2527 1519 40
D 2525 813 2 1503 2526 1520 40
D 2524 807 2 1480 2525 1523 40
D 2523 793 2 1395 2524 1527 40
D 2522 747 2 1325 2523 1533 40
D 1323 821 2 1324 1538 2522 13
L 2536 708 222
D 2535 707 2 1299 2536 1301 40
D 2534 705 2 1291 2535 1302 40
D 2533 699 2 1275 2534 1305 40
D 2532 689 2 1252 2533 1308 40
D 2531 675 2 1218 2532 1312 40
D 2530 655 2 1139 2531 1317 40
D 1137 709 2 1138 1323 2530 13
L 2543 614 -228
D 2542 613 2 1114 2543 1116 40
D 2541 611 2 1109 2542 1117 40
D 2540 607 2 1097 2541 1119 40
D 2539 599 2 1082 2540 1122 40
D 2538 589 2 1035 2539 1126 40
D 2537 563 2 887 2538 1130 40
D 885 615 2 886 1137 2537 13
L 2550 484 -522
D 2549 483 2 863 2550 865 40
D 2548 481 2 861 2549 866 40
D 2547 479 2 853 2548 867 40
D 2546 473 2 830 2547 870 40
D 2545 459 2 808 2546 874 40
D 2544 445 2 731 2545 879 40
D 729 485 2 730 885 2544 13
D 2555 387 2 695 704 693 13
D 2557 393 2 701 719 699 13
D 2556 391 2 697 2557 702 13
D 2558 387 2 695 694 693 40
D 2554 389 2 2555 2556 2558 13
D 2561 393 2 701 700 699 40
D 2560 391 2 697 2561 702 40
D 2559 389 2 2555 2560 2558 40
D 2553 395 2 2554 705 2559 13
D 2552 385 2 672 2553 720 13
D 2551 373 2 574 2552 724 13
D 2569 629 2 1167 1159 1170 13
D 2568 625 2 1153 1154 1165 2569
D 2567 623 2 1141 2568 1171 13
D 2572 629 2 1167 1214 1170 40
D 2571 625 2 1153 1213 1165 2572
D 2570 623 2 1141 2571 1171 40
D 2566 633 2 2567 1174 2570 13
D 2573 633 2 2567 1318 2570 40
D 2565 655 2 2566 1217 2573 13
D 2574 655 2 2566 2531 2573 40
D 2564 709 2 2565 1323 2574 13
D 2563 615 2 886 2564 2537 13
D 2562 485 2 730 2563 2544 13
D 2579 387 2 693 704 695 694
D 2578 389 3 2555 2556 692 696 2579 13
L 2582 402 237
D 2581 401 2 711 2582 713 40
D 2580 399 2 706 2581 714 40
D 2583 389 3 2555 2560 692 717 2579 40
D 2577 395 2 2578 2580 2583 40
D 2576 385 2 672 2577 720 40
D 2575 373 2 574 2576 724 40
D 572 403 3 573 729 2551 2562 2575 13
L 2590 320 77
D 2589 319 2 549 2590 551 40
D 2588 317 2 544 2589 552 40
D 2587 313 2 536 2588 554 40
D 2586 307 2 502 2587 557 40
D 2585 287 2 476 2586 562 40
D 2584 271 2 430 2585 567 40
D 428 321 2 429 572 2584 13
L 2598 244 132
D 2597 243 2 406 2598 408 40
D 2596 241 2 404 2597 409 40
D 2595 239 2 385 2596 410 40
D 2594 227 2 380 2595 414 40
D 2593 223 2 369 2594 416 40
D 2592 215 2 339 2593 420 40
D 2591 197 2 327 2592 425 40
D 325 245 2 326 428 2591 13
L 2602 188 593
D 2601 187 2 317 2602 319 40
D 2600 185 2 312 2601 320 40
D 2599 181 2 300 2600 322 40
D 298 189 2 299 325 2599 13
L 2608 172 158
D 2607 171 2 276 2608 281 40
D 2606 167 2 274 2607 283 40
D 2605 165 2 263 2606 284 40
D 2604 157 2 252 2605 288 40
D 2603 149 2 207 2604 292 40
D 205 173 2 206 298 2603 13
L 2615 122 123
D 2614 121 2 189 2615 191 40
D 2613 119 2 187 2614 192 40
D 2612 117 2 179 2613 193 40
D 2611 111 2 171 2612 196 40
D 2610 105 2 163 2611 199 40
D 2609 99 2 151 2610 202 40
D 149 123 2 150 205 2609 13
L 2620 90 429
D 2619 89 2 140 2620 142 40
D 2618 87 2 138 2619 143 40
D 2617 85 2 133 2618 144 40
D 2616 81 2 121 2617 146 40
D 119 91 2 120 149 2616 13
L 2626 72 376
D 2625 71 2 105 2626 107 40
D 2624 69 2 103 2625 108 40
D 2623 67 2 98 2624 109 40
D 2622 63 2 90 2623 111 40
D 2621 57 2 64 2622 114 40
D 62 73 2 63 119 2621 13
L 2630 40 -486
D 2629 39 2 55 2630 57 40
D 2628 37 2 53 2629 58 40
D 2627 35 2 45 2628 59 40
D 43 41 2 44 62 2627 13
L 2634 28 543
D 2633 27 2 35 2634 37 40
D 2632 25 2 30 2633 38 40
D 2631 21 2 25 2632 41 40
D 23 29 2 24 43 2631 13
L 2637 16 611
D 2636 15 2 19 2637 21 40
D 2635 13 2 17 2636 22 40
D 15 17 2 16 23 2635 13
L 2640 10 -432
D 2639 9 2 10 2640 12 40
D 2638 7 2 8 2639 14 40
D 6 11 2 7 15 2638 13
L 2641 4 470
D 4 5 2 5 6 2641 13
L 2642 2 613
D 2 3 2 3 4 2642 13
L 2643 0 612
D 0 1 2 1 2 2643 13
