c ids of sdd nodes start at 0
c sdd nodes appear bottom-up, children before parents
c
c file syntax:
c sdd count-of-sdd-nodes
c F id-of-false-sdd-node
c T id-of-true-sdd-node
c L id-of-literal-sdd-node id-of-vtree literal
c D id-of-decomposition-sdd-node id-of-vtree number-of-elements {id-of-prime id-of-sub}*
c
sdd 2150
L 1 0 164
L 3 2 -165
L 5 4 120
L 8 6 -152
L 10 8 150
L 12 10 151
L 13 12 -179
L 14 10 -151
F 15
D 11 11 2 12 13 14 15
L 16 8 -150
D 9 9 2 10 11 16 15
L 17 6 152
D 7 7 2 8 9 17 15
L 21 14 -178
L 22 16 -149
L 23 14 178
D 20 15 2 21 22 23 15
L 26 18 118
L 28 20 -56
L 29 22 55
L 30 20 56
D 27 21 2 28 29 30 15
L 31 18 -118
D 25 19 2 26 27 31 15
L 33 24 119
L 35 26 -117
L 37 28 -57
L 38 30 58
L 39 28 57
D 36 29 2 37 38 39 15
L 40 26 117
D 34 27 2 35 36 40 15
L 41 24 -119
D 32 25 2 33 34 41 15
L 44 22 -55
T 45
D 43 21 2 28 44 30 45
D 42 19 2 26 43 31 45
D 24 23 2 25 32 42 15
L 47 16 149
D 46 15 2 21 47 23 45
D 19 17 2 20 24 46 15
L 51 32 147
L 53 34 -116
L 54 36 148
L 55 34 116
D 52 35 2 53 54 55 15
L 56 32 -147
D 50 33 2 51 52 56 15
L 60 38 -54
L 61 40 53
L 62 38 54
D 59 39 2 60 61 62 15
L 63 42 -175
L 65 40 -53
D 64 39 2 60 65 62 45
D 58 41 2 59 63 64 15
L 66 44 146
L 68 42 175
D 67 41 2 59 68 64 45
D 57 43 2 58 66 67 15
L 71 36 -148
D 70 35 2 53 71 55 45
D 69 33 2 51 70 56 45
D 49 37 2 50 57 69 15
L 75 46 -145
L 78 48 -51
L 79 50 52
L 80 48 51
D 77 49 2 78 79 80 15
L 82 52 114
L 83 54 -115
L 84 52 -114
D 81 53 2 82 83 84 15
L 86 50 -52
D 85 49 2 78 86 80 45
D 76 51 2 77 81 85 15
L 87 46 145
D 74 47 2 75 76 87 15
L 89 56 -177
L 91 58 -176
L 93 60 41
L 95 62 50
L 96 64 -40
L 97 62 -50
D 94 63 2 95 96 97 15
L 98 60 -41
D 92 61 2 93 94 98 15
L 99 58 176
D 90 59 2 91 92 99 15
L 100 56 177
D 88 57 2 89 90 100 15
L 104 54 115
D 103 53 2 82 104 84 45
D 102 51 2 77 103 85 45
D 101 47 2 75 102 87 45
D 73 55 2 74 88 101 15
L 108 66 98
L 110 68 84
L 113 70 79
L 114 72 -85
L 115 70 -79
D 112 71 2 113 114 115 15
L 118 74 15
L 119 76 -8
L 120 74 -15
D 117 75 2 118 119 120 15
L 121 78 7
L 123 76 8
D 122 75 2 118 123 120 45
D 116 77 2 117 121 122 15
L 125 72 85
D 124 71 2 113 125 115 45
D 111 73 2 112 116 124 15
L 126 68 -84
D 109 69 2 110 111 126 15
L 127 66 -98
D 107 67 2 108 109 127 15
L 131 80 3
L 133 82 -4
L 134 84 89
L 135 82 4
D 132 83 2 133 134 135 15
L 136 80 -3
D 130 81 2 131 132 136 15
L 138 86 103
L 140 88 104
L 142 90 1
L 144 92 -2
L 146 94 80
L 147 96 -81
L 148 94 -80
D 145 95 2 146 147 148 15
L 149 92 2
D 143 93 2 144 145 149 15
L 150 90 -1
D 141 91 2 142 143 150 15
L 151 88 -104
D 139 89 2 140 141 151 15
L 152 86 -103
D 137 87 2 138 139 152 15
L 155 84 -89
D 154 83 2 135 155 133 15
D 153 81 2 136 154 131 15
L 161 96 81
D 160 95 2 148 161 146 15
D 159 93 2 149 160 144 15
D 158 91 2 150 159 142 15
D 157 89 2 140 158 151 15
D 156 87 2 152 157 138 15
D 163 83 2 135 134 133 45
D 164 83 2 133 155 135 45
D 162 81 2 136 163 131 164
D 129 85 3 130 137 153 156 162 15
L 167 98 168
L 169 100 6
L 171 102 -5
L 173 104 59
L 174 106 -60
L 175 104 -59
D 172 105 2 173 174 175 15
L 176 102 5
D 170 103 2 171 172 176 15
L 177 100 -6
D 168 101 2 169 170 177 15
L 178 98 -168
D 166 99 2 167 168 178 15
L 180 108 154
L 184 110 -181
L 185 112 -180
L 186 110 181
D 183 111 2 184 185 186 15
L 188 114 -153
L 191 116 64
L 192 118 -63
L 193 116 -64
D 190 117 2 191 192 193 15
L 194 120 121
L 196 118 63
D 195 117 2 191 196 193 45
D 189 119 2 190 194 195 15
L 197 114 153
D 187 115 2 188 189 197 15
L 199 112 180
D 198 111 2 184 199 186 45
D 182 113 2 183 187 198 15
L 201 122 -184
L 204 124 -122
L 206 126 71
L 208 128 69
L 210 130 -70
L 212 132 -62
L 213 134 61
L 214 132 62
D 211 133 2 212 213 214 15
L 215 130 70
D 209 131 2 210 211 215 15
L 216 128 -69
D 207 129 2 208 209 216 15
L 217 126 -71
D 205 127 2 206 207 217 15
L 218 124 122
D 203 125 2 204 205 218 15
L 223 136 -66
L 224 138 65
L 225 136 66
D 222 137 2 223 224 225 15
L 227 140 -67
L 228 142 68
L 229 140 67
D 226 141 2 227 228 229 15
L 231 138 -65
D 230 137 2 223 231 225 45
D 221 139 2 222 226 230 15
L 234 144 -155
L 236 146 124
L 238 148 156
L 239 150 123
L 240 148 -156
D 237 149 2 238 239 240 15
L 241 146 -124
D 235 147 2 236 237 241 15
L 242 144 155
D 233 145 2 234 235 242 15
L 244 152 -158
L 246 154 125
L 247 156 157
L 248 154 -125
D 245 155 2 246 247 248 15
L 249 152 158
D 243 153 2 244 245 249 15
L 253 150 -123
D 252 149 2 238 253 240 45
D 251 147 2 236 252 241 45
D 250 145 2 234 251 242 45
D 232 151 2 233 243 250 15
D 255 137 2 225 231 223 15
L 257 142 -68
D 256 141 2 229 257 227 15
D 258 137 2 225 224 223 45
D 254 139 2 255 256 258 15
D 261 147 2 241 237 236 15
D 260 145 2 234 261 242 15
L 264 156 -157
D 263 155 2 246 264 248 15
D 262 153 2 249 263 244 15
D 266 147 2 241 252 236 45
D 265 145 2 234 266 242 45
D 259 151 2 260 262 265 15
D 267 139 2 222 256 230 15
D 271 149 2 238 253 240 15
D 270 147 2 241 271 236 15
D 269 145 2 242 270 234 15
D 274 149 2 238 239 240 45
D 273 147 2 241 274 236 45
D 272 145 2 242 273 234 45
D 268 151 2 269 262 272 15
D 276 141 2 227 257 229 228
D 277 141 2 229 228 227 45
D 278 137 2 223 231 225 224
D 275 139 3 222 276 255 277 278 45
D 220 143 4 221 232 254 259 267 268 275 15
L 280 158 -182
L 281 160 -183
L 282 158 182
D 279 159 2 280 281 282 15
D 286 155 2 246 247 248 45
D 285 153 2 249 286 244 45
D 284 151 2 269 285 272 45
D 289 155 2 246 264 248 45
D 288 153 2 244 289 249 45
D 287 151 2 233 288 250 45
D 290 151 2 260 285 265 45
D 283 143 4 267 284 221 287 254 290 275 45
D 219 157 2 220 279 283 15
L 296 134 -61
D 295 133 2 214 296 212 15
D 294 131 2 215 295 210 15
D 293 129 2 216 294 208 15
D 292 127 2 217 293 206 15
D 291 125 2 204 292 218 15
D 299 139 2 255 226 258 15
D 302 155 2 248 247 246 15
D 301 153 2 249 302 244 15
D 300 151 2 260 301 265 15
D 304 141 2 227 257 229 45
D 303 139 3 255 276 222 304 278 45
D 298 143 4 299 259 221 268 254 300 303 15
D 308 155 2 248 264 246 45
D 307 153 2 249 308 244 45
D 306 151 2 260 307 265 45
D 305 143 4 254 306 221 284 299 290 303 45
D 297 157 2 298 279 305 15
D 313 133 2 214 213 212 45
D 312 131 2 215 313 210 45
D 311 129 2 216 312 208 45
D 316 133 2 212 296 214 45
D 315 131 2 210 316 215 45
D 314 129 2 208 315 216 45
D 310 127 2 217 311 206 314
D 309 125 2 204 310 218 45
D 202 135 3 203 219 291 297 309 15
L 317 122 184
D 200 123 2 201 202 317 15
L 321 120 -121
D 320 119 2 190 321 195 45
D 319 115 2 188 320 197 45
D 318 113 2 183 319 198 45
D 181 121 2 182 200 318 15
L 322 108 -154
D 325 115 2 197 189 188 15
D 324 113 2 183 325 198 15
D 328 125 2 218 205 204 15
D 334 149 2 240 239 238 15
D 333 147 2 236 334 241 15
D 332 145 2 242 333 234 15
D 337 149 2 240 253 238 45
D 336 147 2 236 337 241 45
D 335 145 2 242 336 234 45
D 331 151 2 332 243 335 15
D 338 139 2 255 304 258 45
D 330 143 2 299 331 338 15
D 340 151 2 332 288 335 45
D 339 143 2 299 340 338 45
D 329 157 2 330 279 339 15
D 342 127 2 206 314 217 45
D 341 125 2 218 342 204 45
D 327 135 2 328 329 341 15
D 326 123 2 201 327 317 15
D 344 115 2 197 320 188 45
D 343 113 2 183 344 198 45
D 323 121 2 324 326 343 15
D 179 109 2 180 181 322 323
D 345 99 2 178 168 167 15
D 351 117 2 193 196 191 15
D 352 117 2 193 192 191 45
D 350 119 2 351 321 352 15
D 349 115 2 197 350 188 15
D 348 113 2 183 349 198 15
D 357 139 2 255 277 258 45
D 356 143 2 254 259 357 15
L 359 160 183
D 358 159 2 282 359 280 15
D 361 139 2 222 277 230 45
D 360 143 2 267 268 361 15
D 362 159 2 280 359 282 15
D 364 139 2 222 304 230 45
D 363 143 2 221 232 364 15
D 365 159 2 282 281 280 15
D 355 157 4 356 358 360 362 363 365 283 15
D 366 125 2 204 342 218 45
D 354 135 2 203 355 366 15
D 369 143 2 299 259 338 15
D 370 143 2 221 268 364 15
D 371 143 2 254 300 357 15
D 368 157 4 369 358 370 362 371 365 305 15
D 373 127 2 217 311 206 45
D 372 125 2 204 373 218 45
D 367 135 2 291 368 372 15
D 353 123 2 201 354 317 367
D 375 111 2 184 199 186 15
D 376 111 2 186 199 184 15
D 374 113 3 375 349 376 187 185 15
D 381 151 2 269 301 272 15
D 380 143 2 267 381 361 15
D 383 151 2 269 307 272 45
D 382 143 2 267 383 361 45
D 379 157 2 380 279 382 15
D 378 135 2 291 379 372 15
D 377 123 2 317 378 201 15
D 385 111 2 186 185 184 15
D 387 119 2 351 194 352 15
D 386 115 2 188 387 197 15
D 388 111 2 186 199 184 45
D 384 113 2 385 386 388 15
D 391 119 2 351 321 352 45
D 390 115 2 188 391 197 45
D 393 119 2 351 194 352 45
D 392 115 2 197 393 188 45
D 389 113 3 385 390 184 392 376 319
D 347 121 4 348 353 374 377 384 326 389 15
D 346 109 2 180 347 322 15
L 397 106 60
D 396 105 2 173 397 175 45
D 395 103 2 171 396 176 45
D 394 101 2 169 395 177 45
D 165 107 3 166 179 345 346 394 15
D 400 89 2 151 141 140 15
D 399 87 2 138 400 152 15
D 401 87 2 138 157 152 15
D 398 85 3 153 399 130 401 162 15
D 405 103 2 176 172 171 15
D 404 101 2 177 405 169 15
D 403 99 2 167 404 178 15
D 408 103 2 176 396 171 45
D 407 101 2 177 408 169 45
D 406 99 2 167 407 178 45
D 402 107 2 403 179 406 15
D 414 95 2 146 161 148 45
D 413 93 2 144 414 149 45
D 412 91 2 142 413 150 45
D 411 89 2 151 412 140 45
D 418 95 2 148 147 146 45
D 417 93 2 149 418 144 45
D 416 91 2 150 417 142 45
D 415 89 2 140 416 151 45
D 410 87 2 138 411 152 415
D 421 91 2 150 417 142 413
D 420 89 2 140 421 151 45
D 419 87 2 138 420 152 45
D 409 85 3 153 410 130 419 162 45
D 128 97 3 129 165 398 402 409 15
L 426 78 -7
D 425 77 2 117 426 122 45
D 424 73 2 112 425 124 45
D 423 69 2 110 424 126 45
D 422 67 2 108 423 127 45
D 106 79 2 107 128 422 15
L 429 162 128
L 432 164 36
L 435 166 -102
L 437 168 -189
L 438 170 101
L 439 168 189
D 436 169 2 437 438 439 15
L 440 166 102
D 434 167 2 435 436 440 15
L 441 172 100
L 444 170 -101
D 443 169 2 437 444 439 45
D 442 167 2 435 443 440 45
D 433 171 2 434 441 442 15
L 445 164 -36
D 431 165 2 432 433 445 15
L 449 174 -37
L 450 176 -38
L 451 174 37
D 448 175 2 449 450 451 15
L 452 178 39
L 454 176 38
D 453 175 2 449 454 451 45
D 447 177 2 448 452 453 15
L 456 180 -188
L 458 182 97
L 459 184 -99
L 460 182 -97
D 457 183 2 458 459 460 15
L 461 180 188
D 455 181 2 456 457 461 15
L 463 178 -39
D 462 177 2 448 463 453 45
D 446 179 2 447 455 462 15
L 466 172 -100
D 465 171 2 434 466 442 45
D 464 165 2 432 465 445 45
D 430 173 2 431 446 464 15
L 467 162 -128
D 428 163 2 429 430 467 15
L 471 186 166
L 475 188 87
L 476 190 -86
L 477 188 -87
D 474 189 2 475 476 477 15
L 478 192 -88
L 480 190 86
D 479 189 2 477 480 475 15
L 481 192 88
D 482 189 2 477 476 475 480
D 473 191 3 474 478 479 481 482 15
L 483 194 -186
D 484 191 3 479 478 474 481 482 45
D 472 193 2 473 483 484 15
L 485 186 -166
D 470 187 2 471 472 485 15
L 489 196 -91
L 490 198 162
L 491 196 91
D 488 197 2 489 490 491 15
L 494 200 159
L 495 202 -160
L 496 200 -159
D 493 201 2 494 495 496 15
L 497 204 129
L 499 202 160
D 498 201 2 494 499 496 45
D 492 203 2 493 497 498 15
L 501 198 -162
D 500 197 2 489 501 491 45
D 487 199 2 488 492 500 15
L 503 206 -130
L 505 208 -78
L 507 210 96
L 509 212 77
L 510 214 -95
L 511 212 -77
D 508 213 2 509 510 511 15
L 512 210 -96
D 506 211 2 507 508 512 15
L 513 208 78
D 504 209 2 505 506 513 15
L 514 206 130
D 502 207 2 503 504 514 15
L 517 204 -129
D 516 203 2 493 517 498 45
D 515 199 2 488 516 500 45
D 486 205 2 487 502 515 15
L 520 194 186
D 519 193 2 473 520 484 45
D 518 187 2 471 519 485 45
D 469 195 2 470 486 518 15
L 523 216 161
L 525 218 174
L 527 220 -143
L 529 222 -112
L 531 224 113
L 532 226 144
L 533 224 -113
D 530 225 2 531 532 533 15
L 534 222 112
D 528 223 2 529 530 534 15
L 535 220 143
D 526 221 2 527 528 535 15
L 536 218 -174
D 524 219 2 525 526 536 15
L 537 216 -161
D 522 217 2 523 524 537 15
L 542 228 -163
L 543 230 126
L 544 228 163
D 541 229 2 542 543 544 15
L 546 232 -185
L 547 234 127
L 548 232 185
D 545 233 2 546 547 548 15
L 550 230 -126
D 549 229 2 542 550 544 45
D 540 231 2 541 545 549 15
L 553 236 -187
L 554 238 133
L 555 236 187
D 552 237 2 553 554 555 15
L 559 240 -14
L 561 242 13
L 562 244 76
L 563 242 -13
D 560 243 2 561 562 563 15
L 564 240 14
D 558 241 2 559 560 564 15
L 566 246 -82
L 568 248 105
L 570 250 83
L 572 252 10
L 573 254 -9
L 574 252 -10
D 571 253 2 572 573 574 15
L 575 250 -83
D 569 251 2 570 571 575 15
L 576 248 -105
D 567 249 2 568 569 576 15
L 577 246 82
D 565 247 2 566 567 577 15
L 580 244 -76
D 579 243 2 561 580 563 45
D 578 241 2 559 579 564 45
D 557 245 2 558 565 578 15
L 584 256 -12
L 585 258 11
L 586 256 12
D 583 257 2 584 585 586 15
L 587 260 90
L 589 258 -11
D 588 257 2 584 589 586 45
D 582 259 2 583 587 588 15
L 590 262 106
L 592 260 -90
D 591 259 2 583 592 588 45
D 581 261 2 582 590 591 15
L 598 254 9
D 597 253 2 574 598 572 15
D 596 251 2 575 597 570 15
D 595 249 2 568 596 576 15
D 594 247 2 577 595 566 15
D 593 245 2 558 594 578 15
D 601 257 2 586 589 584 15
D 602 257 2 586 585 584 45
D 600 259 2 601 592 602 15
L 603 262 -106
D 604 259 2 601 587 602 45
D 599 261 2 600 603 604 15
D 609 253 2 572 598 574 45
D 608 251 2 570 609 575 45
D 607 249 2 568 608 576 45
D 612 253 2 574 573 572 45
D 611 251 2 575 612 570 45
D 610 249 2 568 611 576 45
D 606 247 2 566 607 577 610
D 605 245 2 558 606 578 45
D 556 255 3 557 581 593 599 605 15
L 614 238 -133
D 613 237 2 553 614 555 45
D 551 239 2 552 556 613 15
L 617 234 -127
D 616 233 2 546 617 548 45
D 615 231 2 541 616 549 45
D 539 235 2 540 551 615 15
L 621 264 107
L 623 266 94
L 625 268 -72
L 627 270 -42
L 628 272 43
L 629 270 42
D 626 271 2 627 628 629 15
L 630 268 72
D 624 269 2 625 626 630 15
L 631 266 -94
D 622 267 2 623 624 631 15
L 632 264 -107
D 620 265 2 621 622 632 15
L 635 274 -108
L 636 276 138
L 637 274 108
D 634 275 2 635 636 637 15
L 639 278 134
L 641 280 74
L 643 282 46
L 644 284 -47
L 645 282 -46
D 642 283 2 643 644 645 15
L 646 280 -74
D 640 281 2 641 642 646 15
L 647 278 -134
D 638 279 2 639 640 647 15
L 649 276 -138
D 648 275 2 635 649 637 45
D 633 277 2 634 638 648 15
L 654 272 -43
D 653 271 2 627 654 629 45
D 652 269 2 625 653 630 45
D 651 267 2 623 652 631 45
D 650 265 2 621 651 632 45
D 619 273 2 620 633 650 15
L 658 286 -93
L 665 288 -25
L 666 290 26
L 667 288 25
D 664 289 2 665 666 667 15
L 668 292 -27
L 670 290 -26
D 669 289 2 667 670 665 15
L 671 292 27
D 672 289 2 665 670 667 666
D 663 291 3 664 668 669 671 672 15
L 675 294 -28
L 676 296 29
L 677 294 28
D 674 295 2 675 676 677 15
L 678 298 -30
L 680 296 -29
D 679 295 2 677 680 675 15
L 681 298 30
D 682 295 2 675 680 677 676
D 673 297 3 674 678 679 681 682 15
D 683 291 3 669 668 664 671 672 45
D 662 293 2 663 673 683 15
L 687 300 -24
L 688 302 35
L 689 300 24
D 686 301 2 687 688 689 15
L 691 304 -22
L 692 306 23
L 693 304 22
D 690 305 2 691 692 693 15
L 695 302 -35
D 694 301 2 689 695 687 15
L 697 306 -23
D 696 305 2 693 697 691 15
D 698 301 2 687 695 689 688
D 685 303 3 686 690 694 696 698 15
L 701 308 -31
L 702 310 32
L 703 308 31
D 700 309 2 701 702 703 15
L 704 312 -33
L 706 310 -32
D 705 309 2 703 706 701 15
L 707 312 33
D 708 309 2 701 706 703 702
D 699 311 3 700 704 705 707 708 15
D 710 305 2 693 692 691 45
D 711 305 2 691 697 693 45
D 709 303 3 694 710 686 711 698 45
D 684 307 2 685 699 709 15
D 713 297 3 679 678 674 681 682 45
D 712 293 2 663 713 683 45
D 661 299 2 662 684 712 15
L 717 314 -18
L 718 316 17
L 719 314 18
D 716 315 2 717 718 719 15
L 720 318 -16
L 722 316 -17
D 721 315 2 719 722 717 15
L 723 318 16
D 724 315 2 717 722 719 718
D 715 317 3 716 720 721 723 724 15
L 727 320 -21
L 728 322 34
L 729 320 21
D 726 321 2 727 728 729 15
L 731 324 20
L 732 326 -19
L 733 324 -20
D 730 325 2 731 732 733 15
L 735 322 -34
D 734 321 2 729 735 727 15
L 737 326 19
D 736 325 2 733 737 731 15
D 738 321 2 727 735 729 728
D 725 323 3 726 730 734 736 738 15
D 739 317 3 721 720 716 723 724 45
D 714 319 2 715 725 739 15
D 742 311 3 705 704 700 707 708 45
D 741 307 2 685 742 709 45
D 740 299 2 662 741 712 45
D 660 313 2 661 714 740 15
L 744 328 75
L 746 330 48
L 747 332 -49
L 748 330 -48
D 745 331 2 746 747 748 15
L 749 328 -75
D 743 329 2 744 745 749 15
D 753 325 2 733 732 731 45
D 754 325 2 731 737 733 45
D 752 323 3 734 753 726 754 738 45
D 751 319 2 715 752 739 45
D 750 313 2 661 751 740 45
D 659 327 2 660 743 750 15
L 755 286 93
D 657 287 2 658 659 755 15
L 757 334 -167
L 758 336 135
L 759 334 167
D 756 335 2 757 758 759 15
L 764 332 49
D 763 331 2 746 764 748 45
D 762 329 2 744 763 749 45
D 761 327 2 660 762 750 45
D 760 287 2 658 761 755 45
D 656 333 2 657 756 760 15
L 769 338 -111
L 770 340 142
L 771 338 111
D 768 339 2 769 770 771 15
L 773 342 141
L 774 344 -173
L 775 342 -141
D 772 343 2 773 774 775 15
L 777 340 -142
D 776 339 2 769 777 771 45
D 767 341 2 768 772 776 15
L 779 346 139
L 781 348 140
L 782 350 -109
L 783 348 -140
D 780 349 2 781 782 783 15
L 784 346 -139
D 778 347 2 779 780 784 15
L 787 344 173
D 786 343 2 773 787 775 45
D 785 341 2 768 786 776 45
D 766 345 2 767 778 785 15
L 792 352 -131
L 794 354 73
L 796 356 -45
L 797 358 44
L 798 356 45
D 795 357 2 796 797 798 15
L 799 354 -73
D 793 355 2 794 795 799 15
L 800 352 131
D 791 353 2 792 793 800 15
L 801 360 132
L 805 358 -44
D 804 357 2 796 805 798 45
D 803 355 2 794 804 799 45
D 802 353 2 792 803 800 45
D 790 359 2 791 801 802 15
L 807 362 -92
L 808 364 136
L 809 362 92
D 806 363 2 807 808 809 15
L 811 360 -132
D 810 359 2 791 811 802 45
D 789 361 2 790 806 810 15
L 814 366 -137
L 815 368 171
L 816 366 137
D 813 367 2 814 815 816 15
L 818 370 -110
L 820 372 170
L 822 374 -172
L 823 376 -169
L 824 374 172
D 821 375 2 822 823 824 15
L 825 372 -170
D 819 373 2 820 821 825 15
L 826 370 110
D 817 371 2 818 819 826 15
L 828 368 -171
D 827 367 2 814 828 816 45
D 812 369 2 813 817 827 15
L 831 364 -136
D 830 363 2 807 831 809 45
D 829 361 2 790 830 810 45
D 788 365 2 789 812 829 15
L 835 350 109
D 834 349 2 781 835 783 45
D 833 347 2 779 834 784 45
D 832 345 2 767 833 785 45
D 765 351 2 766 788 832 15
L 838 336 -135
D 837 335 2 757 838 759 45
D 836 333 2 657 837 760 45
D 655 337 2 656 765 836 15
L 844 284 47
D 843 283 2 643 844 645 45
D 842 281 2 641 843 646 45
D 841 279 2 639 842 647 45
D 840 277 2 634 841 648 45
D 839 273 2 620 840 650 45
D 618 285 2 619 655 839 15
D 847 237 2 553 614 555 15
D 851 243 2 563 580 561 15
D 850 241 2 564 851 559 15
D 853 243 2 563 562 561 45
D 852 241 2 564 853 559 45
D 849 245 2 850 594 852 15
D 856 249 2 576 569 568 15
D 855 247 2 566 856 577 15
D 854 245 2 850 855 852 15
D 857 261 2 600 590 604 15
D 860 249 2 576 608 568 45
D 859 247 2 566 860 577 610
D 858 245 2 850 859 852 45
D 848 255 3 849 581 854 857 858 15
D 861 237 2 553 554 555 45
D 846 239 2 847 848 861 15
D 845 235 2 540 846 615 15
D 865 279 2 647 640 639 15
D 864 277 2 634 865 648 15
D 863 273 2 620 864 650 15
D 868 279 2 647 842 639 45
D 867 277 2 634 868 648 45
D 866 273 2 620 867 650 45
D 862 285 2 863 655 866 15
D 872 261 2 600 603 604 45
D 873 261 2 582 603 591 45
D 871 255 3 854 872 849 873 858 45
D 875 261 2 600 590 604 45
D 874 255 3 593 875 557 873 605 45
D 870 239 3 847 871 552 874 555 45
D 869 235 2 540 870 615 45
D 538 263 3 539 618 845 862 869 15
L 881 226 -144
D 880 225 2 531 881 533 45
D 879 223 2 529 880 534 45
D 878 221 2 527 879 535 45
D 877 219 2 525 878 536 45
D 876 217 2 523 877 537 45
D 521 227 2 522 538 876 15
L 888 214 95
D 887 213 2 509 888 511 45
D 886 211 2 507 887 512 45
D 885 209 2 505 886 513 45
D 884 207 2 503 885 514 45
D 883 205 2 487 884 515 45
D 882 195 2 470 883 518 45
D 468 215 2 469 521 882 15
D 893 167 2 440 436 435 15
D 894 167 2 440 443 435 45
D 892 171 2 893 466 894 15
D 891 165 2 445 892 432 15
D 897 175 2 451 454 449 15
D 898 175 2 451 450 449 45
D 896 177 2 897 463 898 15
L 901 184 99
D 900 183 2 460 901 458 15
D 899 181 2 456 900 461 15
D 902 177 2 897 452 898 45
D 895 179 2 896 899 902 15
D 904 171 2 893 441 894 45
D 903 165 2 445 904 432 45
D 890 173 2 891 895 903 15
D 889 163 2 467 890 429 15
D 907 187 2 485 472 471 15
D 910 197 2 491 490 489 15
D 912 201 2 496 499 494 15
D 913 201 2 496 495 494 45
D 911 203 2 912 517 913 15
D 914 197 2 491 501 489 45
D 909 199 2 910 911 914 15
D 918 213 2 511 888 509 15
D 917 211 2 507 918 512 15
D 916 209 2 513 917 505 15
D 915 207 2 514 916 503 15
D 920 203 2 912 497 913 45
D 919 199 2 910 920 914 45
D 908 205 2 909 915 919 15
D 921 187 2 485 519 471 45
D 906 195 2 907 908 921 15
D 926 229 2 544 543 542 15
D 927 229 2 544 550 542 45
D 925 231 2 926 545 927 15
D 928 239 2 552 848 613 15
D 929 231 2 926 616 927 45
D 924 235 2 925 928 929 15
D 935 271 2 629 654 627 15
D 934 269 2 630 935 625 15
D 933 267 2 631 934 623 15
D 932 265 2 632 933 621 15
D 939 283 2 645 844 643 15
D 938 281 2 646 939 641 15
D 937 279 2 639 938 647 15
D 936 277 2 634 937 648 15
D 943 271 2 629 628 627 45
D 942 269 2 630 943 625 45
D 941 267 2 631 942 623 45
D 940 265 2 632 941 621 45
D 931 273 2 932 936 940 15
D 948 339 2 771 770 769 15
D 949 343 2 775 787 773 15
D 950 339 2 771 777 769 45
D 947 341 2 948 949 950 15
D 952 349 2 781 835 783 15
D 951 347 2 784 952 779 15
D 954 343 2 775 774 773 45
D 953 341 2 948 954 950 45
D 946 345 2 947 951 953 15
D 960 357 2 798 805 796 15
D 959 355 2 799 960 794 15
D 958 353 2 800 959 792 15
D 963 357 2 798 797 796 45
D 962 355 2 799 963 794 45
D 961 353 2 800 962 792 45
D 957 359 2 958 811 961 15
D 964 363 2 809 808 807 15
D 965 359 2 958 801 961 45
D 956 361 2 957 964 965 15
D 967 367 2 816 828 814 15
D 970 375 2 824 823 822 15
D 969 373 2 825 970 820 15
D 968 371 2 818 969 826 15
D 971 367 2 816 815 814 45
D 966 369 2 967 968 971 15
D 973 363 2 809 831 807 45
D 972 361 2 957 973 965 45
D 955 365 2 956 966 972 15
D 976 349 2 781 782 783 45
D 975 347 2 784 976 779 45
D 974 345 2 947 975 953 45
D 945 351 2 946 955 974 15
D 944 337 2 656 945 836 15
D 981 283 2 645 644 643 45
D 980 281 2 646 981 641 45
D 979 279 2 639 980 647 45
D 978 277 2 634 979 648 45
D 977 273 2 932 978 940 45
D 930 285 2 931 944 977 15
D 983 239 2 552 871 613 45
D 982 235 2 925 983 929 45
D 923 263 2 924 930 982 15
D 988 225 2 531 881 533 15
D 987 223 2 534 988 529 15
D 986 221 2 535 987 527 15
D 985 219 2 536 986 525 15
D 984 217 2 537 985 523 15
D 990 235 2 925 551 929 15
D 993 265 2 621 933 632 15
D 995 275 2 637 636 635 15
D 996 275 2 637 649 635 45
D 994 277 2 995 937 996 15
D 997 265 2 621 941 632 45
D 992 273 2 993 994 997 15
D 1003 331 2 748 764 746 15
D 1002 329 2 749 1003 744 15
D 1001 327 2 660 1002 750 15
D 1000 287 2 755 1001 658 15
D 1007 331 2 748 747 746 45
D 1006 329 2 749 1007 744 45
D 1005 327 2 660 1006 750 45
D 1004 287 2 755 1005 658 45
D 999 333 2 1000 756 1004 15
D 1011 339 2 771 777 769 15
D 1012 339 2 771 770 769 45
D 1010 341 2 1011 772 1012 15
D 1014 349 2 783 835 781 15
D 1013 347 2 779 1014 784 15
D 1015 341 2 1011 786 1012 45
D 1009 345 2 1010 1013 1015 15
D 1018 359 2 958 801 961 15
D 1019 359 2 958 811 961 45
D 1017 361 2 1018 964 1019 15
D 1022 373 2 825 821 820 15
D 1021 371 2 826 1022 818 15
D 1020 369 2 813 1021 827 15
D 1023 361 2 1018 973 1019 45
D 1016 365 2 1017 1020 1023 15
D 1026 349 2 783 782 781 45
D 1025 347 2 779 1026 784 45
D 1024 345 2 1010 1025 1015 45
D 1008 351 2 1009 1016 1024 15
D 1027 333 2 1000 837 1004 45
D 998 337 2 999 1008 1027 15
D 1030 267 2 631 624 623 15
D 1029 265 2 621 1030 632 15
D 1032 275 2 637 649 635 15
D 1033 275 2 637 636 635 45
D 1031 277 2 1032 937 1033 15
D 1035 267 2 631 652 623 45
D 1034 265 2 621 1035 632 45
D 1028 273 2 1029 1031 1034 15
L 1043 376 169
D 1042 375 2 822 1043 824 15
D 1041 373 2 825 1042 820 15
D 1040 371 2 826 1041 818 15
D 1039 369 2 967 1040 971 15
D 1038 365 2 1017 1039 1023 15
D 1037 351 2 1009 1038 1024 15
D 1036 337 2 999 1037 1027 15
D 1045 277 2 995 979 996 45
D 1046 277 2 1032 979 1033 45
D 1049 269 2 625 653 630 943
D 1048 267 2 631 1049 623 45
D 1047 265 2 621 1048 632 45
D 1044 273 3 993 1045 1029 1046 1047 45
D 991 285 3 992 998 1028 1036 1044 15
D 1052 233 2 546 617 548 15
D 1051 231 2 926 1052 927 15
D 1054 233 2 546 547 548 45
D 1053 231 2 926 1054 927 45
D 1050 235 2 1051 551 1053 15
D 1056 273 2 1029 633 1034 15
D 1059 287 2 658 1001 755 15
D 1060 287 2 658 1005 755 45
D 1058 333 2 1059 756 1060 15
D 1064 343 2 775 774 773 15
D 1063 341 2 948 1064 950 15
D 1066 343 2 775 787 773 45
D 1065 341 2 948 1066 950 45
D 1062 345 2 1063 951 1065 15
D 1069 367 2 814 828 816 15
D 1070 371 2 818 1041 826 15
D 1071 367 2 814 815 816 45
D 1068 369 2 1069 1070 1071 15
D 1067 365 2 1017 1068 1023 15
D 1072 345 2 1063 975 1065 45
D 1061 351 2 1062 1067 1072 15
D 1073 333 2 1059 837 1060 45
D 1057 337 2 1058 1061 1073 15
D 1074 273 2 1029 840 1034 45
D 1055 285 2 1056 1057 1074 15
D 1076 231 2 926 546 927 15
D 1077 239 2 552 874 613 45
D 1078 231 2 926 548 927 45
D 1075 235 2 1076 1077 1078 45
D 989 263 3 990 991 1050 1055 1075 15
D 1080 219 2 536 526 525 15
D 1079 217 2 537 1080 523 15
D 1083 273 2 620 936 650 15
D 1084 337 2 656 1061 836 15
D 1085 273 2 620 978 650 45
D 1082 285 2 1083 1084 1085 15
D 1086 235 2 925 1077 929 45
D 1081 263 2 990 1082 1086 15
D 1087 217 2 537 524 523 15
D 1092 365 2 1017 966 1023 15
D 1091 351 2 946 1092 974 15
D 1090 337 2 656 1091 836 15
D 1093 273 2 932 633 940 15
D 1096 345 2 767 951 785 15
D 1097 345 2 767 975 785 45
D 1095 351 2 1096 1092 1097 15
D 1094 337 2 656 1095 836 15
D 1101 281 2 646 981 641 843
D 1100 279 2 639 1101 647 45
D 1099 277 2 634 1100 648 45
D 1098 273 2 932 1099 940 45
D 1089 285 3 931 1090 1093 1094 1098 15
D 1088 263 2 990 1089 1086 15
D 1102 217 2 523 985 537 15
D 1107 365 2 956 1020 972 15
D 1106 351 2 1009 1107 1024 15
D 1105 337 2 999 1106 1027 15
D 1108 273 2 993 1045 997 45
D 1104 285 2 992 1105 1108 15
D 1103 263 2 924 1104 982 15
D 1113 225 2 531 532 533 45
D 1112 223 2 534 1113 529 45
D 1111 221 2 527 879 535 1112
D 1110 219 2 536 1111 525 878
D 1115 221 2 535 1112 527 45
D 1114 219 2 536 1115 525 878
D 1109 217 2 537 1110 523 1114
D 922 227 6 522 923 984 989 1079 1081 1087 1088 1102 1103 1109 15
D 1116 195 2 470 908 518 15
D 1119 235 2 925 846 929 15
D 1121 239 2 847 871 861 45
D 1120 235 2 925 1121 929 45
D 1118 263 2 1119 1082 1120 15
D 1124 273 2 1029 1046 1034 45
D 1123 285 2 1028 1036 1124 15
D 1122 263 2 1119 1123 1120 15
D 1126 219 2 536 1111 525 45
D 1125 217 2 537 1126 523 45
D 1117 227 3 1079 1118 984 1122 1125 15
D 1129 207 2 503 916 514 15
D 1128 205 2 909 1129 919 15
D 1127 195 2 907 1128 921 15
D 1134 351 2 1096 1067 1097 15
D 1133 337 2 656 1134 836 15
D 1132 285 2 619 1133 839 15
D 1131 263 2 990 1132 1086 15
D 1136 219 2 536 878 525 45
D 1135 217 2 537 1136 523 45
D 1130 227 2 1079 1131 1135 15
D 1141 213 2 511 510 509 45
D 1140 211 2 507 1141 512 45
D 1139 209 2 513 1140 505 45
D 1138 205 2 909 1139 919 45
D 1143 207 2 514 1139 503 45
D 1142 205 2 909 1143 919 45
D 1137 195 3 907 1138 470 1142 519 45
D 905 215 4 906 922 1116 1117 1127 1130 1137 15
D 1144 163 2 429 890 467 15
D 1149 239 3 552 556 847 848 555 15
D 1148 235 2 925 1149 929 15
D 1151 273 2 1029 936 1034 15
D 1154 345 2 1010 951 1015 15
D 1156 369 2 1069 1040 1071 15
D 1155 365 2 789 1156 829 15
D 1157 345 2 1010 975 1015 45
D 1153 351 2 1154 1155 1157 15
D 1152 337 2 999 1153 1027 15
D 1158 273 2 1029 978 1034 45
D 1150 285 2 1151 1152 1158 15
D 1159 235 2 1051 1149 1053 15
D 1163 345 2 1063 778 1065 15
D 1164 365 2 789 1068 829 15
D 1165 345 2 1063 833 1065 45
D 1162 351 2 1163 1164 1165 15
D 1161 337 2 1058 1162 1073 15
D 1160 285 2 1056 1161 1074 15
D 1166 235 2 1076 870 1078 45
D 1147 263 3 1148 1150 1159 1160 1166 15
D 1172 241 2 564 853 559 579
D 1171 245 3 558 565 850 594 1172 15
D 1173 245 3 558 606 850 859 1172 45
D 1170 255 4 1171 581 593 599 854 857 1173 15
D 1169 239 2 552 1170 613 15
D 1168 235 2 925 1169 929 15
D 1180 353 2 800 793 792 15
D 1181 353 2 800 803 792 45
D 1179 359 2 1180 801 1181 15
D 1182 359 2 1180 811 1181 45
D 1178 361 2 1179 806 1182 15
D 1184 371 2 826 969 818 15
D 1183 369 2 967 1184 971 15
D 1185 361 2 1179 830 1182 45
D 1177 365 2 1178 1183 1185 15
D 1176 351 2 1154 1177 1157 15
D 1175 337 2 999 1176 1027 15
D 1174 285 2 931 1175 977 15
D 1186 235 2 1051 928 1053 15
D 1190 345 2 947 778 953 15
D 1193 371 2 818 1022 826 15
D 1192 369 2 967 1193 971 15
D 1191 365 2 1178 1192 1185 15
D 1194 345 2 947 833 953 45
D 1189 351 2 1190 1191 1194 15
D 1188 337 2 1058 1189 1073 15
D 1195 273 2 932 840 940 45
D 1187 285 2 1093 1188 1195 15
D 1198 255 4 854 872 593 875 1171 873 1173 45
D 1197 239 2 552 1198 613 45
D 1196 235 3 925 1197 1051 983 1078 45
D 1167 263 3 1168 1174 1186 1187 1196 15
D 1201 337 2 656 1189 836 15
D 1205 369 2 967 817 971 15
D 1204 365 2 1178 1205 1185 15
D 1203 351 2 766 1204 832 15
D 1202 337 2 656 1203 836 15
D 1200 285 3 931 1201 1093 1202 1098 15
D 1207 273 2 932 864 940 15
D 1210 279 2 639 980 647 842
D 1209 277 2 634 1210 648 45
D 1208 273 2 932 1209 940 45
D 1206 285 3 931 1201 1207 1202 1208 15
D 1211 235 2 925 1197 929 45
D 1199 263 3 990 1200 924 1206 1211 15
D 1212 217 2 523 1080 537 15
D 1215 337 2 656 1162 836 15
D 1214 285 2 1083 1215 1085 15
D 1216 235 2 925 870 929 45
D 1213 263 2 1148 1214 1216 15
D 1217 217 2 537 1114 523 1126
D 1146 227 5 1102 1147 984 1167 1087 1199 1212 1213 1217 15
D 1223 213 2 511 510 509 15
D 1222 211 2 512 1223 507 15
D 1221 209 2 513 1222 505 15
D 1220 207 2 514 1221 503 15
D 1219 205 2 909 1220 919 15
D 1218 195 2 470 1219 518 15
D 1226 235 2 1051 1077 1053 45
D 1225 263 2 1050 1187 1226 15
D 1228 219 2 536 1115 525 45
D 1227 217 2 537 1228 523 45
D 1224 227 2 984 1225 1227 15
D 1229 195 2 470 1128 518 15
D 1235 213 2 511 888 509 45
D 1234 211 2 512 1235 507 1141
D 1233 209 2 513 1234 505 45
D 1232 207 2 514 1233 503 1139
D 1231 205 2 909 1232 919 45
D 1230 195 2 470 1231 518 45
D 1145 215 4 1116 1146 1218 1224 1229 521 1230 15
D 1240 183 2 460 459 458 45
D 1239 181 2 456 1240 461 45
D 1238 179 2 896 1239 902 45
D 1243 183 2 458 901 460 45
D 1242 181 2 456 1243 461 45
D 1241 179 2 447 1242 462 45
D 1244 165 2 432 465 445 904
D 1237 173 3 891 1238 431 1241 1244 45
D 1245 173 2 891 1238 903 45
D 1236 163 2 429 1237 467 1245
D 427 185 4 428 468 889 905 1144 1145 1236 15
D 1250 71 2 115 125 113 15
D 1252 75 2 120 123 118 15
D 1253 75 2 120 119 118 45
D 1251 77 2 1252 426 1253 15
D 1254 71 2 115 114 113 45
D 1249 73 2 1250 1251 1254 15
D 1248 69 2 126 1249 110 15
D 1247 67 2 127 1248 108 15
D 1258 83 2 133 155 135 15
D 1257 81 2 131 1258 136 15
D 1260 83 2 133 134 135 45
D 1259 81 2 131 1260 136 163
D 1256 85 3 1257 137 153 156 1259 15
D 1265 115 2 197 350 188 189
D 1266 111 2 184 185 186 45
D 1264 113 2 375 1265 1266 15
D 1267 123 2 201 378 317 15
D 1268 113 2 183 386 198 15
D 1270 115 2 188 391 197 393
D 1271 115 2 197 393 188 320
D 1269 113 3 183 1270 375 1271 186 45
D 1263 121 4 1264 1267 1268 326 348 200 1269 15
D 1262 109 2 180 1263 322 15
D 1261 107 3 166 179 345 1262 394 15
D 1272 85 3 153 399 1257 401 1259 15
D 1273 85 3 153 410 1257 419 1259 45
D 1255 97 3 1256 1261 1272 402 1273 15
D 1277 77 2 1252 121 1253 45
D 1276 73 2 1250 1277 1254 45
D 1275 69 2 126 1276 110 45
D 1274 67 2 127 1275 108 45
D 1246 79 2 1247 1255 1274 15
D 1284 169 2 439 444 437 15
D 1283 167 2 435 1284 440 15
D 1286 169 2 439 438 437 45
D 1285 167 2 435 1286 440 45
D 1282 171 2 1283 466 1285 15
D 1281 165 2 432 1282 445 15
D 1289 183 2 460 459 458 15
D 1288 181 2 461 1289 456 15
D 1287 179 2 447 1288 462 15
D 1291 171 2 1283 441 1285 45
D 1290 165 2 432 1291 445 45
D 1280 173 2 1281 1287 1290 15
D 1279 163 2 429 1280 467 15
D 1295 207 2 514 504 503 15
D 1294 205 2 487 1295 515 15
D 1293 195 2 470 1294 518 15
D 1300 233 2 548 617 546 15
D 1299 231 2 926 1300 927 15
D 1304 259 2 583 592 588 15
D 1305 259 2 583 587 588 45
D 1303 261 2 1304 590 1305 15
D 1302 255 3 849 1303 854 857 858 15
D 1301 239 2 552 1302 613 15
D 1307 233 2 548 547 546 45
D 1306 231 2 926 1307 927 45
D 1298 235 2 1299 1301 1306 15
D 1311 335 2 759 838 757 15
D 1310 333 2 1059 1311 1060 15
D 1315 363 2 807 831 809 15
D 1314 361 2 1179 1315 1182 15
D 1317 363 2 807 808 809 45
D 1316 361 2 1179 1317 1182 45
D 1313 365 2 1314 1192 1316 15
D 1312 351 2 1163 1313 1165 15
D 1319 335 2 759 758 757 15
D 1318 333 2 1059 1319 1060 15
D 1322 361 2 1018 806 1019 15
D 1323 361 2 1018 830 1019 45
D 1321 365 2 1322 1192 1323 15
D 1320 351 2 1062 1321 1072 15
D 1324 333 2 1059 757 1060 45
D 1309 337 3 1310 1312 1318 1320 1324 15
D 1308 285 2 1093 1309 1195 15
D 1327 255 3 557 1303 593 599 605 15
D 1326 239 3 847 1302 552 1327 555 15
D 1325 235 2 1299 1326 1306 15
D 1331 365 2 1322 1068 1323 15
D 1332 365 2 1314 1068 1316 15
D 1334 347 2 784 976 779 834
D 1333 345 2 1063 1334 1065 45
D 1330 351 3 1062 1331 1163 1332 1333 15
D 1336 335 2 759 838 757 45
D 1335 333 2 1059 1336 1060 45
D 1329 337 2 1318 1330 1335 15
D 1328 285 2 1056 1329 1074 15
D 1339 233 2 548 547 546 15
D 1338 231 2 926 1339 927 15
D 1341 233 2 548 617 546 45
D 1340 231 2 926 1341 927 45
D 1337 235 2 1338 1301 1340 15
D 1346 369 2 967 1021 971 15
D 1345 365 2 1178 1346 1185 15
D 1344 351 2 1154 1345 1157 15
D 1348 335 2 759 758 757 45
D 1347 333 2 1059 1348 1060 45
D 1343 337 2 1310 1344 1347 15
D 1352 369 2 1069 1021 1071 15
D 1351 365 2 1322 1352 1323 15
D 1350 351 2 1009 1351 1024 15
D 1349 337 2 1318 1350 1335 15
D 1353 273 3 993 1045 932 978 941 45
D 1342 285 3 931 1343 992 1349 1353 15
D 1355 239 2 552 1327 613 15
D 1354 235 2 1338 1355 1340 15
D 1359 365 2 1178 1156 1185 15
D 1358 351 2 1154 1359 1157 15
D 1357 337 2 1318 1358 1335 15
D 1362 365 2 1322 1039 1323 15
D 1361 351 2 1009 1362 1024 15
D 1360 337 2 1318 1361 1335 15
D 1365 275 2 637 649 635 636
D 1366 275 2 635 649 637 636
D 1364 277 2 1365 979 1366 45
D 1367 265 2 621 1048 632 941
D 1363 273 4 1029 1364 993 1045 932 978 1367 45
D 1356 285 5 931 1343 1151 1357 992 1349 1028 1360 1363 15
D 1369 239 2 847 1302 861 15
D 1368 235 2 1338 1369 1340 15
D 1371 273 2 1029 1364 1034 45
D 1370 285 3 1151 1357 1028 1360 1371 15
D 1373 231 2 926 548 927 15
D 1376 261 2 1304 603 1305 45
D 1375 255 3 849 1376 854 872 858 45
D 1377 255 4 1171 1376 854 872 593 875 1173 45
D 1374 239 3 847 1375 552 1377 555 45
D 1378 231 2 926 546 927 45
D 1372 235 2 1373 1374 1378 45
D 1297 263 6 1298 1308 1325 1328 1337 1342 1354 1356 1368 1370 1372 15
D 1382 333 2 657 1311 760 15
D 1383 333 2 657 1319 760 15
D 1384 351 2 1096 1321 1097 15
D 1385 333 2 657 757 760 45
D 1381 337 3 1382 1203 1383 1384 1385 15
D 1387 351 2 1163 1191 1165 15
D 1386 337 3 1383 1320 1382 1387 1385 15
D 1390 365 2 1178 1068 1185 15
D 1389 351 3 1163 1390 1062 1331 1333 15
D 1391 333 2 657 1336 760 45
D 1388 337 2 1383 1389 1391 15
D 1395 369 2 1069 817 1071 15
D 1394 365 2 1178 1395 1185 15
D 1396 345 2 767 1334 785 45
D 1393 351 3 766 1394 1096 1331 1396 15
D 1392 337 2 1383 1393 1391 15
D 1398 265 2 632 933 621 1030
D 1399 265 2 621 1035 632 941
D 1397 273 2 1398 1099 1399 45
D 1380 285 5 1093 1381 931 1386 1151 1388 1056 1392 1397 15
D 1400 285 3 1207 1381 931 1386 1208 15
D 1402 273 2 1029 864 1034 15
D 1403 273 2 1029 1209 1034 45
D 1401 285 3 1151 1388 1402 1392 1403 15
D 1404 235 2 1338 1374 1340 45
D 1379 263 4 1354 1380 1337 1400 1368 1401 1404 15
D 1296 227 3 984 1297 1079 1379 1125 15
D 1406 205 2 487 915 515 15
D 1405 195 2 470 1406 518 15
D 1411 351 3 1163 1191 1062 1321 1333 15
D 1410 337 2 1318 1411 1335 15
D 1409 285 2 1093 1410 1195 15
D 1413 337 2 1318 1389 1335 15
D 1412 285 2 1056 1413 1074 15
D 1415 337 2 1318 1344 1335 15
D 1414 285 3 931 1415 992 1349 1353 15
D 1416 285 5 931 1415 1151 1357 992 1349 1028 1360 1363 15
D 1408 263 6 1298 1409 1325 1412 1337 1414 1354 1416 1368 1370 1372 15
D 1420 351 3 1096 1321 766 1204 1396 15
D 1419 337 2 1383 1420 1391 15
D 1421 337 2 1383 1411 1391 15
D 1418 285 5 1093 1419 931 1421 1151 1388 1056 1392 1397 15
D 1422 285 3 1207 1419 931 1421 1208 15
D 1417 263 4 1354 1418 1337 1422 1368 1401 1404 15
D 1407 227 3 984 1408 1079 1417 1125 15
D 1427 211 2 512 508 507 15
D 1426 209 2 505 1427 513 15
D 1425 207 2 514 1426 503 15
D 1424 205 2 487 1425 515 15
D 1423 195 2 470 1424 518 15
D 1430 235 2 1299 1355 1306 15
D 1432 337 2 1310 1312 1347 15
D 1431 285 2 1093 1432 1195 15
D 1435 229 2 544 550 542 15
D 1436 229 2 544 543 542 45
D 1434 231 2 1435 1300 1436 15
D 1437 231 2 1435 1307 1436 45
D 1433 235 2 1434 1355 1437 15
D 1439 337 2 1318 1320 1335 15
D 1438 285 2 1093 1439 1195 15
D 1441 231 2 544 1300 542 15
D 1443 255 3 557 1376 593 875 605 45
D 1442 239 2 552 1443 613 45
D 1444 231 2 544 1307 542 45
D 1440 235 2 1441 1442 1444 45
D 1429 263 3 1430 1431 1433 1438 1440 15
D 1428 227 2 984 1429 1227 15
D 1446 205 2 487 1220 515 15
D 1445 195 2 470 1446 518 15
D 1450 337 2 1318 1387 1335 15
D 1449 285 2 1093 1450 1195 15
D 1448 263 3 1433 1438 1430 1449 1440 15
D 1447 227 2 984 1448 1227 15
D 1454 209 2 513 1234 505 887
D 1453 207 2 514 1454 503 45
D 1452 205 2 487 1453 515 45
D 1451 195 2 470 1452 518 45
D 1292 215 5 1293 1296 1405 1407 1423 1428 1445 1447 1451 15
D 1459 183 2 460 901 458 45
D 1458 181 2 461 1459 456 45
D 1457 179 2 447 1458 462 45
D 1456 173 2 1281 1457 1290 45
D 1455 163 2 429 1456 467 45
D 1278 185 2 1279 1292 1455 15
D 1461 67 2 127 109 108 15
D 1462 67 2 127 423 108 45
D 1460 79 2 1461 128 1462 15
D 1467 193 2 473 520 484 15
D 1466 187 2 471 1467 485 15
D 1470 197 2 489 501 491 15
D 1471 197 2 489 490 491 45
D 1469 199 2 1470 492 1471 15
D 1472 199 2 1470 516 1471 45
D 1468 205 2 1469 1295 1472 15
D 1474 193 2 473 483 484 45
D 1473 187 2 471 1474 485 45
D 1465 195 2 1466 1468 1473 15
D 1476 263 2 1148 1150 1216 15
D 1480 333 2 1000 1311 1004 15
D 1481 333 2 1000 1348 1004 45
D 1479 337 2 1480 1176 1481 15
D 1478 285 2 931 1479 977 15
D 1477 263 2 1168 1478 1211 15
D 1475 227 3 1102 1476 984 1477 1228 15
D 1484 235 2 1299 1149 1306 15
D 1489 361 2 790 1315 810 15
D 1490 361 2 790 1317 810 45
D 1488 365 2 1489 1068 1490 15
D 1487 351 2 1163 1488 1165 15
D 1486 337 2 1318 1487 1335 15
D 1485 285 2 1056 1486 1074 15
D 1491 235 2 1299 870 1306 45
D 1483 263 2 1484 1485 1491 15
D 1493 235 2 1299 928 1306 15
D 1496 351 2 1190 1313 1194 15
D 1495 337 2 1310 1496 1347 15
D 1494 285 2 1093 1495 1195 15
D 1497 235 2 1299 983 1306 45
D 1492 263 2 1493 1494 1497 15
D 1499 235 2 1338 551 1340 15
D 1502 333 2 657 1348 760 45
D 1501 337 2 1382 1203 1502 15
D 1500 285 2 1093 1501 1195 15
D 1503 235 2 1338 928 1340 15
D 1505 273 2 932 867 940 45
D 1504 285 2 1207 1501 1505 15
D 1506 235 2 1338 1197 1340 45
D 1498 263 3 1499 1500 1503 1504 1506 15
D 1507 217 2 537 1114 523 1228
D 1482 227 4 1102 1483 984 1492 1087 1498 1507 15
D 1510 235 2 1299 551 1306 15
D 1511 235 2 1299 1077 1306 45
D 1509 263 2 1510 1494 1511 15
D 1508 227 2 984 1509 1227 15
D 1512 195 2 470 1468 518 15
D 1515 235 2 1338 1169 1340 15
D 1517 337 2 1382 1189 1502 15
D 1516 285 2 931 1517 977 15
D 1514 263 2 1515 1516 1506 15
D 1518 217 2 523 1136 537 877
D 1513 227 3 1212 1213 1087 1514 1518 15
D 1521 207 2 514 885 503 45
D 1520 205 2 1469 1521 1472 45
D 1524 209 2 505 887 513 45
D 1523 207 2 514 1524 503 45
D 1525 199 2 489 516 491 45
D 1522 205 3 487 1523 1469 1521 1525 45
D 1526 187 2 471 484 485 45
D 1519 195 3 1466 1520 470 1522 1526 45
D 1464 215 5 1465 1475 1293 1482 1423 1508 1512 1513 1519 15
D 1528 173 2 431 1287 464 15
D 1527 163 2 467 1528 429 15
D 1530 195 2 907 1294 921 15
D 1535 237 2 555 554 553 15
D 1536 237 2 555 614 553 45
D 1534 239 2 1535 848 1536 15
D 1533 235 2 925 1534 929 15
D 1538 239 2 1535 871 1536 45
D 1537 235 2 925 1538 929 45
D 1532 263 2 1533 930 1537 15
D 1541 239 2 1535 556 1536 15
D 1540 235 2 925 1541 929 15
D 1542 235 2 1051 1541 1053 15
D 1544 239 2 1535 874 1536 45
D 1543 235 2 1076 1544 1078 45
D 1539 263 3 1540 991 1542 1055 1543 15
D 1546 235 2 925 1544 929 45
D 1545 263 2 1540 1082 1546 15
D 1547 263 2 1540 1089 1546 15
D 1548 263 2 1533 1104 1537 15
D 1531 227 6 522 1532 984 1539 1079 1545 1087 1547 1102 1548 1109 15
D 1553 201 2 494 499 496 15
D 1554 201 2 494 495 496 45
D 1552 203 2 1553 517 1554 15
D 1551 199 2 910 1552 914 15
D 1556 203 2 1553 497 1554 45
D 1555 199 3 910 1556 488 516 501 45
D 1550 205 3 487 1425 1551 1220 1555 15
D 1549 195 2 907 1550 921 15
D 1560 231 2 1435 1052 1436 15
D 1561 231 2 1435 1054 1436 45
D 1559 235 2 1560 1541 1561 15
D 1563 337 2 1058 1091 1073 15
D 1562 285 2 1093 1563 1195 15
D 1564 235 2 1560 1544 1561 45
D 1558 263 2 1559 1562 1564 15
D 1557 227 2 984 1558 1227 15
D 1565 195 2 907 486 921 15
D 1567 263 2 1540 1132 1546 15
D 1566 227 2 1079 1567 1135 15
D 1569 205 2 487 1521 515 45
D 1571 207 2 514 1524 503 885
D 1574 211 2 512 1235 507 45
D 1573 209 2 513 1574 505 45
D 1572 207 2 514 1573 503 45
D 1570 205 3 487 1571 1551 1572 1555 45
D 1568 195 3 470 1569 907 1570 519 45
D 1529 215 5 1530 1531 1549 1557 1565 1566 1293 1117 1568 15
D 1576 173 2 431 1457 464 45
D 1575 163 2 429 1456 467 1576
D 1463 185 3 1279 1464 1527 1529 1575 15
D 1585 159 2 280 359 282 45
D 1584 157 2 220 1585 283 45
D 1586 157 2 298 1585 305 45
D 1583 135 3 203 1584 291 1586 309 45
D 1582 123 2 201 1583 317 45
D 1581 121 2 182 1582 318 45
D 1590 157 2 330 1585 339 45
D 1589 135 2 328 1590 341 45
D 1588 123 2 201 1589 317 45
D 1587 121 2 324 1588 343 45
D 1580 109 2 180 1581 322 1587
D 1595 157 2 380 1585 382 45
D 1594 135 2 291 1595 372 45
D 1593 123 2 201 1594 317 45
D 1592 121 4 1264 1593 348 1582 1268 1588 1269 45
D 1591 109 2 180 1592 322 45
D 1579 107 3 166 1580 345 1591 394 45
D 1596 107 2 403 1580 406 45
D 1578 97 3 1256 1579 1272 1596 1273 45
D 1604 159 2 282 359 280 45
D 1605 159 2 280 281 282 45
D 1606 159 2 282 281 280 45
D 1603 157 4 363 1604 360 1605 356 1606 283 45
D 1602 135 2 203 1603 366 45
D 1608 157 4 371 1604 370 1605 369 1606 305 45
D 1607 135 2 291 1608 372 45
D 1601 123 2 201 1602 317 1607
D 1609 123 2 317 1594 201 45
D 1600 121 4 348 1601 384 1588 374 1609 389 45
D 1599 109 2 180 1600 322 45
D 1598 107 3 166 1580 345 1599 394 45
D 1597 97 3 398 1596 129 1598 409 45
D 1611 69 2 110 424 126 1276
D 1610 67 2 127 1611 108 423
D 1577 79 3 1247 1578 109 1597 1610 45
D 105 161 4 106 427 1246 1278 1460 1463 1577 15
D 1615 49 2 80 86 78 15
D 1616 53 2 84 83 82 15
D 1617 49 2 80 79 78 45
D 1614 51 2 1615 1616 1617 15
D 1613 47 2 87 1614 75 15
L 1622 64 40
D 1621 63 2 97 1622 95 15
D 1620 61 2 98 1621 93 15
D 1619 59 2 91 1620 99 15
D 1618 57 2 89 1619 100 15
D 1625 53 2 84 104 82 45
D 1624 51 2 1615 1625 1617 45
D 1623 47 2 87 1624 75 45
D 1612 55 2 1613 1618 1623 15
D 1633 351 2 766 1313 832 15
D 1632 337 3 1310 1633 1318 1384 1324 15
D 1631 285 2 1093 1632 1195 15
D 1638 369 2 1069 1193 1071 15
D 1637 365 2 1314 1638 1316 15
D 1639 365 2 1322 1638 1323 15
D 1636 351 3 766 1637 1096 1639 1396 15
D 1635 337 2 1318 1636 1335 15
D 1634 285 2 1056 1635 1074 15
D 1641 337 3 1318 1320 1310 1387 1324 15
D 1640 285 2 931 1641 977 15
D 1645 365 2 1178 1638 1185 15
D 1644 351 3 1163 1645 1062 1639 1333 15
D 1643 337 2 1318 1644 1335 15
D 1646 273 2 1398 978 1399 45
D 1642 285 3 931 1641 1151 1643 1646 15
D 1647 285 2 1151 1643 1158 15
D 1630 263 6 1298 1631 1325 1634 1337 1640 1354 1642 1368 1647 1372 15
D 1652 225 2 533 532 531 15
D 1651 223 2 529 1652 534 15
D 1650 221 2 535 1651 527 15
D 1649 219 2 536 1650 525 15
D 1648 217 2 537 1649 523 15
D 1655 337 2 1383 1644 1391 15
D 1657 351 3 766 1394 1096 1639 1396 15
D 1656 337 2 1383 1657 1391 15
D 1654 285 5 1093 1381 931 1386 1151 1655 1056 1656 1397 15
D 1658 285 3 1151 1655 1402 1656 1403 15
D 1653 263 4 1354 1654 1337 1400 1368 1658 1404 15
D 1663 225 2 533 881 531 45
D 1662 223 2 529 1663 534 45
D 1661 221 2 535 1662 527 879
D 1660 219 2 536 1661 525 45
D 1659 217 2 537 1660 523 45
D 1629 227 3 1079 1630 1648 1653 1659 15
D 1668 351 3 766 1191 1096 1321 1396 15
D 1667 337 2 1318 1668 1335 15
D 1666 285 2 1093 1667 1195 15
D 1671 351 3 766 1645 1096 1639 1396 15
D 1670 337 2 1318 1671 1335 15
D 1669 285 2 1056 1670 1074 15
D 1672 285 2 931 1410 977 15
D 1673 285 3 931 1410 1151 1643 1646 15
D 1665 263 6 1298 1666 1325 1669 1337 1672 1354 1673 1368 1647 1372 15
D 1675 285 5 1093 1419 931 1421 1151 1655 1056 1656 1397 15
D 1674 263 4 1354 1675 1337 1422 1368 1658 1404 15
D 1664 227 3 1079 1665 1648 1674 1659 15
D 1679 337 2 1310 1633 1347 15
D 1678 285 2 1093 1679 1195 15
D 1681 337 2 1318 1384 1335 15
D 1680 285 2 1093 1681 1195 15
D 1677 263 3 1430 1678 1433 1680 1440 15
D 1676 227 2 1079 1677 1135 15
D 1686 351 2 766 1191 832 15
D 1685 337 2 1318 1686 1335 15
D 1684 285 2 1093 1685 1195 15
D 1683 263 3 1433 1680 1430 1684 1440 15
D 1682 227 2 1079 1683 1135 15
D 1628 215 5 1293 1629 1405 1664 1423 1676 1445 1682 1451 15
D 1627 185 2 1279 1628 1455 15
D 1687 79 2 1247 1578 1274 45
D 1626 161 2 1246 1627 1687 15
D 1692 63 2 95 1622 97 45
D 1691 61 2 93 1692 98 45
D 1690 59 2 91 1691 99 45
D 1689 57 2 89 1690 100 45
D 1696 63 2 97 96 95 45
D 1695 61 2 98 1696 93 45
D 1694 59 2 91 1695 99 45
D 1693 57 2 89 1694 100 45
D 1697 47 2 87 1624 75 102
D 1688 55 3 74 1689 1613 1693 1697 45
D 72 65 3 73 105 1612 1626 1688 15
D 1700 35 2 55 54 53 15
D 1699 33 2 56 1700 51 15
D 1703 39 2 62 65 60 15
D 1704 39 2 62 61 60 45
D 1702 41 2 1703 63 1704 15
D 1705 41 2 1703 68 1704 45
D 1701 43 2 1702 66 1705 15
D 1707 35 2 55 71 53 45
D 1706 33 2 56 1707 51 45
D 1698 37 2 1699 1701 1706 15
D 1716 169 2 439 438 437 15
D 1715 167 2 435 1716 440 15
D 1718 169 2 439 444 437 45
D 1717 167 2 435 1718 440 45
D 1714 171 2 1715 466 1717 15
D 1713 165 2 445 1714 432 15
D 1719 179 2 896 1288 902 15
D 1721 171 2 1715 441 1717 45
D 1720 165 2 445 1721 432 45
D 1712 173 2 1713 1719 1720 15
D 1711 163 2 467 1712 429 15
D 1722 163 2 429 1712 467 15
D 1725 179 2 896 1458 902 45
D 1726 165 2 445 1721 432 465
D 1724 173 3 431 1241 1713 1725 1726 45
D 1727 173 2 1713 1725 1720 45
D 1723 163 2 429 1724 467 1727
D 1710 185 4 428 468 1711 905 1722 1145 1723 15
D 1709 161 4 1246 1278 106 1710 1460 1463 1577 15
D 1708 65 3 1612 1626 73 1709 1688 15
L 1730 44 -146
D 1729 43 2 58 1730 67 45
D 1731 43 2 1702 1730 1705 45
D 1732 33 2 56 1707 51 70
D 1728 37 3 50 1729 1699 1731 1732 45
D 48 45 3 49 72 1698 1708 1728 15
D 1734 15 2 23 22 21 15
D 1735 15 2 23 47 21 45
D 1733 17 2 1734 24 1735 15
D 1742 217 2 523 1649 537 15
D 1745 221 2 535 1662 527 45
D 1744 219 2 536 1745 525 45
D 1743 217 2 523 1744 537 45
D 1741 227 2 1742 538 1743 15
D 1740 215 2 469 1741 882 15
D 1750 337 2 999 1091 1027 15
D 1754 369 2 813 968 827 15
D 1753 365 2 1017 1754 1023 15
D 1752 351 2 946 1753 974 15
D 1751 337 2 999 1752 1027 15
D 1749 285 3 931 1750 1151 1751 1646 15
D 1757 351 2 1096 1753 1097 15
D 1756 337 2 1058 1757 1073 15
D 1755 285 2 1056 1756 1074 15
D 1748 263 3 990 1749 1050 1755 1075 15
D 1760 337 2 656 1752 836 15
D 1762 265 2 621 651 632 941
D 1761 273 3 932 1099 620 978 1762 45
D 1759 285 4 931 1090 1083 1760 1093 1094 1761 15
D 1758 263 2 990 1759 1086 15
D 1765 337 2 999 945 1027 15
D 1764 285 2 931 1765 977 15
D 1763 263 2 924 1764 982 15
D 1766 219 2 536 1745 525 878
D 1747 227 5 1087 1748 1648 1758 522 1763 1742 923 1766 15
D 1770 337 2 656 1757 836 15
D 1769 285 2 619 1770 839 15
D 1768 263 2 990 1769 1086 15
D 1771 217 2 537 1744 523 45
D 1767 227 2 1648 1768 1771 15
D 1774 285 2 1083 1760 1085 15
D 1773 263 2 1119 1774 1120 15
D 1776 285 2 1151 1751 1158 15
D 1775 263 2 1119 1776 1120 15
D 1777 217 2 537 1766 523 45
D 1772 227 3 1648 1773 1087 1775 1777 15
D 1746 215 4 906 1747 1127 1767 1116 1772 1137 15
D 1785 369 2 813 1193 827 15
D 1784 365 2 789 1785 829 15
D 1783 351 2 1190 1784 1194 15
D 1782 337 2 999 1783 1027 15
D 1781 285 2 1151 1782 1158 15
D 1788 351 2 766 1784 832 15
D 1787 337 2 1058 1788 1073 15
D 1786 285 2 1056 1787 1074 15
D 1780 263 3 1148 1781 1159 1786 1166 15
D 1791 337 2 999 1189 1027 15
D 1790 285 2 931 1791 977 15
D 1793 337 2 1058 1686 1073 15
D 1792 285 2 1093 1793 1195 15
D 1789 263 3 1168 1790 1186 1792 1196 15
D 1796 337 2 656 1783 836 15
D 1795 285 2 1083 1796 1085 15
D 1794 263 2 1148 1795 1216 15
D 1779 227 5 522 1780 1087 1789 1648 1199 1742 1794 1766 15
D 1798 263 2 1050 1792 1226 15
D 1799 217 2 537 877 523 45
D 1797 227 2 1087 1798 1799 15
D 1778 215 4 1116 1779 1218 1797 1229 1741 1230 15
D 1739 185 4 428 1740 889 1746 1144 1778 1236 15
D 1802 227 3 1742 1794 1648 1514 1744 15
D 1804 263 2 1148 1781 1216 15
D 1807 337 2 1480 1189 1481 15
D 1806 285 2 931 1807 977 15
D 1805 263 2 1168 1806 1211 15
D 1803 227 3 522 1804 1087 1805 877 15
D 1813 365 2 1489 1785 1490 15
D 1812 351 2 766 1813 832 15
D 1811 337 2 1318 1812 1335 15
D 1810 285 2 1056 1811 1074 15
D 1809 263 2 1484 1810 1491 15
D 1814 263 2 1493 1678 1497 15
D 1815 217 2 523 877 537 1766
D 1808 227 4 522 1809 1087 1814 1648 1498 1815 15
D 1817 263 2 1510 1678 1511 15
D 1816 227 2 1087 1817 1799 15
D 1801 215 5 1512 1802 1465 1803 1293 1808 1423 1816 1519 15
D 1820 263 3 1540 1749 1542 1755 1543 15
D 1821 263 2 1540 1759 1546 15
D 1822 263 2 1533 1764 1537 15
D 1819 227 5 1087 1820 1648 1821 522 1822 1742 1532 1766 15
D 1826 337 2 1058 1095 1073 15
D 1825 285 2 1093 1826 1195 15
D 1824 263 2 1559 1825 1564 15
D 1823 227 2 1087 1824 1799 15
D 1828 263 2 1540 1769 1546 15
D 1827 227 2 1648 1828 1771 15
D 1818 215 5 1530 1819 1293 1772 1549 1823 1565 1827 1568 15
D 1800 185 3 1279 1801 1527 1818 1575 15
D 1829 79 2 109 1597 423 45
D 1738 161 3 106 1739 1460 1800 1829 15
D 1830 55 2 1613 1693 1623 45
D 1737 65 2 1612 1738 1830 15
D 1833 57 2 100 1619 89 15
D 1832 55 2 1613 1833 1623 15
D 1835 185 4 428 1740 1711 1746 1722 1778 1723 15
D 1834 161 3 106 1835 1460 1800 1829 15
D 1837 57 2 100 1694 89 45
D 1836 55 2 1613 1837 1623 45
D 1831 65 2 1832 1834 1836 15
D 1736 45 3 49 1737 1698 1831 1728 15
L 1843 30 -58
D 1842 29 2 37 1843 39 45
D 1841 27 2 35 1842 40 45
D 1840 25 2 33 1841 41 45
D 1839 23 2 25 1840 42 45
D 1838 17 2 22 1839 47 45
D 18 31 3 19 48 1733 1736 1838 15
D 1845 9 2 16 11 10 15
D 1844 7 2 8 1845 17 15
D 1848 15 2 21 47 23 15
D 1851 21 2 30 44 28 15
D 1850 19 2 26 1851 31 15
D 1853 27 2 40 36 35 15
D 1852 25 2 33 1853 41 15
D 1855 21 2 30 29 28 45
D 1854 19 2 26 1855 31 45
D 1849 23 2 1850 1852 1854 15
D 1856 15 2 21 22 23 45
D 1847 17 2 1848 1849 1856 15
D 1860 35 2 55 71 53 15
D 1859 33 2 51 1860 56 15
D 1862 35 2 55 54 53 45
D 1861 33 2 51 1862 56 45
D 1858 37 2 1859 1701 1861 15
D 1867 53 2 82 104 84 15
D 1866 51 2 1615 1867 1617 15
D 1865 47 2 75 1866 87 15
D 1870 53 2 82 83 84 45
D 1869 51 2 1615 1870 1617 45
D 1868 47 2 75 1869 87 45
D 1864 55 2 1865 1618 1868 15
D 1873 59 2 99 1620 91 15
D 1872 57 2 89 1873 100 15
D 1871 55 2 1865 1872 1868 15
D 1875 57 2 89 1695 100 45
D 1874 55 2 1865 1875 1868 45
D 1863 65 3 1864 1626 1871 1834 1874 15
D 1877 43 2 1702 1730 1705 15
D 1876 37 2 1859 1877 1861 15
D 1881 51 2 77 1867 85 15
D 1880 47 2 87 1881 75 15
D 1883 51 2 77 1870 85 45
D 1882 47 2 87 1883 75 45
D 1879 55 2 1880 88 1882 15
D 1884 55 2 1880 1689 1882 45
D 1878 65 2 1879 1709 1884 15
D 1885 37 2 1699 57 1706 15
D 1887 55 3 74 1689 1613 1694 1697 45
D 1886 65 4 73 105 1612 1626 1832 1738 1887 15
D 1889 33 2 51 1862 56 1707
D 1888 37 3 1699 1729 1859 1705 1889 45
D 1857 45 4 1858 1863 1876 1878 1885 1886 1888 15
D 1893 27 2 40 1842 35 45
D 1892 25 2 33 1893 41 45
D 1891 23 2 1850 1892 1854 45
D 1890 17 2 1848 1891 1856 45
D 1846 31 2 1847 1857 1890 15
D 1896 11 2 14 13 12 15
D 1895 9 2 10 1896 16 15
D 1894 7 2 17 1895 8 15
D 1902 29 2 39 1843 37 15
D 1901 27 2 35 1902 40 15
D 1900 25 2 41 1901 33 15
D 1899 23 2 1850 1900 1854 15
D 1898 17 2 20 1899 46 15
D 1905 19 2 31 27 26 15
D 1906 19 2 31 43 26 45
D 1904 23 2 1905 1900 1906 15
D 1903 17 2 1848 1904 1856 15
D 1910 41 2 59 68 64 15
D 1911 41 2 59 63 64 45
D 1909 43 2 1910 66 1911 15
D 1908 37 2 50 1909 69 15
D 1914 47 2 87 1614 75 76
D 1913 55 2 1914 1618 1697 15
D 1915 55 2 1914 1693 1697 45
D 1912 65 2 1913 1626 1915 15
D 1917 43 2 1910 1730 1911 45
D 1916 37 3 50 1917 1699 1731 1732 45
D 1907 45 3 1908 1912 1698 1708 1916 15
D 1920 25 2 41 34 33 15
D 1919 23 2 1905 1920 1906 15
D 1921 23 2 1850 1920 1854 15
D 1918 17 3 1848 1919 20 1921 23 15
D 1923 37 3 50 57 1699 1701 1732 15
D 1932 105 2 175 397 173 15
D 1931 103 2 176 1932 171 15
D 1930 101 2 177 1931 169 15
D 1929 99 2 178 1930 167 15
D 1936 105 2 175 174 173 45
D 1935 103 2 176 1936 171 45
D 1934 101 2 177 1935 169 45
D 1933 99 2 178 1934 167 45
D 1928 107 2 1929 1262 1933 15
D 1938 87 2 138 411 152 45
D 1939 87 2 138 415 152 45
D 1937 85 3 153 1938 1257 1939 1259 45
D 1927 97 2 1272 1928 1937 15
D 1926 79 2 1247 1927 1274 15
D 1942 107 2 1929 1591 1933 45
D 1941 97 2 1272 1942 1937 45
D 1940 79 2 1247 1941 1274 45
D 1925 161 2 1926 1627 1940 15
D 1924 65 2 1913 1925 1915 15
D 1922 45 2 1923 1924 1728 15
D 1947 29 2 37 1843 39 38
D 1946 27 2 35 1947 40 45
D 1945 25 2 41 1946 33 45
D 1944 23 2 1905 1945 1906 45
D 1948 23 2 1850 1945 1854 45
D 1943 17 3 1848 1944 20 1948 23 45
D 1897 31 4 1898 48 1903 1907 1918 1922 1943 15
L 1952 12 179
D 1951 11 2 14 1952 12 15
D 1950 9 2 10 1951 16 15
D 1949 7 2 17 1950 8 15
D 1954 17 2 1734 1899 1735 15
D 1957 55 3 74 1872 1613 1618 1697 15
D 1960 59 2 99 1695 91 45
D 1959 57 2 89 1960 100 45
D 1958 55 3 74 1959 1613 1693 1697 45
D 1956 65 2 1957 1738 1958 15
D 1955 45 3 1698 1831 1908 1956 1916 15
D 1962 15 2 21 22 23 47
D 1961 17 3 1848 1919 1734 1921 1962 15
D 1968 107 2 1929 346 1933 15
D 1969 85 3 153 1938 130 1939 162 45
D 1967 97 2 398 1968 1969 15
D 1966 79 2 107 1967 422 15
D 1970 79 2 1461 1967 1462 15
D 1973 107 2 1929 1599 1933 45
D 1972 97 2 398 1973 1969 45
D 1971 79 2 109 1972 423 45
D 1965 161 3 1966 1739 1970 1800 1971 15
D 1964 65 2 1957 1965 1958 15
D 1976 57 2 100 1873 89 15
D 1975 55 3 74 1976 1613 1833 1697 15
D 1977 161 3 1966 1835 1970 1800 1971 15
D 1979 57 2 100 1960 89 45
D 1978 55 3 74 1979 1613 1837 1697 45
D 1974 65 2 1975 1977 1978 15
D 1963 45 3 49 1964 1698 1974 1728 15
D 1980 17 3 1848 1944 1734 1948 1962 45
D 1953 31 4 1954 1736 1903 1955 1961 1963 1980 15
D 1982 9 2 10 12 16 45
D 1983 11 2 12 1952 14 45
D 1981 7 2 17 1982 8 1983
D 6 13 5 7 18 1844 1846 1894 1897 1949 1953 1981 15
L 1984 4 -120
D 1986 7 2 17 9 8 15
D 1991 57 2 100 1960 89 1694
D 1990 55 3 74 1991 1613 1694 1697 45
D 1989 65 3 1975 1977 1913 1925 1990 15
D 1993 55 2 74 1618 101 15
D 1994 55 2 74 1872 101 15
D 1996 79 3 1247 1941 109 1972 1610 45
D 1995 161 4 1926 1627 1966 1739 1970 1800 1996 15
D 1997 55 3 74 1875 1613 1693 1697 45
D 1992 65 4 1993 1925 1994 1965 1612 1995 1997 15
D 1988 45 3 1698 1989 1908 1992 1916 15
D 2002 29 2 39 38 37 45
D 2001 27 2 35 2002 40 45
D 2000 25 2 41 2001 33 45
D 1999 23 2 1905 2000 1906 45
D 2003 23 2 1850 2000 1854 45
D 2004 15 2 23 47 21 15
D 1998 17 3 1848 1999 22 2003 2004 45
D 1987 31 4 1898 1922 1954 1963 1903 1988 1998 15
D 2006 9 2 10 1983 16 45
D 2005 7 2 17 2006 8 45
D 1985 13 2 1986 1987 2005 15
D 4 5 2 5 6 1984 1985
L 2007 2 165
D 2018 235 2 1051 1534 1053 15
D 2020 337 2 1058 945 1073 15
D 2019 285 2 1093 2020 1195 15
D 2021 235 2 1051 1538 1053 45
D 2017 263 2 2018 2019 2021 15
D 2022 217 2 523 1228 537 45
D 2016 227 2 1102 2017 2022 15
D 2025 235 2 1051 846 1053 15
D 2026 235 2 1051 1121 1053 45
D 2024 263 2 2025 1055 2026 15
D 2023 227 2 984 2024 1227 15
D 2027 195 2 472 1569 519 45
D 2015 215 3 1530 2016 1293 2023 2027 15
D 2028 163 2 467 1576 429 45
D 2014 185 2 1527 2015 2028 15
D 2033 235 2 1051 983 1053 45
D 2032 263 2 1186 2019 2033 15
D 2031 227 2 1102 2032 2022 15
D 2034 195 2 472 1142 519 45
D 2030 215 3 906 2031 1116 2023 2034 15
D 2035 163 2 467 1245 429 45
D 2029 185 2 889 2030 2035 15
D 2013 161 3 1460 2014 106 2029 1829 15
D 2036 55 2 74 1689 101 45
D 2012 65 2 73 2013 2036 15
D 2040 163 2 467 1727 429 45
D 2039 185 2 1711 2030 2040 15
D 2038 161 3 1460 2014 106 2039 1829 15
D 2037 65 2 73 2038 2036 15
D 2011 45 3 49 2012 1698 2037 1728 15
D 2047 263 2 2025 1755 2026 15
D 2046 227 2 1087 2047 1799 15
D 2052 351 2 1096 955 1097 15
D 2051 337 2 1058 2052 1073 15
D 2050 285 2 1093 2051 1195 15
D 2049 263 2 2018 2050 2021 15
D 2048 227 2 522 2049 876 15
D 2045 215 3 1293 2046 1530 2048 2027 15
D 2044 185 2 1527 2045 2028 15
D 2056 263 2 1186 2050 2033 15
D 2055 227 2 522 2056 876 15
D 2054 215 3 906 2055 1116 2046 2034 15
D 2053 185 2 889 2054 2035 15
D 2043 161 3 1460 2044 106 2053 1829 15
D 2042 65 2 1612 2043 1830 15
D 2059 185 2 1711 2054 2040 15
D 2058 161 3 1460 2044 106 2059 1829 15
D 2057 65 2 1832 2058 1836 15
D 2041 45 3 49 2042 1698 2057 1728 15
D 2010 31 3 19 2011 1733 2041 1838 15
D 2063 55 2 1865 1959 1868 45
D 2062 65 2 1871 2058 2063 15
D 2064 65 2 1879 2038 1884 15
D 2066 55 3 1613 1837 74 1689 1697 45
D 2065 65 3 73 2013 1832 2043 2066 15
D 2061 45 4 1858 2062 1876 2064 1885 2065 1888 15
D 2060 31 2 1847 2061 1890 15
D 2069 37 2 1699 1731 1706 45
D 2068 45 2 1698 2037 2069 15
D 2070 17 3 1848 1999 20 2003 23 45
D 2067 31 3 1898 2011 1903 2068 2070 15
D 2073 65 2 1957 2043 1958 15
D 2072 45 3 1698 2057 1908 2073 1916 15
D 2076 161 3 1970 2044 1966 2059 1971 15
D 2075 65 2 1975 2076 1978 15
D 2078 161 3 1970 2044 1966 2053 1971 15
D 2077 65 2 1957 2078 1958 15
D 2074 45 3 1698 2075 49 2077 1728 15
D 2071 31 4 1954 2041 1903 2072 1961 2074 1980 15
D 2009 13 5 7 2010 1844 2060 1894 2067 1949 2071 1981 15
D 2081 45 3 1698 2075 1908 2077 1916 15
D 2082 17 3 1848 1999 1734 2003 1962 45
D 2080 31 3 1954 2074 1903 2081 2082 15
D 2079 13 2 1986 2080 2005 15
D 2008 5 2 5 2009 1984 2079
D 2 3 2 3 4 2007 2008
L 2083 0 -164
D 2093 173 2 891 1719 903 15
D 2092 163 2 467 2093 429 15
D 2097 285 2 863 1133 866 15
D 2096 263 2 1119 2097 1120 15
D 2095 227 2 1079 2096 1135 15
D 2094 215 2 469 2095 882 15
D 2099 173 2 891 1725 903 45
D 2098 163 2 467 2099 429 45
D 2091 185 2 2092 2094 2098 15
D 2104 199 3 488 516 910 920 501 45
D 2103 205 3 909 915 487 1295 2104 15
D 2102 195 2 470 2103 518 15
D 2107 235 2 540 928 615 15
D 2109 337 2 656 2052 836 15
D 2108 285 2 1207 2109 1505 15
D 2110 235 2 540 983 615 45
D 2106 263 2 2107 2108 2110 15
D 2105 227 2 522 2106 876 15
D 2112 205 3 487 1521 909 1139 2104 45
D 2111 195 2 470 2112 518 45
D 2101 215 3 1229 2095 2102 2105 2111 15
D 2100 185 2 889 2101 2035 15
D 2090 161 3 1460 2091 106 2100 1829 15
D 2089 65 2 73 2090 2036 15
D 2115 185 2 1711 2101 2040 15
D 2116 185 2 1711 2094 2040 15
D 2114 161 3 106 2115 1460 2116 1829 15
D 2113 65 2 73 2114 2036 15
D 2088 45 3 49 2089 1698 2113 1728 15
D 2124 285 2 863 1770 866 15
D 2123 263 2 1119 2124 1120 15
D 2122 227 2 1648 2123 1771 15
D 2121 215 2 469 2122 882 15
D 2120 185 2 2092 2121 2098 15
D 2127 227 2 1742 2106 1743 15
D 2126 215 3 1229 2122 2102 2127 2111 15
D 2125 185 2 889 2126 2035 15
D 2119 161 3 1460 2120 106 2125 1829 15
D 2118 65 2 1612 2119 1830 15
D 2130 185 2 1711 2121 2040 15
D 2131 185 2 1711 2126 2040 15
D 2129 161 3 1460 2130 106 2131 1829 15
D 2128 65 2 1832 2129 1836 15
D 2117 45 3 49 2118 1698 2128 1728 15
D 2087 31 3 19 2088 1733 2117 1838 15
D 2134 65 3 73 2090 1832 2119 2066 15
D 2135 65 2 1871 2129 2063 15
D 2136 65 2 1879 2114 1884 15
D 2133 45 4 1885 2134 1858 2135 1876 2136 1888 15
D 2132 31 2 1847 2133 1890 15
D 2138 45 2 1698 2113 2069 15
D 2137 31 3 1898 2088 1903 2138 2070 15
D 2141 65 2 1957 2119 1958 15
D 2140 45 3 1698 2128 1908 2141 1916 15
D 2144 161 3 1970 2120 1966 2125 1971 15
D 2143 65 2 1957 2144 1958 15
D 2146 161 3 1970 2130 1966 2131 1971 15
D 2145 65 2 1975 2146 1978 15
D 2142 45 3 49 2143 1698 2145 1728 15
D 2139 31 4 1954 2117 1903 2140 1961 2142 1980 15
D 2086 13 5 7 2087 1844 2132 1894 2137 1949 2139 1981 15
D 2149 45 3 1908 2143 1698 2145 1916 15
D 2148 31 3 1954 2142 1903 2149 2082 15
D 2147 13 2 1986 2148 2005 15
D 2085 5 2 5 2086 1984 2147
D 2084 3 2 2007 2085 3 15
D 0 1 2 1 2 2083 2084
