c ids of sdd nodes start at 0
c sdd nodes appear bottom-up, children before parents
c
c file syntax:
c sdd count-of-sdd-nodes
c F id-of-false-sdd-node
c T id-of-true-sdd-node
c L id-of-literal-sdd-node id-of-vtree literal
c D id-of-decomposition-sdd-node id-of-vtree number-of-elements {id-of-prime id-of-sub}*
c
sdd 2525
L 1 0 -179
L 3 2 -180
L 5 4 -176
L 7 8 -177
L 9 10 245
L 11 12 -225
L 14 14 216
L 15 16 217
L 16 14 -216
F 17
D 13 15 2 14 15 16 17
L 19 18 -226
L 22 20 -224
L 23 22 246
L 24 20 224
D 21 21 2 22 23 24 17
L 28 24 -104
L 29 26 103
L 30 24 104
D 27 25 2 28 29 30 17
L 32 28 219
L 34 30 108
L 35 32 -107
L 36 30 -108
L 37 32 107
D 33 31 2 34 35 36 37
L 38 28 -219
D 31 29 2 32 33 38 17
L 40 26 -103
T 41
D 39 25 2 28 40 30 41
D 26 27 2 27 31 39 17
L 44 34 -183
L 46 36 218
L 49 38 -106
L 50 40 105
L 51 38 106
D 48 39 2 49 50 51 17
L 53 42 110
L 54 44 -109
L 55 42 -110
L 56 44 109
D 52 43 2 53 54 55 56
L 58 40 -105
D 57 39 2 49 58 51 41
D 47 41 2 48 52 57 17
L 59 36 -218
D 45 37 2 46 47 59 17
L 60 34 183
D 43 35 2 44 45 60 17
L 63 48 -181
L 64 50 -158
L 65 48 181
D 62 49 2 63 64 65 17
L 69 52 -73
L 70 54 -80
L 71 52 73
D 68 53 2 69 70 71 17
L 73 56 -159
L 75 58 47
L 77 60 -46
L 78 62 45
L 79 60 46
D 76 61 2 77 78 79 17
L 80 58 -47
D 74 59 2 75 76 80 17
L 81 56 159
D 72 57 2 73 74 81 17
L 83 54 80
D 82 53 2 69 83 71 41
D 67 55 2 68 72 82 17
L 89 64 -203
L 91 66 -138
L 93 68 -79
L 94 70 78
L 95 68 79
D 92 69 2 93 94 95 17
L 96 66 138
D 90 67 2 91 92 96 17
L 97 64 203
D 88 65 2 89 90 97 17
L 101 72 28
L 103 74 30
L 104 76 -29
L 105 74 -30
D 102 75 2 103 104 105 17
L 106 72 -28
D 100 73 2 101 102 106 17
L 107 78 204
L 110 76 29
D 109 75 2 103 110 105 41
D 108 73 2 101 109 106 41
D 99 77 2 100 107 108 17
L 112 80 -137
L 114 82 74
L 117 84 23
L 118 86 -22
L 119 84 -23
D 116 85 2 117 118 119 17
L 121 88 26
L 122 90 -27
L 123 88 -26
D 120 89 2 121 122 123 17
L 125 86 22
D 124 85 2 117 125 119 41
D 115 87 2 116 120 124 17
L 126 82 -74
D 113 83 2 114 115 126 17
L 127 80 137
D 111 81 2 112 113 127 17
L 129 78 -204
D 128 77 2 100 129 108 41
D 98 79 2 99 111 128 17
L 133 70 -78
D 132 69 2 93 133 95 41
D 131 67 2 91 132 96 41
D 130 65 2 89 131 97 41
D 87 71 2 88 98 130 17
L 137 92 -25
L 139 94 75
L 140 96 24
L 141 94 -75
D 138 95 2 139 140 141 17
L 142 92 25
D 136 93 2 137 138 142 17
L 144 98 -250
L 146 100 135
L 147 102 -136
L 148 100 -135
D 145 101 2 146 147 148 17
L 149 98 250
D 143 99 2 144 145 149 17
L 152 96 -24
D 151 95 2 139 152 141 41
D 150 93 2 137 151 142 41
D 135 97 2 136 143 150 17
L 156 104 -19
L 157 106 205
L 158 104 19
D 155 105 2 156 157 158 17
L 161 108 20
L 163 110 -21
L 165 112 33
L 166 114 76
L 167 112 -33
D 164 113 2 165 166 167 17
L 168 110 21
D 162 111 2 163 164 168 17
L 169 108 -20
D 160 109 2 161 162 169 17
L 173 116 18
L 174 118 -133
L 175 116 -18
D 172 117 2 173 174 175 17
L 176 120 -202
L 178 118 133
D 177 117 2 173 178 175 41
D 171 119 2 172 176 177 17
L 180 122 -134
L 181 124 34
L 182 122 134
D 179 123 2 180 181 182 17
L 184 120 202
D 183 119 2 172 184 177 41
D 170 121 2 171 179 183 17
L 188 114 -76
D 187 113 2 165 188 167 41
D 186 111 2 163 187 168 41
D 185 109 2 161 186 169 41
D 159 115 2 160 170 185 17
L 190 106 -205
D 189 105 2 156 190 158 41
D 154 107 2 155 159 189 17
L 193 126 -234
L 195 128 201
L 196 130 235
L 197 128 -201
D 194 129 2 195 196 197 17
L 198 126 234
D 192 127 2 193 194 198 17
L 201 132 31
L 203 134 77
L 204 136 -32
L 205 134 -77
D 202 135 2 203 204 205 17
L 206 132 -31
D 200 133 2 201 202 206 17
L 207 138 -151
L 210 136 32
D 209 135 2 203 210 205 41
D 208 133 2 201 209 206 41
D 199 137 2 200 207 208 17
L 213 130 -235
D 212 129 2 195 213 197 41
D 211 127 2 193 212 198 41
D 191 131 2 192 199 211 17
L 218 124 -34
D 217 123 2 180 218 182 41
D 216 121 2 171 217 183 41
D 215 115 2 160 216 185 41
D 214 107 2 155 215 189 41
D 153 125 2 154 191 214 17
L 222 102 136
D 221 101 2 146 222 148 41
D 220 99 2 144 221 149 41
D 219 97 2 136 220 150 41
D 134 103 2 135 153 219 17
L 229 90 27
D 228 89 2 121 229 123 41
D 227 87 2 116 228 124 41
D 226 83 2 114 227 126 41
D 225 81 2 112 226 127 41
D 224 79 2 99 225 128 41
D 223 71 2 88 224 130 41
D 86 91 2 87 134 223 17
L 232 140 -160
L 233 142 154
L 234 140 160
D 231 141 2 232 233 234 17
L 236 144 -242
L 238 146 -161
L 240 148 -163
L 242 150 -162
L 243 152 -188
L 244 150 162
D 241 151 2 242 243 244 17
L 245 148 163
D 239 149 2 240 241 245 17
L 246 146 161
D 237 147 2 238 239 246 17
L 247 144 242
D 235 145 2 236 237 247 17
L 249 142 -154
D 248 141 2 232 249 234 41
D 230 143 2 231 235 248 17
L 255 138 151
D 254 137 2 200 255 208 41
D 253 131 2 192 254 211 41
D 252 125 2 154 253 214 41
D 251 103 2 135 252 219 41
D 250 91 2 87 251 223 41
D 85 139 2 86 230 250 17
L 260 156 155
L 261 158 -169
L 262 156 -155
D 259 157 2 260 261 262 17
L 264 160 -243
L 265 162 -168
L 266 160 243
D 263 161 2 264 265 266 17
L 268 158 169
D 267 157 2 260 268 262 41
D 258 159 2 259 263 267 17
L 271 166 157
L 274 168 153
L 275 170 111
L 276 168 -153
D 273 169 2 274 275 276 17
L 278 172 221
L 280 174 116
L 281 176 -115
L 282 174 -116
L 283 176 115
D 279 175 2 280 281 282 283
L 284 172 -221
D 277 173 2 278 279 284 17
L 286 170 -111
D 285 169 2 274 286 276 41
D 272 171 2 273 277 285 17
L 287 166 -157
D 270 167 2 271 272 287 17
L 292 178 -208
L 294 180 -143
L 295 182 -144
L 296 180 143
D 293 181 2 294 295 296 17
L 297 178 208
D 291 179 2 292 293 297 17
L 300 184 -44
L 302 186 43
L 303 188 81
L 304 186 -43
D 301 187 2 302 303 304 17
L 305 184 44
D 299 185 2 300 301 305 17
L 307 190 85
L 308 192 -86
L 309 190 -85
D 306 191 2 307 308 309 17
L 312 188 -81
D 311 187 2 302 312 304 41
D 310 185 2 300 311 305 41
D 298 189 2 299 306 310 17
L 315 182 144
D 314 181 2 294 315 296 41
D 313 179 2 292 314 297 41
D 290 183 2 291 298 313 17
L 318 194 -186
L 320 196 -165
L 321 198 -164
L 322 196 165
D 319 197 2 320 321 322 17
L 323 194 186
D 317 195 2 318 319 323 17
L 325 202 -167
L 327 204 220
L 330 206 -114
L 331 208 113
L 332 206 114
D 329 207 2 330 331 332 17
L 334 210 118
L 335 212 -117
L 336 210 -118
L 337 212 117
D 333 211 2 334 335 336 337
L 339 208 -113
D 338 207 2 330 339 332 41
D 328 209 2 329 333 338 17
L 340 204 -220
D 326 205 2 327 328 340 17
L 341 202 167
D 324 203 2 325 326 341 17
L 344 198 164
D 343 197 2 320 344 322 41
D 342 195 2 318 343 323 41
D 316 201 2 317 324 342 17
L 348 192 86
D 347 191 2 307 348 309 41
D 346 189 2 299 347 310 41
D 345 183 2 291 346 313 41
D 289 193 2 290 316 345 17
L 352 214 -166
L 353 216 -112
L 354 214 166
D 351 215 2 352 353 354 17
L 357 218 41
L 359 220 -42
L 360 222 82
L 361 220 42
D 358 221 2 359 360 361 17
L 362 218 -41
D 356 219 2 357 358 362 17
L 365 224 141
L 367 226 -142
L 368 228 -251
L 369 226 142
D 366 227 2 367 368 369 17
L 370 224 -141
D 364 225 2 365 366 370 17
L 372 230 40
L 373 232 -39
L 374 230 -40
D 371 231 2 372 373 374 17
L 377 228 251
D 376 227 2 367 377 369 41
D 375 225 2 365 376 370 41
D 363 229 2 364 371 375 17
L 380 222 -82
D 379 221 2 359 380 361 41
D 378 219 2 357 379 362 41
D 355 223 2 356 363 378 17
L 382 216 112
D 381 215 2 352 382 354 41
D 350 217 2 351 355 381 17
L 385 234 -207
L 389 236 -140
L 390 238 51
L 391 236 140
D 388 237 2 389 390 391 17
L 393 240 35
L 394 242 -36
L 395 240 -35
D 392 241 2 393 394 395 17
L 397 238 -51
D 396 237 2 389 397 391 41
D 387 239 2 388 392 396 17
L 401 244 37
L 402 246 50
L 403 244 -37
D 400 245 2 401 402 403 17
L 405 248 83
L 406 250 -38
L 407 248 -83
D 404 249 2 405 406 407 17
L 409 246 -50
D 408 245 2 401 409 403 41
D 399 247 2 400 404 408 17
L 410 252 -139
L 413 250 38
D 412 249 2 405 413 407 41
D 411 247 2 400 412 408 41
D 398 251 2 399 410 411 17
L 416 242 36
D 415 241 2 393 416 395 41
D 414 239 2 388 415 396 41
D 386 243 2 387 398 414 17
L 417 234 207
D 384 235 2 385 386 417 17
L 420 254 210
L 421 256 -152
L 422 254 -210
D 419 255 2 420 421 422 17
L 425 258 48
L 427 260 -49
L 428 262 84
L 429 260 49
D 426 261 2 427 428 429 17
L 430 258 -48
D 424 259 2 425 426 430 17
L 432 264 209
L 435 266 237
L 436 268 206
L 437 266 -237
D 434 267 2 435 436 437 17
L 438 270 -236
L 440 268 -206
D 439 267 2 435 440 437 41
D 433 269 2 434 438 439 17
L 441 264 -209
D 431 265 2 432 433 441 17
L 444 262 -84
D 443 261 2 427 444 429 41
D 442 259 2 425 443 430 41
D 423 263 2 424 431 442 17
L 446 256 152
D 445 255 2 420 446 422 41
D 418 257 2 419 423 445 17
L 450 252 139
D 449 251 2 399 450 411 41
D 448 243 2 387 449 414 41
D 447 235 2 385 448 417 41
D 383 253 2 384 418 447 17
L 455 232 39
D 454 231 2 372 455 374 41
D 453 229 2 364 454 375 41
D 452 223 2 356 453 378 41
D 451 217 2 351 452 381 41
D 349 233 2 350 383 451 17
D 461 211 2 336 335 334 337
D 460 209 2 329 461 338 41
D 459 205 2 327 460 340 41
D 458 203 2 325 459 341 41
D 457 201 2 317 458 342 41
D 456 193 2 290 457 345 41
D 288 213 2 289 349 456 17
D 465 175 2 282 281 280 283
D 464 173 2 278 465 284 41
D 463 171 2 273 464 285 41
D 462 167 2 271 463 287 41
D 269 177 2 270 288 462 17
L 468 162 168
D 467 161 2 264 468 266 41
D 466 159 2 259 467 267 41
D 257 163 2 258 269 466 17
L 471 272 247
L 473 274 -228
L 475 276 -229
L 476 278 -227
L 477 276 229
D 474 277 2 475 476 477 17
L 478 274 228
D 472 275 2 473 474 478 17
L 479 272 -247
D 470 273 2 471 472 479 17
L 483 280 -230
L 484 282 -192
L 485 280 230
D 482 281 2 483 484 485 17
L 487 284 248
L 488 286 222
L 489 284 -248
D 486 285 2 487 488 489 17
L 491 282 192
D 490 281 2 483 491 485 41
D 481 283 2 482 486 490 17
L 496 288 -172
L 498 290 223
L 501 292 119
L 502 294 -120
L 503 292 -119
D 500 293 2 501 502 503 17
L 505 296 124
L 506 298 -123
L 507 296 -124
L 508 298 123
D 504 297 2 505 506 507 508
L 510 294 120
D 509 293 2 501 510 503 41
D 499 295 2 500 504 509 17
L 511 290 -223
D 497 291 2 498 499 511 17
L 512 288 172
D 495 289 2 496 497 512 17
L 515 300 156
L 516 302 -190
L 517 300 -156
D 514 301 2 515 516 517 17
L 519 304 -171
L 520 308 -170
L 521 304 171
D 518 305 2 519 520 521 17
L 523 302 190
D 522 301 2 515 523 517 41
D 513 303 2 514 518 522 17
D 527 297 2 507 506 505 508
D 526 295 2 500 527 509 41
D 525 291 2 498 526 511 41
D 524 289 2 496 525 512 41
D 494 299 2 495 513 524 17
L 529 310 173
L 533 312 -252
L 535 314 -65
L 538 316 -146
L 539 318 145
L 540 316 146
D 537 317 2 538 539 540 17
L 542 320 -55
L 544 322 54
L 546 324 62
L 547 326 89
L 548 324 -62
D 545 325 2 546 547 548 17
L 549 322 -54
D 543 323 2 544 545 549 17
L 550 320 55
D 541 321 2 542 543 550 17
L 552 318 -145
D 551 317 2 538 552 540 41
D 536 319 2 537 541 551 17
L 553 314 65
D 534 315 2 535 536 553 17
L 554 312 252
D 532 313 2 533 534 554 17
L 557 328 240
L 559 330 -90
L 562 332 61
L 563 334 -60
L 564 332 -61
D 561 333 2 562 563 564 17
L 566 336 -63
L 567 338 64
L 568 336 63
D 565 337 2 566 567 568 17
L 570 334 60
D 569 333 2 562 570 564 41
D 560 335 2 561 565 569 17
L 571 330 90
D 558 331 2 559 560 571 17
L 572 328 -240
D 556 329 2 557 558 572 17
L 575 340 215
L 577 342 211
L 578 344 213
L 579 342 -211
D 576 343 2 577 578 579 17
L 580 340 -215
D 574 341 2 575 576 580 17
L 582 346 238
L 585 348 -91
L 586 350 92
L 587 348 91
D 584 349 2 585 586 587 17
L 588 352 -239
L 590 350 -92
D 589 349 2 585 590 587 41
D 583 351 2 584 588 589 17
L 591 346 -238
D 593 349 2 587 590 585 17
L 594 352 239
D 595 349 2 587 586 585 41
D 592 351 2 593 594 595 17
D 581 347 2 582 583 591 592
L 598 344 -213
D 597 343 2 577 598 579 41
D 596 341 2 575 597 580 41
D 573 345 2 574 581 596 17
L 603 338 -64
D 602 337 2 566 603 568 41
D 601 335 2 561 602 569 41
D 600 331 2 559 601 571 41
D 599 329 2 557 600 572 41
D 555 339 2 556 573 599 17
L 610 326 -89
D 609 325 2 546 610 548 41
D 608 323 2 544 609 549 41
D 607 321 2 542 608 550 41
D 606 319 2 537 607 551 41
D 605 315 2 535 606 553 41
D 604 313 2 533 605 554 41
D 531 327 2 532 555 604 17
L 613 354 -244
L 615 356 -174
L 616 358 -175
L 617 356 174
D 614 357 2 615 616 617 17
L 618 354 244
D 612 355 2 613 614 618 17
L 620 362 -194
L 621 364 -231
L 622 362 194
D 619 363 2 620 621 622 17
L 625 358 175
D 624 357 2 615 625 617 41
D 623 355 2 613 624 618 41
D 611 359 2 612 619 623 17
D 630 351 2 593 588 595 41
D 631 351 2 584 594 589 41
D 629 347 2 591 630 582 631
D 628 345 2 574 629 596 41
D 627 339 2 556 628 599 41
D 626 327 2 532 627 604 41
D 530 353 2 531 611 626 17
L 632 310 -173
D 528 311 2 529 530 632 17
L 636 308 170
D 635 305 2 519 636 521 41
D 634 303 2 514 635 522 41
D 633 299 2 495 634 524 41
D 493 309 2 494 528 633 17
L 641 366 56
L 644 368 -57
L 645 370 88
L 646 368 57
D 643 369 2 644 645 646 17
L 648 372 -94
L 649 374 93
L 650 372 94
D 647 373 2 648 649 650 17
L 652 370 -88
D 651 369 2 644 652 646 41
D 642 371 2 643 647 651 17
L 653 366 -56
D 640 367 2 641 642 653 17
L 655 376 -147
L 656 378 -214
L 657 376 147
D 654 377 2 655 656 657 17
L 661 374 -93
D 660 373 2 648 661 650 41
D 659 371 2 643 660 651 41
D 658 367 2 641 659 653 41
D 639 375 2 640 654 658 17
L 666 380 -52
L 667 382 53
L 668 380 52
D 665 381 2 666 667 668 17
L 670 384 -59
L 671 386 58
L 672 384 59
D 669 385 2 670 671 672 17
L 674 382 -53
D 673 381 2 666 674 668 41
D 664 383 2 665 669 673 17
L 676 388 -148
L 677 390 -149
L 678 388 148
D 675 389 2 676 677 678 17
L 681 386 -58
D 680 385 2 670 681 672 41
D 679 383 2 665 680 673 41
D 663 387 2 664 675 679 17
L 683 392 212
L 685 394 -66
L 687 396 12
L 690 398 -11
L 691 400 -87
L 692 398 11
D 689 399 2 690 691 692 17
L 693 402 -13
L 695 400 87
D 694 399 2 690 695 692 41
D 688 401 2 689 693 694 17
L 696 396 -12
D 686 397 2 687 688 696 17
L 697 394 66
D 684 395 2 685 686 697 17
L 698 392 -212
D 682 393 2 683 684 698 17
L 701 390 149
D 700 389 2 676 701 678 41
D 699 387 2 664 700 679 41
D 662 391 2 663 682 699 17
L 704 378 214
D 703 377 2 655 704 657 41
D 702 375 2 640 703 658 41
D 638 379 2 639 662 702 17
L 709 404 -126
L 710 406 125
L 711 404 126
D 708 405 2 709 710 711 17
L 713 408 -121
L 714 410 122
L 715 408 121
D 712 409 2 713 714 715 17
L 717 406 -125
D 716 405 2 709 717 711 41
D 707 407 2 708 712 716 17
L 719 412 102
L 720 414 -101
L 721 412 -102
L 722 414 101
D 718 413 2 719 720 721 722
L 725 410 -122
D 724 409 2 713 725 715 41
D 723 407 2 708 724 716 41
D 706 411 2 707 718 723 17
L 728 416 -184
L 730 418 99
L 731 420 -100
L 732 418 -99
L 733 420 100
D 729 419 2 730 731 732 733
L 734 416 184
D 727 417 2 728 729 734 17
L 737 424 -232
L 739 426 233
L 741 428 70
L 743 430 14
L 744 432 -15
L 745 430 -14
D 742 431 2 743 744 745 17
L 746 428 -70
D 740 429 2 741 742 746 17
L 747 426 -233
D 738 427 2 739 740 747 17
L 748 424 232
D 736 425 2 737 738 748 17
L 751 434 -127
L 752 436 196
L 753 434 127
D 750 435 2 751 752 753 17
L 757 438 -197
L 760 440 -128
L 761 442 17
L 762 440 128
D 759 441 2 760 761 762 17
L 764 444 1
L 765 446 -2
L 766 444 -1
D 763 445 2 764 765 766 17
L 768 442 -17
D 767 441 2 760 768 762 41
D 758 443 2 759 763 767 17
L 769 438 197
D 756 439 2 757 758 769 17
L 771 448 -241
L 774 450 97
L 775 452 -98
L 776 450 -97
D 773 451 2 774 775 776 17
L 778 454 3
L 780 456 16
L 782 458 69
L 783 460 -4
L 784 458 -69
D 781 459 2 782 783 784 17
L 785 456 -16
D 779 457 2 780 781 785 17
L 786 454 -3
D 777 455 2 778 779 786 17
L 788 452 98
D 787 451 2 774 788 776 41
D 772 453 2 773 777 787 17
L 789 448 241
D 770 449 2 771 772 789 17
L 793 446 2
D 792 445 2 764 793 766 41
D 791 443 2 759 792 767 41
D 790 439 2 757 791 769 41
D 755 447 2 756 770 790 17
L 796 462 -150
L 797 464 200
L 798 462 150
D 795 463 2 796 797 798 17
L 800 466 198
L 803 468 199
L 804 470 -131
L 805 468 -199
D 802 469 2 803 804 805 17
L 808 472 67
L 810 474 9
L 811 476 -10
L 812 474 -9
D 809 475 2 810 811 812 17
L 813 472 -67
D 807 473 2 808 809 813 17
L 817 478 6
L 818 480 -5
L 819 478 -6
D 816 479 2 817 818 819 17
L 821 482 132
L 823 484 71
L 824 486 -72
L 825 484 -71
D 822 485 2 823 824 825 17
L 826 482 -132
D 820 483 2 821 822 826 17
L 828 480 5
D 827 479 2 817 828 819 41
D 815 481 2 816 820 827 17
L 830 488 129
L 832 490 -130
L 834 492 -249
L 837 494 95
L 838 496 -96
L 839 494 -95
D 836 495 2 837 838 839 17
L 841 498 7
L 843 500 -8
L 844 502 68
L 845 500 8
D 842 501 2 843 844 845 17
L 846 498 -7
D 840 499 2 841 842 846 17
L 848 496 96
D 847 495 2 837 848 839 41
D 835 497 2 836 840 847 17
L 849 492 249
D 833 493 2 834 835 849 17
L 850 490 130
D 831 491 2 832 833 850 17
L 851 488 -129
D 829 489 2 830 831 851 17
L 855 486 72
D 854 485 2 823 855 825 41
D 853 483 2 821 854 826 41
D 852 481 2 816 853 827 41
D 814 487 2 815 829 852 17
L 858 476 10
D 857 475 2 810 858 812 41
D 856 473 2 808 857 813 41
D 806 477 2 807 814 856 17
L 860 470 131
D 859 469 2 803 860 805 41
D 801 471 2 802 806 859 17
L 861 466 -198
D 799 467 2 800 801 861 17
L 863 464 -200
D 862 463 2 796 863 798 41
D 794 465 2 795 799 862 17
L 870 460 4
D 869 459 2 782 870 784 41
D 868 457 2 780 869 785 41
D 867 455 2 778 868 786 41
D 866 453 2 773 867 787 41
D 865 449 2 771 866 789 41
D 864 447 2 756 865 790 41
D 754 461 2 755 794 864 17
L 872 436 -196
D 871 435 2 751 872 753 41
D 749 437 2 750 754 871 17
L 877 432 15
D 876 431 2 743 877 745 41
D 875 429 2 741 876 746 41
D 874 427 2 739 875 747 41
D 873 425 2 737 874 748 41
D 735 433 2 736 749 873 17
D 879 419 2 732 731 730 733
D 878 417 2 728 879 734 41
D 726 421 2 727 735 878 17
D 881 413 2 721 720 719 722
D 880 411 2 707 881 723 41
D 705 415 2 706 726 880 17
L 888 402 13
D 887 401 2 689 888 694 41
D 886 397 2 687 887 696 41
D 885 395 2 685 886 697 41
D 884 393 2 683 885 698 41
D 883 391 2 663 884 699 41
D 882 379 2 639 883 702 41
D 637 403 2 638 705 882 17
L 894 306 -191
L 895 306 191
D 893 307 2 894 636 895 17
D 892 305 2 521 893 519 17
D 891 303 2 514 892 522 17
D 890 299 2 495 891 524 17
D 902 317 2 538 552 540 17
D 905 325 2 548 610 546 17
D 904 323 2 549 905 544 17
D 903 321 2 550 904 542 17
D 906 317 2 538 539 540 41
D 901 319 2 902 903 906 17
D 900 315 2 535 901 553 17
D 899 313 2 554 900 533 534
D 911 333 2 564 570 562 17
D 912 337 2 568 603 566 17
D 913 333 2 564 563 562 41
D 910 335 2 911 912 913 17
D 909 331 2 571 910 559 17
D 908 329 2 572 909 557 558
D 917 337 2 568 567 566 41
D 916 335 2 911 917 913 41
D 915 331 2 571 916 559 41
D 914 329 2 572 915 557 600
D 907 339 2 908 573 914 17
D 923 325 2 548 547 546 41
D 922 323 2 549 923 544 41
D 921 321 2 550 922 542 41
D 920 319 2 902 921 906 41
D 919 315 2 535 920 553 41
D 918 313 2 533 605 554 919
D 898 327 2 899 907 918 17
D 925 355 2 618 614 613 17
D 926 355 2 618 624 613 41
D 924 359 2 925 619 926 17
D 928 339 2 908 628 914 41
D 927 327 2 899 928 918 41
D 897 353 2 898 924 927 17
D 896 311 2 632 897 529 17
D 932 307 2 894 520 895 41
D 931 305 2 521 932 519 41
D 930 303 2 514 931 522 41
D 929 299 2 495 930 524 41
D 889 309 2 890 896 929 17
D 938 369 2 646 652 644 17
D 939 373 2 650 661 648 17
D 940 369 2 646 645 644 41
D 937 371 2 938 939 940 17
D 936 367 2 653 937 641 17
D 941 377 2 657 704 655 17
D 944 373 2 650 649 648 41
D 943 371 2 938 944 940 41
D 942 367 2 653 943 641 41
D 935 375 2 936 941 942 17
D 946 377 2 657 656 655 41
D 945 375 2 936 946 942 41
D 934 379 2 935 662 945 17
D 950 405 2 711 717 709 710
D 951 409 2 715 725 713 17
D 952 405 2 709 717 711 710
D 949 407 2 950 951 952 17
D 954 409 2 715 714 713 41
D 953 407 2 950 954 952 41
D 948 411 2 949 718 953 17
D 955 411 2 949 881 953 41
D 947 415 2 948 726 955 17
D 956 379 2 935 883 945 41
D 933 403 2 934 947 956 17
D 962 329 2 572 909 557 17
D 964 347 2 582 583 591 17
D 963 345 2 574 964 596 17
D 965 329 2 572 915 557 41
D 961 339 2 962 963 965 17
D 960 327 2 532 961 604 17
D 968 357 2 617 625 615 17
D 967 355 2 613 968 618 17
L 970 360 195
L 972 364 231
D 971 363 2 622 972 620 17
L 973 360 -195
D 969 361 2 970 971 973 619
D 975 357 2 617 616 615 41
D 974 355 2 613 975 618 41
D 966 359 2 967 969 974 17
D 979 347 2 591 592 582 17
D 978 345 2 574 979 596 17
D 977 339 2 962 978 965 17
D 976 327 2 532 977 604 17
D 981 339 2 962 628 965 41
D 980 327 2 532 981 604 41
D 959 353 3 960 966 976 611 980 17
D 958 311 2 632 959 529 17
D 986 293 2 503 510 501 17
D 987 297 2 507 508 505 17
D 988 293 2 503 502 501 41
D 985 295 2 986 987 988 17
D 984 291 2 498 985 511 17
D 983 289 2 512 984 496 17
D 992 297 2 507 506 505 41
D 991 295 2 986 992 988 41
D 990 291 2 498 991 511 41
D 989 289 2 512 990 496 41
D 982 299 2 983 513 989 17
D 996 313 2 554 900 533 17
D 997 313 2 554 919 533 41
D 995 327 2 996 907 997 17
D 998 327 2 996 928 997 41
D 994 353 2 995 924 998 17
D 993 311 2 632 994 529 17
D 1000 289 2 512 984 496 497
D 1001 289 2 512 990 496 525
D 999 299 2 1000 634 1001 41
D 957 309 3 494 958 982 993 999 17
D 1002 403 2 638 947 882 17
D 1008 363 2 622 621 620 41
D 1009 363 2 620 972 622 41
D 1007 361 2 970 1008 973 1009
D 1006 359 2 967 1007 974 41
D 1010 359 2 612 1009 623 41
D 1005 353 3 960 1006 976 1010 980 41
D 1011 353 2 531 1010 626 41
D 1004 311 2 632 1005 529 1011
D 1014 359 2 925 1009 926 41
D 1013 353 2 995 1014 998 41
D 1012 311 2 632 1013 529 41
D 1016 353 2 898 1014 927 41
D 1015 311 2 632 1016 529 41
D 1019 305 2 521 932 519 636
D 1018 303 2 514 1019 522 41
D 1017 299 3 495 1018 983 634 1001 41
D 1003 309 4 494 1004 982 1012 890 1015 1017 41
D 492 365 4 493 637 889 933 957 1002 1003 17
L 1022 286 -222
D 1021 285 2 487 1022 489 41
D 1020 283 2 482 1021 490 41
D 480 287 2 481 492 1020 17
D 1025 277 2 477 476 475 17
D 1024 275 2 473 1025 478 17
D 1023 273 2 471 1024 479 17
D 1028 281 2 485 484 483 17
D 1029 285 2 489 488 487 17
D 1030 281 2 485 491 483 41
D 1027 283 2 1028 1029 1030 17
D 1035 301 2 515 523 517 17
D 1037 307 2 895 636 894 17
D 1036 305 2 521 1037 519 17
D 1038 301 2 515 516 517 41
D 1034 303 2 1035 1036 1038 17
D 1033 299 2 495 1034 524 17
D 1042 363 2 620 972 622 17
D 1041 359 2 925 1042 926 17
D 1040 353 2 898 1041 927 17
D 1039 311 2 632 1040 529 17
D 1046 307 2 895 520 894 41
D 1045 305 2 521 1046 519 41
D 1044 303 2 1035 1045 1038 41
D 1043 299 2 495 1044 524 41
D 1032 309 2 1033 1039 1043 17
D 1051 363 2 620 621 622 41
D 1050 359 2 925 1051 926 41
D 1049 353 2 898 1050 927 41
D 1048 311 2 632 1049 529 41
D 1047 309 2 1033 1048 1043 41
D 1031 365 2 1032 933 1047 17
D 1052 283 2 1028 486 1030 17
D 1059 297 2 505 506 507 17
D 1058 295 2 986 1059 988 17
D 1057 291 2 511 1058 498 17
D 1056 289 2 512 1057 496 17
D 1063 297 2 505 508 507 41
D 1062 295 2 986 1063 988 41
D 1061 291 2 511 1062 498 41
D 1060 289 2 512 1061 496 41
D 1055 299 2 1056 513 1060 17
D 1065 353 2 995 1041 998 17
D 1064 311 2 632 1065 529 17
D 1066 299 2 1056 634 1060 41
D 1054 309 2 1055 1064 1066 17
D 1069 353 2 995 1050 998 41
D 1068 311 2 632 1069 529 41
D 1067 309 2 1055 1068 1066 41
D 1053 365 2 1054 1002 1067 17
D 1071 285 2 487 1022 489 17
D 1070 283 2 1028 1071 1030 17
D 1076 359 2 612 1042 623 17
D 1075 353 2 531 1076 626 17
D 1074 311 2 529 1075 632 17
D 1073 309 2 494 1074 633 17
D 1081 405 2 711 717 709 17
D 1082 405 2 711 710 709 41
D 1080 407 2 1081 712 1082 17
D 1083 407 2 1081 724 1082 41
D 1079 411 2 1080 718 1083 17
D 1084 411 2 1080 881 1083 41
D 1078 415 2 1079 726 1084 17
D 1077 403 2 638 1078 882 17
D 1088 359 2 612 1051 623 41
D 1087 353 2 531 1088 626 41
D 1086 311 2 529 1087 632 41
D 1085 309 2 494 1086 633 41
D 1072 365 2 1073 1077 1085 17
D 1090 285 2 489 1022 487 17
D 1089 283 2 1028 1090 1030 41
D 1026 287 4 1027 1031 1052 1053 1070 1072 1089 17
L 1093 278 227
D 1092 275 2 473 1093 478 41
D 1091 273 2 471 1092 479 41
D 469 279 3 470 480 1023 1026 1091 17
D 1096 157 2 260 268 262 17
D 1097 161 2 264 468 266 17
D 1098 157 2 260 261 262 41
D 1095 159 2 1096 1097 1098 17
L 1100 164 193
D 1102 167 2 287 272 271 17
D 1109 261 2 429 444 427 17
D 1108 259 2 430 1109 425 17
D 1112 267 2 437 436 435 17
L 1113 270 236
D 1114 267 2 437 440 435 41
D 1111 269 2 1112 1113 1114 17
D 1110 265 2 432 1111 441 17
D 1116 261 2 429 428 427 41
D 1115 259 2 430 1116 425 41
D 1107 263 2 1108 1110 1115 17
D 1106 257 2 419 1107 445 17
D 1105 253 2 384 1106 447 17
D 1104 233 2 350 1105 451 17
D 1103 213 2 289 1104 456 17
D 1117 167 2 287 463 271 41
D 1101 177 2 1102 1103 1117 17
L 1118 164 -193
D 1099 165 2 1100 1101 1118 17
D 1120 161 2 264 265 266 41
D 1119 159 2 1096 1120 1098 41
D 1094 163 2 1095 1099 1119 17
D 1124 281 2 485 491 483 17
D 1125 281 2 485 484 483 41
D 1123 283 2 1124 1029 1125 17
D 1130 301 2 517 516 515 17
D 1131 305 2 521 520 519 17
D 1132 301 2 517 523 515 41
D 1129 303 2 1130 1131 1132 17
D 1128 299 2 495 1129 524 17
D 1135 305 2 521 636 519 41
D 1134 303 2 1130 1135 1132 41
D 1133 299 2 495 1134 524 41
D 1127 309 2 1128 1039 1133 17
D 1138 303 2 1130 518 1132 17
D 1137 299 2 495 1138 524 17
D 1143 357 2 615 625 617 17
D 1142 355 2 613 1143 618 17
D 1145 357 2 615 616 617 41
D 1144 355 2 613 1145 618 41
D 1141 359 2 1142 1042 1144 17
D 1140 353 3 960 1141 976 1076 980 17
D 1139 311 2 632 1140 529 1075
D 1147 289 2 512 497 496 17
D 1148 289 2 512 525 496 41
D 1146 299 2 1147 1138 1148 17
D 1150 303 2 1130 635 1132 41
D 1149 299 2 497 1150 525 41
D 1136 309 3 1137 1139 1146 1064 1149 17
D 1154 359 2 1142 1051 1144 41
D 1153 353 3 960 1154 976 1088 980 41
D 1152 311 2 632 1153 529 1087
D 1156 303 2 1130 636 1132 41
D 1155 299 3 495 1156 1147 1150 525 41
D 1151 309 4 1137 1152 1128 1048 1146 1068 1155 41
D 1126 365 3 1127 933 1136 1002 1151 17
D 1158 285 2 489 1022 487 41
D 1157 283 2 1124 1158 1125 41
D 1122 287 2 1123 1126 1157 17
D 1161 277 2 477 1093 475 41
D 1160 275 2 473 1161 478 41
D 1159 273 2 471 1160 479 41
D 1121 279 2 1023 1122 1159 17
D 1164 161 2 266 265 264 17
D 1163 159 2 259 1164 267 17
D 1168 169 2 274 286 276 17
D 1170 175 2 280 281 282 17
D 1169 173 2 284 1170 278 17
D 1171 169 2 274 275 276 41
D 1167 171 2 1168 1169 1171 17
D 1166 167 2 287 1167 271 17
D 1175 215 2 354 382 352 17
D 1178 221 2 361 380 359 17
D 1177 219 2 362 1178 357 17
D 1181 227 2 367 377 369 17
D 1180 225 2 370 1181 365 17
D 1183 227 2 367 368 369 41
D 1182 225 2 370 1183 365 41
D 1179 229 2 1180 371 1182 17
D 1185 221 2 361 360 359 41
D 1184 219 2 362 1185 357 41
D 1176 223 2 1177 1179 1184 17
D 1186 215 2 354 353 352 41
D 1174 217 2 1175 1176 1186 17
D 1191 237 2 391 390 389 17
D 1192 237 2 391 397 389 41
D 1190 239 2 1191 392 1192 17
D 1195 245 2 403 409 401 17
D 1196 249 2 407 413 405 17
D 1197 245 2 403 402 401 41
D 1194 247 2 1195 1196 1197 17
D 1199 249 2 407 406 405 41
D 1198 247 2 1195 1199 1197 41
D 1193 251 2 1194 410 1198 17
D 1200 239 2 1191 415 1192 41
D 1189 243 2 1190 1193 1200 17
D 1188 235 2 385 386 417 1189
D 1203 259 2 425 443 430 1116
D 1202 263 3 424 431 1108 1110 1203 17
D 1201 257 2 419 1202 445 17
D 1206 251 2 1194 450 1198 41
D 1205 243 2 1190 1206 1200 41
D 1204 235 2 417 1205 385 448
D 1187 253 2 1188 1201 1204 17
D 1209 229 2 1180 454 1182 41
D 1208 223 2 1177 1209 1184 41
D 1207 217 2 1175 1208 1186 41
D 1173 233 2 1174 1187 1207 17
D 1172 213 2 289 1173 456 17
D 1213 175 2 280 283 282 41
D 1212 173 2 284 1213 278 41
D 1211 171 2 1168 1212 1171 41
D 1210 167 2 287 1211 271 41
D 1165 177 2 1166 1172 1210 17
D 1221 207 2 332 339 330 17
D 1222 211 2 334 335 336 17
D 1223 207 2 332 331 330 41
D 1220 209 2 1221 1222 1223 17
D 1219 205 2 340 1220 327 17
D 1218 203 2 341 1219 325 17
D 1217 201 2 317 1218 342 17
D 1216 193 2 290 1217 345 17
D 1226 235 2 417 1189 385 17
D 1227 235 2 417 1205 385 41
D 1225 253 2 1226 1201 1227 17
D 1224 233 2 350 1225 451 17
D 1233 211 2 334 337 336 41
D 1232 209 2 1221 1233 1223 41
D 1231 205 2 340 1232 327 41
D 1230 203 2 341 1231 325 41
D 1229 201 2 317 1230 342 41
D 1228 193 2 290 1229 345 41
D 1215 213 2 1216 1224 1228 17
D 1214 177 2 1102 1215 1117 17
D 1234 159 2 259 468 267 41
D 1162 163 3 1163 1165 258 1214 1234 17
D 1238 277 2 477 1093 475 17
D 1237 275 2 478 1238 473 17
D 1236 273 2 471 1237 479 17
D 1239 287 2 481 1126 1020 17
D 1242 277 2 477 476 475 41
D 1241 275 2 478 1242 473 41
D 1240 273 2 471 1241 479 41
D 1235 279 2 1236 1239 1240 17
D 1249 181 2 296 295 294 17
D 1248 179 2 297 1249 292 17
D 1252 187 2 304 312 302 17
D 1251 185 2 305 1252 300 17
D 1253 191 2 309 348 307 17
D 1255 187 2 304 303 302 41
D 1254 185 2 305 1255 300 41
D 1250 189 2 1251 1253 1254 17
D 1257 181 2 296 315 294 41
D 1256 179 2 297 1257 292 41
D 1247 183 2 1248 1250 1256 17
D 1261 197 2 322 344 320 17
L 1262 200 187
D 1263 197 2 322 321 320 41
D 1260 199 2 1261 1262 1263 17
D 1259 195 2 323 1260 318 17
L 1266 200 -187
D 1265 199 2 1261 1266 1263 41
D 1264 195 2 323 1265 318 41
D 1258 201 2 1259 324 1264 17
D 1269 191 2 309 308 307 41
D 1268 189 2 1251 1269 1254 41
D 1267 183 2 1248 1268 1256 41
D 1246 193 2 1247 1258 1267 17
D 1271 217 2 351 1176 381 17
D 1274 255 2 422 446 420 17
D 1275 255 2 422 421 420 17
D 1273 257 3 1274 1107 1275 423 420 17
D 1277 255 2 422 446 420 41
D 1276 257 2 1275 1202 1277 17
D 1272 253 3 1226 1273 384 1276 1204 17
D 1280 219 2 357 379 362 1185
D 1279 223 3 356 453 1177 1209 1280 41
D 1278 217 2 351 1279 381 41
D 1270 233 3 1271 1272 350 1187 1278 17
D 1282 201 2 1259 458 1264 41
D 1281 193 2 1247 1282 1267 41
D 1245 213 2 1246 1270 1281 17
D 1244 177 2 1102 1245 1117 17
D 1284 161 2 266 468 264 41
D 1283 159 2 259 1284 267 41
D 1243 163 2 1163 1244 1283 17
D 1286 273 2 479 1237 471 17
D 1287 273 2 479 1241 471 41
D 1285 279 2 1286 1239 1287 17
D 1289 165 2 1118 1101 1100 17
D 1295 199 2 1261 1266 1263 17
D 1294 195 2 318 1295 323 17
D 1297 199 2 1261 1262 1263 41
D 1296 195 2 318 1297 323 41
D 1293 201 2 1294 324 1296 17
D 1292 193 2 1247 1293 1267 17
D 1299 201 2 1294 458 1296 41
D 1298 193 2 1247 1299 1267 41
D 1291 213 2 1292 1270 1298 17
D 1303 175 2 282 283 280 17
D 1302 173 2 278 1303 284 17
D 1301 171 2 1168 1302 1171 17
D 1300 167 2 287 1301 271 17
D 1307 175 2 282 281 280 41
D 1306 173 2 278 1307 284 41
D 1305 171 3 1168 1306 273 464 276 41
D 1304 167 2 287 1305 271 41
D 1290 177 3 1102 1291 1300 1172 1304 17
D 1315 211 2 336 337 334 17
D 1314 209 2 1221 1315 1223 17
D 1313 205 2 327 1314 340 17
D 1312 203 2 341 1313 325 17
D 1311 201 2 317 1312 342 17
D 1310 193 2 290 1311 345 17
D 1321 211 2 336 335 334 41
D 1320 209 2 1221 1321 1223 41
D 1319 205 2 327 1320 340 41
D 1318 203 2 341 1319 325 41
D 1317 201 2 317 1318 342 41
D 1316 193 2 290 1317 345 41
D 1309 213 2 1310 1224 1316 17
D 1308 177 2 1102 1309 1117 17
D 1322 159 3 1096 1120 259 468 262 41
D 1288 163 4 1095 1289 1163 1290 258 1308 1322 17
D 1326 309 2 1128 896 1133 17
D 1330 359 2 1142 619 1144 17
D 1329 353 3 960 1330 976 611 980 17
D 1328 311 2 632 1329 529 530
D 1327 309 3 1146 993 1137 1328 1149 17
D 1334 359 2 1142 1009 1144 41
D 1333 353 3 976 1010 960 1334 980 41
D 1332 311 2 529 1011 632 1333
D 1331 309 4 1137 1332 1146 1012 1128 1015 1155 41
D 1325 365 3 1326 933 1327 1002 1331 17
D 1324 287 2 481 1325 1020 17
D 1337 277 2 475 1093 477 41
D 1336 275 2 473 1337 478 41
D 1335 273 2 471 1336 479 41
D 1323 279 2 470 1324 1335 17
D 1343 195 2 318 1295 323 1260
D 1344 195 2 318 1297 323 1265
D 1342 201 2 1343 324 1344 17
D 1341 193 2 1247 1342 1267 17
D 1350 269 2 434 1113 439 41
D 1349 265 2 432 1350 441 41
D 1352 269 2 1112 438 1114 41
D 1351 265 2 432 1352 441 41
D 1348 263 3 424 1349 1108 1351 1203 41
D 1347 257 2 419 1348 445 41
D 1346 253 2 1188 1347 1204 41
D 1354 257 2 1275 1348 1277 41
D 1356 263 2 424 1349 442 41
D 1357 263 2 1108 1351 1115 41
D 1355 257 3 1275 1356 1274 1357 420 41
D 1353 253 3 384 1354 1226 1355 1204 41
D 1345 233 3 350 1346 1271 1353 1278 41
D 1359 201 2 1343 458 1344 41
D 1358 193 2 1247 1359 1267 41
D 1340 213 2 1341 1345 1358 41
D 1362 173 2 278 1303 284 1170
D 1361 171 2 1168 1362 1171 17
D 1360 167 2 287 1361 271 17
D 1364 233 2 1174 1346 1207 41
D 1363 213 2 289 1364 456 41
D 1367 173 2 284 1213 278 1307
D 1366 171 3 1168 1367 273 464 276 41
D 1365 167 2 287 1366 271 41
D 1339 177 3 1102 1340 1360 1363 1365 41
D 1373 205 2 327 1314 340 1220
D 1372 203 2 341 1373 325 17
D 1371 201 2 317 1372 342 17
D 1370 193 2 290 1371 345 17
D 1375 253 2 1226 1347 1227 41
D 1374 233 2 350 1375 451 41
D 1379 205 2 327 1320 340 1232
D 1378 203 2 341 1379 325 41
D 1377 201 2 317 1378 342 41
D 1376 193 2 290 1377 345 41
D 1369 213 2 1370 1374 1376 41
D 1383 257 2 419 1356 445 41
D 1382 253 2 384 1383 447 41
D 1381 233 2 350 1382 451 41
D 1380 213 2 289 1381 456 41
D 1368 177 3 1102 1369 270 1380 463 41
D 1388 257 2 419 1357 445 41
D 1387 253 2 384 1388 447 41
D 1386 233 2 350 1387 451 41
D 1385 213 2 289 1386 456 41
D 1384 177 2 1102 1385 1117 41
D 1338 163 4 1163 1339 258 1368 1095 1384 1322 41
D 256 271 6 257 469 1094 1121 1162 1235 1243 1285 1288 1323 1338 17
D 1391 141 2 232 249 234 17
D 1392 141 2 232 233 234 41
D 1390 143 2 1391 235 1392 17
D 1389 139 2 86 1390 250 17
D 1398 169 2 276 275 274 17
D 1399 169 2 276 286 274 41
D 1397 171 2 1398 277 1399 17
D 1396 167 2 287 1397 271 17
D 1404 197 2 322 321 320 17
D 1403 195 2 318 1404 323 17
D 1406 197 2 322 344 320 41
D 1405 195 2 318 1406 323 41
D 1402 201 2 1403 324 1405 17
D 1401 193 2 1247 1402 1267 17
D 1409 215 2 354 353 352 17
D 1410 215 2 354 382 352 41
D 1408 217 2 1409 1176 1410 17
D 1411 217 2 1409 1208 1410 41
D 1407 233 2 1408 1187 1411 17
D 1413 201 2 1403 458 1405 41
D 1415 179 2 297 1257 292 314
D 1414 183 3 291 346 1248 1268 1415 41
D 1412 193 3 1247 1413 290 457 1414 41
D 1400 213 3 1401 1270 289 1407 1412 17
D 1417 171 2 1398 464 1399 41
D 1416 167 2 287 1417 271 41
D 1395 177 2 1396 1400 1416 17
D 1422 203 2 341 326 325 17
D 1421 201 2 317 1422 342 17
D 1420 193 2 290 1421 345 17
D 1425 203 2 341 459 325 41
D 1424 201 2 317 1425 342 41
D 1423 193 2 290 1424 345 41
D 1419 213 2 1420 1224 1423 17
D 1426 167 2 271 1397 287 17
D 1418 177 3 1396 1419 1426 288 1417 17
D 1427 159 2 1096 263 1098 17
D 1428 177 2 1396 1103 1416 17
D 1429 159 3 1096 467 259 468 262 41
D 1394 163 4 1163 1395 258 1418 1427 1428 1429 17
D 1436 413 2 721 722 719 17
D 1435 411 2 949 1436 953 17
D 1439 419 2 730 731 732 17
D 1438 417 2 728 1439 734 17
D 1444 431 2 745 877 743 17
D 1443 429 2 746 1444 741 17
D 1442 427 2 747 1443 739 17
D 1441 425 2 737 738 748 1442
D 1450 441 2 762 761 760 17
D 1451 441 2 762 768 760 41
D 1449 443 2 1450 763 1451 17
D 1448 439 2 769 1449 757 17
D 1456 459 2 784 870 782 17
D 1455 457 2 785 1456 780 17
D 1454 455 2 786 1455 778 17
D 1453 453 2 773 1454 787 17
D 1452 449 2 789 1453 771 17
D 1457 449 2 789 772 771 17
D 1459 443 2 1450 792 1451 41
D 1458 439 2 769 1459 757 791
D 1447 447 3 1448 1452 756 1457 1458 17
D 1469 495 2 839 848 837 17
L 1472 502 -68
D 1471 501 2 845 1472 843 17
D 1470 499 2 846 1471 841 17
D 1473 495 2 839 838 837 41
D 1468 497 2 1469 1470 1473 17
D 1467 493 2 849 1468 834 17
D 1466 491 2 832 1467 850 17
D 1465 489 2 851 1466 830 17
D 1464 487 2 815 1465 852 17
D 1463 477 2 807 1464 856 17
D 1462 471 2 802 1463 859 17
D 1461 467 2 800 1462 861 17
D 1460 465 2 795 1461 862 17
D 1477 451 2 776 788 774 17
D 1478 451 2 776 775 774 41
D 1476 453 2 1477 1454 1478 17
D 1475 449 2 771 1476 789 17
D 1479 439 2 769 1459 757 41
D 1474 447 2 1448 1475 1479 17
D 1485 459 2 784 783 782 41
D 1484 457 2 785 1485 780 41
D 1483 455 2 786 1484 778 41
D 1482 453 2 1477 1483 1478 41
D 1486 453 2 773 1483 787 41
D 1481 449 2 771 1482 789 1486
D 1487 449 2 789 866 771 41
D 1480 447 3 1448 1481 756 1487 1458 41
D 1446 461 3 1447 1460 1474 794 1480 17
D 1445 437 2 750 1446 871 17
D 1491 431 2 745 744 743 41
D 1490 429 2 746 1491 741 41
D 1489 427 2 747 1490 739 41
D 1488 425 2 748 1489 737 874
D 1440 433 2 1441 1445 1488 17
D 1492 417 2 734 729 728 17
L 1494 422 -185
D 1496 425 2 748 1442 737 17
D 1497 425 2 748 1489 737 41
D 1495 433 2 1496 749 1497 17
L 1498 422 185
D 1493 423 2 1494 1495 1498 17
D 1500 419 2 732 733 730 17
D 1499 417 2 728 1500 734 17
D 1505 449 2 771 1482 789 41
D 1504 447 2 1448 1505 1479 41
D 1503 461 2 1474 794 1504 17
D 1502 437 2 750 1503 871 17
D 1501 433 2 1441 1502 1488 17
D 1437 421 4 1438 1440 1492 1493 1499 1501 879 17
D 1507 413 2 719 720 721 17
D 1506 411 2 949 1507 953 17
D 1513 449 2 789 1486 771 41
D 1512 447 3 756 1487 1448 1513 1458 41
D 1511 461 2 1447 1460 1512 17
D 1510 437 2 750 1511 871 17
D 1509 433 2 1441 1510 1488 17
D 1515 419 2 730 733 732 41
D 1514 417 2 728 1515 734 879
D 1508 421 3 1492 1493 1438 1509 1514 17
D 1434 415 3 1435 1437 1506 1508 955 17
D 1433 403 2 638 1434 882 17
D 1516 403 2 934 1434 956 17
D 1432 365 3 1327 1433 1326 1516 1331 17
D 1431 287 2 481 1432 1020 17
D 1430 279 2 470 1431 1335 17
D 1518 177 2 1396 1385 1416 41
D 1520 213 2 1420 1374 1423 41
D 1519 177 3 1426 1380 1396 1520 1417 41
D 1523 233 2 1408 1346 1411 41
D 1522 213 3 289 1523 1401 1345 1412 41
D 1521 177 2 1396 1522 1416 41
D 1517 163 4 1427 1518 258 1519 1163 1521 1429 41
D 1393 271 2 1394 1430 1517 17
D 1530 129 2 195 213 197 17
D 1529 127 2 198 1530 193 17
D 1533 135 2 205 210 203 17
D 1532 133 2 206 1533 201 17
D 1535 135 2 205 204 203 41
D 1534 133 2 206 1535 201 41
D 1531 137 2 1532 207 1534 17
D 1537 129 2 195 196 197 41
D 1536 127 2 198 1537 193 41
D 1528 131 2 1529 1531 1536 17
D 1527 125 2 154 1528 214 17
D 1526 103 2 135 1527 219 17
D 1525 91 2 87 1526 223 17
L 1544 152 188
L 1545 154 189
D 1543 153 2 1544 1545 243 17
D 1542 151 2 244 1543 242 17
D 1541 149 2 245 1542 240 17
D 1540 147 2 238 1541 246 17
D 1539 145 2 236 1540 247 17
D 1538 143 2 231 1539 248 17
D 1550 137 2 1532 255 1534 41
D 1549 131 2 1529 1550 1536 41
D 1548 125 2 154 1549 214 41
D 1547 103 2 135 1548 219 41
D 1546 91 2 87 1547 223 41
D 1524 139 2 1525 1538 1546 17
D 1554 157 2 262 261 260 17
D 1555 157 2 262 268 260 41
D 1553 159 2 1554 1164 1555 17
D 1556 159 2 1554 263 1555 17
D 1558 157 2 262 268 260 17
D 1559 157 2 262 261 260 41
D 1557 159 2 1558 263 1559 17
D 1560 159 3 1558 467 1554 468 260 41
D 1552 163 4 1553 1395 1556 1418 1557 1428 1560 17
D 1561 163 4 1557 1518 1556 1519 1553 1521 1560 41
D 1551 271 2 1552 1285 1561 17
D 1567 95 2 141 152 139 17
D 1566 93 2 142 1567 137 17
D 1569 101 2 148 147 146 17
D 1568 99 2 149 1569 144 17
D 1571 95 2 141 140 139 41
D 1570 93 2 142 1571 137 41
D 1565 97 2 1566 1568 1570 17
D 1577 113 2 167 188 165 17
D 1576 111 2 168 1577 163 17
D 1575 109 2 169 1576 161 17
D 1579 119 2 172 184 177 17
D 1580 123 2 182 181 180 17
D 1581 119 2 172 176 177 41
D 1578 121 2 1579 1580 1581 17
D 1584 113 2 167 166 165 41
D 1583 111 2 168 1584 163 41
D 1582 109 2 169 1583 161 186
D 1574 115 3 1575 1578 160 170 1582 17
D 1573 107 2 155 1574 189 17
D 1586 127 2 198 1537 193 212
D 1585 131 3 1529 1531 192 199 1586 17
D 1590 123 2 182 218 180 41
D 1589 121 2 1579 1590 1581 41
D 1588 115 3 160 216 1575 1589 1582 41
D 1587 107 2 155 1588 189 41
D 1572 125 2 1573 1585 1587 17
D 1593 101 2 148 222 146 41
D 1592 99 2 149 1593 144 41
D 1591 97 2 1566 1592 1570 41
D 1564 103 2 1565 1572 1591 17
D 1563 91 2 87 1564 223 17
D 1595 141 2 234 249 232 17
D 1596 145 2 247 237 236 17
D 1597 141 2 234 233 232 41
D 1594 143 2 1595 1596 1597 17
D 1603 109 2 169 1583 161 41
D 1602 115 2 1575 1578 1603 17
D 1601 107 2 155 1602 189 17
D 1605 115 2 1575 1589 1603 41
D 1604 107 2 155 1605 189 41
D 1600 125 2 1601 1585 1604 17
D 1599 103 2 135 1600 219 17
D 1598 91 2 87 1599 223 17
D 1608 147 2 246 239 238 17
D 1607 145 2 236 1608 247 17
D 1606 143 2 1391 1607 1392 17
D 1612 149 2 245 241 240 17
D 1611 147 2 238 1612 246 17
D 1610 145 2 236 1611 247 17
D 1609 143 2 1391 1610 1392 17
D 1616 131 3 1529 1550 192 254 1586 41
D 1615 125 3 154 1549 1601 1616 1587 41
D 1617 125 2 1573 1616 1587 41
D 1619 93 2 137 151 142 1571
D 1618 97 3 136 220 1566 1592 1619 41
D 1614 103 3 135 1615 1565 1617 1618 41
D 1613 91 2 87 1614 223 41
D 1562 139 4 1563 1594 1598 1606 1525 1609 1613 17
D 1620 271 2 1552 1430 1561 17
L 1628 154 -189
D 1627 153 2 243 1628 1544 17
D 1626 151 2 244 1627 242 17
D 1625 149 2 245 1626 240 17
D 1624 147 2 238 1625 246 17
D 1623 145 2 236 1624 247 17
D 1622 143 2 231 1623 248 17
D 1621 139 2 1525 1622 1546 17
D 1629 271 2 1552 1323 1561 17
D 1635 151 2 242 1544 244 41
D 1634 149 2 240 1635 245 41
D 1633 147 2 238 1634 246 41
D 1632 145 2 247 1633 236 41
D 1631 143 2 1595 1632 1597 41
D 1638 147 2 246 1634 238 41
D 1637 145 2 236 1638 247 41
D 1636 143 2 1391 1637 1392 41
D 1642 149 2 245 1635 240 41
D 1641 147 2 238 1642 246 41
D 1640 145 2 236 1641 247 41
D 1647 153 2 1544 1628 243 1545
D 1646 151 2 244 1647 242 41
D 1645 149 2 245 1646 240 41
D 1644 147 2 238 1645 246 41
D 1643 145 2 236 1644 247 41
D 1639 143 3 1391 1640 231 1643 234 41
D 1649 145 2 236 1633 247 41
D 1648 143 2 232 1649 234 41
D 1652 97 3 1566 1568 136 143 1619 17
D 1651 103 2 1652 1617 1618 41
D 1650 91 2 87 1651 223 41
D 1630 139 5 1563 1631 1598 1636 1525 1639 86 1648 1650 41
D 84 155 6 85 256 1389 1393 1524 1551 1562 1620 1621 1629 1630 17
D 1654 53 2 71 83 69 17
D 1655 53 2 71 70 69 41
D 1653 55 2 1654 72 1655 17
D 1662 69 2 95 133 93 17
D 1661 67 2 91 1662 96 17
D 1660 65 2 89 1661 97 17
D 1665 69 2 95 94 93 41
D 1664 67 2 91 1665 96 41
D 1663 65 2 89 1664 97 41
D 1659 71 2 1660 98 1663 17
D 1666 71 2 1660 224 1663 41
D 1658 91 2 1659 134 1666 17
D 1667 143 2 231 1596 248 17
D 1668 91 2 1659 251 1666 41
D 1657 139 2 1658 1667 1668 17
D 1675 189 2 299 1253 310 17
D 1674 183 2 291 1675 313 17
D 1677 189 2 299 1269 310 41
D 1676 183 2 291 1677 313 41
D 1673 193 2 1674 316 1676 17
D 1678 193 2 1674 457 1676 41
D 1672 213 2 1673 349 1678 17
D 1671 177 2 270 1672 462 17
D 1670 163 2 1163 1671 1283 17
D 1682 309 2 494 896 633 17
D 1687 371 2 643 939 651 17
D 1686 367 2 641 1687 653 17
D 1689 371 2 643 944 651 41
D 1688 367 2 641 1689 653 943
D 1685 375 3 936 941 1686 654 1688 17
D 1695 399 2 692 695 690 17
D 1696 399 2 692 691 690 41
D 1694 401 2 1695 888 1696 17
D 1693 397 2 696 1694 687 17
D 1692 395 2 697 1693 685 17
D 1691 393 2 683 1692 698 17
D 1690 391 2 663 1691 699 17
D 1697 375 3 1686 703 936 946 1688 41
D 1684 379 2 1685 1690 1697 17
D 1703 447 2 756 1457 790 17
D 1711 485 2 825 855 823 17
D 1710 483 2 826 1711 821 17
D 1709 481 2 816 1710 827 17
D 1714 485 2 825 824 823 41
D 1713 483 2 826 1714 821 41
D 1712 481 2 816 1713 827 41
D 1708 487 2 1709 829 1712 17
D 1707 477 2 807 1708 856 17
D 1706 471 2 802 1707 859 17
D 1705 467 2 861 1706 800 17
D 1704 465 2 795 1705 862 17
D 1715 447 2 756 1487 790 41
D 1702 461 2 1703 1704 1715 17
D 1701 437 2 750 1702 871 17
D 1700 433 2 736 1701 873 17
D 1699 421 2 727 1700 878 17
D 1698 415 2 948 1699 955 17
D 1721 401 2 1695 693 1696 41
D 1720 397 2 696 1721 687 41
D 1719 395 2 697 1720 685 41
D 1718 393 2 683 1719 698 41
D 1717 391 2 663 1718 699 41
D 1716 379 2 1685 1717 1697 41
D 1683 403 2 1684 1698 1716 17
D 1722 309 2 494 1015 633 41
D 1681 365 2 1682 1683 1722 17
D 1680 287 2 481 1681 1020 17
D 1679 279 2 470 1680 1335 17
D 1727 253 3 384 1106 1226 1201 1204 17
D 1726 233 3 350 1727 1271 1187 1278 17
D 1728 193 2 1247 316 1267 17
D 1730 183 3 1248 1250 291 1675 1415 17
D 1731 183 3 291 1677 1248 1268 1415 41
D 1729 193 2 1730 457 1731 41
D 1725 213 3 1673 1726 1728 1270 1729 17
D 1724 177 2 1102 1725 1117 17
D 1723 163 2 1163 1724 1283 17
D 1736 299 2 495 1150 524 41
D 1735 309 2 1137 896 1736 17
D 1737 309 2 1137 1015 1736 41
D 1734 365 2 1735 1683 1737 17
D 1733 287 2 481 1734 1020 17
D 1732 279 2 470 1733 1335 17
D 1740 213 2 1673 1381 1678 41
D 1743 253 3 384 1388 1226 1347 1204 41
D 1742 233 3 350 1743 1271 1346 1278 41
D 1741 213 3 1673 1742 1728 1345 1729 41
D 1739 177 3 270 1740 1102 1741 463 41
D 1738 163 2 1163 1739 1283 41
D 1669 271 3 1670 1679 1723 1732 1738 17
D 1747 125 3 154 1528 1601 1585 1587 17
D 1746 103 3 135 1747 1565 1572 1618 17
D 1749 65 2 97 1661 89 17
D 1754 89 2 123 229 121 17
D 1753 87 2 116 1754 124 17
D 1752 83 2 126 1753 114 17
D 1751 81 2 127 1752 112 17
D 1750 79 2 99 1751 128 17
D 1755 65 2 97 1664 89 41
D 1748 71 2 1749 1750 1755 17
D 1759 105 2 156 190 158 17
D 1760 105 2 156 157 158 41
D 1758 107 2 1759 1602 1760 17
D 1762 137 2 1532 255 1534 17
D 1761 131 3 192 199 1529 1762 1586 17
D 1763 107 2 1759 159 1760 17
D 1764 107 2 1759 1588 1760 41
D 1757 125 3 1758 1761 1763 1585 1764 17
D 1756 103 3 1565 1757 135 1572 1618 17
D 1770 89 2 123 122 121 41
D 1769 87 2 116 1770 124 41
D 1768 83 2 126 1769 114 41
D 1767 81 2 127 1768 112 41
D 1766 79 2 99 1767 128 41
D 1765 71 3 1749 1766 1660 224 1664 41
D 1745 91 3 1659 1746 1748 1756 1765 17
D 1771 143 2 1391 1596 1392 17
D 1776 137 2 1532 207 1534 41
D 1775 131 3 1529 1776 192 254 1586 41
D 1774 125 3 1763 1616 1758 1775 1764 41
D 1773 103 3 135 1617 1565 1774 1618 41
D 1772 91 3 1659 1614 1748 1773 1765 41
D 1744 139 2 1745 1771 1772 17
D 1779 177 3 1396 1725 1426 1672 1417 17
D 1780 159 2 1554 1284 1555 41
D 1778 163 2 1553 1779 1780 17
D 1790 447 2 1448 1452 1479 17
D 1799 497 2 836 1470 847 17
D 1798 493 2 849 1799 834 17
D 1797 491 2 832 1798 850 17
D 1796 489 2 851 1797 830 831
D 1795 487 2 1709 1796 1712 17
D 1794 477 2 807 1795 856 17
D 1793 471 2 802 1794 859 17
D 1801 469 2 803 860 805 17
D 1804 475 2 812 858 810 17
D 1803 473 2 813 1804 808 17
D 1806 475 2 812 811 810 41
D 1805 473 2 813 1806 808 41
D 1802 477 2 1803 1708 1805 17
D 1807 469 2 803 804 805 41
D 1800 471 2 1801 1802 1807 17
D 1792 467 2 861 1793 800 1800
D 1808 463 2 798 863 796 17
D 1813 489 2 851 1797 830 17
D 1812 487 2 1709 1813 1712 17
D 1811 477 2 1803 1812 1805 17
D 1810 471 2 1801 1811 1807 17
D 1809 467 2 800 1810 861 17
D 1814 463 2 796 863 798 797
D 1791 465 3 795 1792 1808 1809 1814 17
D 1816 463 2 796 863 798 17
D 1815 465 3 795 1792 1816 1809 798 17
D 1789 461 3 1790 1791 1703 1815 1512 17
D 1788 437 2 750 1789 871 17
D 1822 477 2 807 1812 856 17
D 1821 471 2 802 1822 859 17
D 1820 467 2 861 1821 800 1800
D 1819 465 3 795 1820 1816 1809 798 17
D 1818 461 3 1790 1815 1703 1819 1512 17
D 1817 437 2 750 1818 871 17
D 1787 433 3 1496 1788 736 1817 1488 17
D 1786 421 2 727 1787 878 17
D 1785 415 2 948 1786 955 17
D 1784 403 2 1684 1785 1716 17
D 1783 365 2 1735 1784 1737 17
D 1782 287 2 481 1783 1020 17
D 1781 279 2 470 1782 1335 17
D 1824 177 3 1426 1740 1396 1741 1417 41
D 1823 163 2 1553 1824 1780 41
D 1777 271 2 1778 1781 1823 17
D 1825 139 2 1745 1667 1772 17
D 1826 271 2 1778 1732 1823 17
D 1827 139 2 1658 1771 1668 17
D 1829 163 2 1163 1779 1283 17
D 1830 163 2 1163 1824 1283 41
D 1828 271 2 1829 1781 1830 17
D 1833 103 2 1652 1572 1618 17
D 1832 91 3 1659 1833 1748 1756 1765 17
D 1834 143 2 232 1632 234 41
D 1835 91 3 1659 1651 1748 1773 1765 41
D 1831 139 2 1832 1834 1835 41
D 1656 155 5 1657 1669 1744 1777 1825 1826 1827 1828 1831 17
D 1837 57 2 81 74 73 17
D 1836 55 2 68 1837 82 17
D 1841 71 2 1749 1766 1755 41
D 1840 91 2 1748 1756 1841 17
D 1842 91 2 1748 1773 1841 41
D 1839 139 2 1840 1771 1842 17
D 1844 143 2 1391 1632 1392 41
D 1843 139 2 1840 1844 1842 41
D 1838 155 2 1839 1620 1843 17
L 1849 62 -45
D 1848 61 2 77 1849 79 41
D 1847 59 2 75 1848 80 41
D 1846 57 2 73 1847 81 41
D 1850 53 2 71 70 69 83
D 1845 55 3 1654 1846 68 1847 1850 41
D 66 63 4 67 84 1653 1656 1836 1838 1845 17
L 1852 46 -182
L 1854 50 158
D 1853 49 2 63 1854 65 17
L 1855 46 182
D 1851 47 2 1852 1853 1855 17
D 1858 139 2 1840 1667 1842 17
D 1860 143 2 231 1632 248 41
D 1859 139 2 1840 1860 1842 41
D 1857 155 2 1858 1629 1859 17
D 1862 57 2 81 1847 73 41
D 1861 55 2 68 1862 82 41
D 1856 63 2 1836 1857 1861 17
D 1864 49 2 63 1854 65 41
D 1863 47 2 1855 1864 1852 65
D 61 51 3 62 66 1851 1856 1863 17
D 1868 39 2 51 58 49 17
D 1869 43 2 55 56 53 17
D 1870 39 2 51 50 49 41
D 1867 41 2 1868 1869 1870 17
D 1866 37 2 46 1867 59 17
D 1865 35 2 44 1866 60 17
D 1875 143 2 231 1607 248 17
D 1878 125 2 1601 1616 1604 41
D 1877 103 2 135 1878 219 41
D 1876 91 2 87 1877 223 41
D 1874 139 2 1598 1875 1876 17
D 1880 143 2 231 1637 248 41
D 1879 139 2 1598 1880 1876 41
D 1873 155 2 1874 1629 1879 17
D 1881 55 2 68 1846 82 41
D 1872 63 2 67 1873 1881 17
D 1871 51 2 62 1872 1864 17
D 1885 43 2 55 54 53 41
D 1886 43 2 55 54 53 56
D 1887 39 2 49 58 51 50
D 1884 41 3 1868 1885 48 1886 1887 41
D 1883 37 2 46 1884 59 41
D 1882 35 2 44 1883 60 41
D 42 45 3 43 61 1865 1871 1882 17
D 1889 25 2 30 40 28 17
D 1891 31 2 36 37 34 17
D 1890 29 2 32 1891 38 17
D 1892 25 2 30 29 28 41
D 1888 27 2 1889 1890 1892 17
D 1899 141 2 234 233 232 17
D 1900 141 2 234 249 232 41
D 1898 143 2 1899 1596 1900 17
D 1902 103 2 1565 1617 1591 41
D 1901 91 2 87 1902 223 41
D 1897 139 2 1563 1898 1901 17
D 1904 143 2 1899 1632 1900 41
D 1903 139 2 1563 1904 1901 41
D 1896 155 2 1897 1629 1903 17
D 1895 63 2 67 1896 1881 17
D 1894 51 2 62 1895 1864 17
D 1907 41 2 48 1886 57 41
D 1906 37 2 46 1907 59 41
D 1905 35 2 44 1906 60 41
D 1893 45 2 43 1894 1905 17
D 1910 31 2 36 35 34 41
D 1909 29 2 32 1910 38 41
D 1912 31 2 36 35 34 37
D 1911 29 2 32 1912 38 41
D 1913 25 2 28 40 30 29
D 1908 27 3 1889 1909 27 1911 1913 41
D 25 33 3 26 42 1888 1893 1908 17
L 1915 22 -246
D 1914 21 2 22 1915 24 41
D 20 23 2 21 25 1914 17
L 1916 18 226
D 1918 21 2 24 23 22 17
D 1922 31 2 34 35 36 17
D 1921 29 2 38 1922 32 17
D 1920 27 2 1889 1921 1892 17
D 1930 275 2 473 1238 478 17
D 1929 273 2 471 1930 479 17
D 1932 275 2 473 1242 478 41
D 1931 273 2 471 1932 479 41
D 1928 279 2 1929 1239 1931 17
D 1927 271 2 1552 1928 1561 17
D 1926 155 2 1897 1927 1903 17
D 1925 63 2 67 1926 1881 17
D 1924 51 2 62 1925 1864 17
D 1923 45 2 43 1924 1905 17
D 1937 43 2 53 54 55 17
D 1936 41 2 1868 1937 1870 17
D 1935 37 2 59 1936 46 17
D 1934 35 2 44 1935 60 17
D 1940 155 2 1874 1927 1879 17
D 1939 63 2 67 1940 1881 17
D 1938 51 2 62 1939 1864 17
D 1944 43 2 53 56 55 41
D 1943 41 2 1868 1944 1870 41
D 1942 37 2 59 1943 46 41
D 1941 35 2 44 1942 60 41
D 1933 45 2 1934 1938 1941 17
D 1947 31 2 34 37 36 41
D 1946 29 2 38 1947 32 41
D 1945 27 3 1889 1946 27 1911 1913 41
D 1919 33 3 1920 1923 26 1933 1945 17
D 1948 21 2 24 1915 22 17
D 1951 35 2 60 45 44 17
D 1962 423 2 1498 1495 1494 17
D 1963 417 2 734 879 728 41
D 1961 421 2 1492 1962 1963 17
D 1960 415 2 948 1961 955 17
D 1959 403 2 638 1960 882 17
D 1964 403 2 934 1960 956 17
D 1958 365 3 1136 1959 1127 1964 1151 17
D 1957 287 2 481 1958 1020 17
D 1956 279 2 1929 1957 1931 17
D 1955 271 2 1394 1956 1517 17
D 1965 271 2 1552 1956 1561 17
D 1967 143 2 1391 1640 1392 41
D 1968 143 2 1391 1649 1392 41
D 1966 139 5 1525 1967 86 1968 1563 1631 1598 1636 1650 41
D 1954 155 3 1389 1955 1562 1965 1966 17
D 1969 155 2 1839 1965 1843 17
D 1970 55 2 68 1847 82 41
D 1953 63 3 67 1954 1836 1969 1970 17
D 1952 51 2 62 1953 1864 17
D 1973 49 2 65 1854 63 17
D 1972 47 2 1855 1973 1852 17
D 1975 155 2 1858 1927 1859 17
D 1974 63 2 1836 1975 1861 17
D 1977 49 2 65 64 63 41
D 1976 47 2 1855 1977 1852 41
D 1971 51 2 1972 1974 1976 17
D 1950 45 3 1951 1952 43 1971 1906 17
D 1978 27 2 27 1911 39 41
D 1949 33 2 26 1950 1978 17
D 1917 23 3 1918 1919 1948 1949 22 17
D 18 19 2 19 20 1916 1917
L 1980 16 -217
D 1979 15 2 14 1980 16 41
D 12 17 2 13 18 1979 17
L 1981 12 225
D 1983 15 2 14 1980 16 17
D 1999 419 2 732 731 730 41
D 1998 417 2 728 1999 734 41
D 1997 421 2 1499 1509 1998 17
D 1996 415 2 948 1997 955 17
D 1995 403 2 638 1996 882 17
D 2000 403 2 934 1996 956 17
D 1994 365 3 1136 1995 1127 2000 1151 17
D 1993 287 2 481 1994 1020 17
D 1992 279 2 1929 1993 1931 17
D 1991 271 2 1394 1992 1517 17
D 2001 271 2 1552 1992 1561 17
D 1990 155 3 1389 1991 1562 2001 1966 17
D 2002 155 2 1839 2001 1843 17
D 1989 63 3 67 1990 1836 2002 1970 17
D 1988 51 2 62 1989 1864 17
D 1987 45 2 43 1988 1905 17
D 1986 33 2 26 1987 1978 17
D 2003 21 2 24 1915 22 41
D 1985 23 2 1918 1986 2003 17
D 1984 19 2 19 1985 1916 17
D 2004 15 2 16 15 14 17
D 2018 421 2 727 1501 878 17
D 2020 413 2 719 722 721 41
D 2019 411 2 949 2020 953 41
D 2017 415 2 1506 2018 2019 17
D 2016 403 2 638 2017 882 17
D 2021 403 2 934 2017 956 17
D 2015 365 3 1136 2016 1127 2021 1151 17
D 2014 287 2 481 2015 1020 17
D 2013 279 2 1929 2014 1931 17
D 2012 271 2 1394 2013 1517 17
D 2022 271 2 1552 2013 1561 17
D 2011 155 3 1389 2012 1562 2022 1966 17
D 2023 155 2 1839 2022 1843 17
D 2010 63 3 67 2011 1836 2023 1970 17
D 2009 51 2 62 2010 1864 17
D 2008 45 2 43 2009 1905 17
D 2007 33 2 26 2008 1978 17
D 2006 23 2 1918 2007 2003 17
D 2005 19 2 19 2006 1916 17
D 2024 15 2 16 1980 14 15
D 1982 17 3 1983 1984 2004 2005 2024 17
D 10 13 2 11 12 1981 1982
L 2025 10 -245
D 8 11 2 9 10 2025 17
L 2027 6 -178
L 2028 8 177
L 2029 6 178
D 2026 7 2 2027 2028 2029 17
D 2044 67 2 96 92 91 17
D 2043 65 2 97 2044 89 17
D 2048 75 2 105 110 103 17
D 2047 73 2 106 2048 101 17
D 2050 75 2 105 104 103 41
D 2049 73 2 106 2050 101 41
D 2046 77 2 2047 107 2049 17
D 2051 77 2 2047 129 2049 41
D 2045 79 2 2046 111 2051 17
D 2053 67 2 96 132 91 41
D 2052 65 2 97 2053 89 41
D 2042 71 2 2043 2045 2052 17
D 2055 79 2 2046 225 2051 41
D 2054 71 2 2043 2055 2052 41
D 2041 91 2 2042 134 2054 17
D 2056 91 2 2042 251 2054 41
D 2040 139 2 2041 1390 2056 17
D 2066 427 2 739 1443 747 17
D 2065 425 2 737 2066 748 17
D 2072 441 2 760 768 762 17
D 2073 445 2 766 793 764 17
D 2074 441 2 760 761 762 41
D 2071 443 2 2072 2073 2074 17
D 2070 439 2 757 2071 769 17
D 2077 445 2 766 765 764 41
D 2076 443 2 2072 2077 2074 41
D 2075 439 2 757 2076 769 41
D 2069 447 2 2070 1452 2075 17
D 2081 469 2 805 804 803 17
D 2085 479 2 819 828 817 17
D 2086 479 2 819 818 817 41
D 2084 481 2 2085 1710 2086 17
D 2089 493 2 834 1799 849 17
D 2088 491 2 850 2089 832 17
D 2087 489 2 851 2088 830 17
D 2090 481 2 2085 1713 2086 41
D 2083 487 2 2084 2087 2090 17
D 2082 477 2 1803 2083 1805 17
D 2091 469 2 805 860 803 41
D 2080 471 2 2081 2082 2091 17
D 2079 467 2 861 2080 800 17
D 2092 463 2 798 797 796 41
D 2078 465 2 1808 2079 2092 17
D 2093 447 2 2070 1513 2075 41
D 2068 461 2 2069 2078 2093 17
D 2067 437 2 750 2068 871 17
D 2095 427 2 739 1490 747 41
D 2094 425 2 737 2095 748 41
D 2064 433 2 2065 2067 2094 17
D 2063 421 2 727 2064 878 17
D 2062 415 2 948 2063 955 17
D 2061 403 2 638 2062 882 17
D 2096 403 2 934 2062 956 17
D 2060 365 3 1327 2061 1326 2096 1331 17
D 2059 287 2 481 2060 1020 17
D 2058 279 2 470 2059 1335 17
D 2057 271 2 1394 2058 1517 17
D 2106 435 2 753 752 751 17
D 2109 439 2 769 2071 757 17
D 2110 439 2 769 2076 757 41
D 2108 447 2 2109 1457 2110 17
D 2113 471 2 802 2082 859 17
D 2112 467 2 861 2113 800 17
D 2114 463 2 796 797 798 41
D 2111 465 2 1816 2112 2114 17
D 2115 447 2 2109 1487 2110 41
D 2107 461 2 2108 2111 2115 17
D 2124 493 2 849 835 834 17
D 2123 491 2 832 2124 850 17
D 2122 489 2 851 2123 830 17
D 2121 487 2 2084 2122 2090 17
D 2120 477 2 1803 2121 1805 17
D 2119 471 2 802 2120 859 17
D 2118 467 2 861 2119 800 17
D 2117 465 2 795 2118 862 17
D 2116 461 2 1447 2117 1512 17
D 2105 437 3 2106 2107 750 2116 872 17
D 2125 425 2 748 738 737 17
D 2127 435 2 751 872 753 17
D 2129 465 2 1816 2079 2114 17
D 2128 461 2 2069 2129 2093 17
D 2130 435 2 751 752 753 41
D 2126 437 2 2127 2128 2130 17
D 2132 427 2 739 875 747 1490
D 2131 425 2 748 2132 737 874
D 2104 433 3 1441 2105 2125 2126 2131 17
D 2103 421 2 727 2104 878 17
D 2102 415 2 948 2103 955 17
D 2101 403 2 638 2102 882 17
D 2133 403 2 934 2102 956 17
D 2100 365 3 1327 2101 1326 2133 1331 17
D 2099 287 2 481 2100 1020 17
D 2098 279 2 470 2099 1335 17
D 2097 271 2 1394 2098 1517 17
D 2135 91 2 2042 1564 2054 17
D 2136 91 2 2042 1599 2054 17
D 2137 91 2 2042 1526 2054 17
D 2138 91 2 2042 1614 2054 41
D 2134 139 4 2135 1594 2136 1606 2137 1609 2138 17
D 2139 271 2 1552 2058 1561 17
D 2140 271 2 1552 2098 1561 17
D 2144 65 2 97 2053 89 131
D 2143 71 3 88 98 2043 2045 2144 17
D 2145 71 3 88 224 2043 2055 2144 41
D 2142 91 2 2143 1526 2145 17
D 2146 91 2 2143 134 2145 17
D 2147 91 2 2143 1564 2145 17
D 2148 91 2 2143 1599 2145 17
D 2149 91 2 2143 1651 2145 41
D 2141 139 5 2142 1967 2146 1968 2147 1631 2148 1636 2149 41
D 2039 155 5 2040 2057 1389 2097 2134 2139 1562 2140 2141 17
D 2158 85 2 119 125 117 17
D 2159 85 2 119 118 117 41
D 2157 87 2 2158 1754 2159 17
D 2156 83 2 126 2157 114 17
D 2155 81 2 112 2156 127 17
D 2154 79 2 2046 2155 2051 17
D 2153 71 2 1660 2154 1663 17
D 2163 101 2 148 222 146 17
D 2162 99 2 144 2163 149 17
D 2161 97 2 1566 2162 1570 17
D 2166 105 2 158 190 156 17
D 2170 117 2 175 178 173 17
D 2171 117 2 175 174 173 41
D 2169 119 2 2170 184 2171 17
D 2172 123 2 180 218 182 17
D 2173 119 2 2170 176 2171 41
D 2168 121 2 2169 2172 2173 17
D 2167 115 2 160 2168 185 17
D 2174 105 2 158 157 156 41
D 2165 107 2 2166 2167 2174 17
D 2178 123 2 180 181 182 41
D 2177 121 2 2169 2178 2173 41
D 2176 115 2 160 2177 185 41
D 2175 107 2 2166 2176 2174 41
D 2164 125 2 2165 1585 2175 17
D 2179 97 2 136 1568 150 17
D 2182 101 2 148 147 146 41
D 2181 99 2 144 2182 149 41
D 2180 97 3 136 1592 1566 2181 1619 41
D 2160 103 3 2161 2164 2179 1572 2180 17
D 2185 77 2 2047 129 2049 17
D 2186 77 2 2047 107 2049 41
D 2184 79 2 2185 2155 2186 17
D 2183 71 2 1660 2184 1663 17
D 2193 117 2 175 174 173 17
D 2194 117 2 175 178 173 41
D 2192 119 2 2193 176 2194 17
D 2195 119 2 2193 184 2194 41
D 2191 121 2 2192 2172 2195 17
D 2190 115 2 1575 2191 1603 17
D 2189 107 2 2166 2190 2174 17
D 2198 129 2 197 196 195 17
D 2197 127 2 198 2198 193 17
D 2200 129 2 197 213 195 41
D 2199 127 2 198 2200 193 41
D 2196 131 2 2197 199 2199 17
D 2203 121 2 2192 2178 2195 41
D 2202 115 2 1575 2203 1603 41
D 2201 107 2 2166 2202 2174 41
D 2188 125 2 2189 2196 2201 17
D 2204 97 2 1566 2181 1570 41
D 2187 103 2 2161 2188 2204 17
D 2209 87 2 2158 1770 2159 41
D 2208 83 2 126 2209 114 41
D 2207 81 2 112 2208 127 41
D 2206 79 2 2047 2207 2049 41
D 2205 71 2 1660 2206 1663 41
D 2152 91 3 2153 2160 2183 2187 2205 17
D 2213 131 2 2197 254 2199 41
D 2212 125 2 2189 2213 2201 41
D 2211 103 2 2161 2212 2204 41
D 2215 125 2 2165 1616 2175 41
D 2214 103 3 2161 2215 2179 1617 2180 41
D 2210 91 3 2183 2211 2153 2214 2205 41
D 2151 139 2 2152 1771 2210 17
D 2218 71 3 1660 2206 1749 1766 1664 41
D 2217 91 4 2153 2160 2183 2187 1748 1756 2218 17
D 2219 91 4 2183 2211 2153 2214 1748 1773 2218 41
D 2216 139 2 2217 1844 2219 41
D 2150 155 3 2151 2139 1839 2140 2216 17
D 2223 61 2 79 1849 77 17
D 2222 59 2 80 2223 75 17
D 2221 57 2 81 2222 73 17
D 2220 55 2 68 2221 82 17
D 2229 131 2 192 1762 211 17
D 2228 125 2 2189 2229 2201 17
D 2227 103 2 2161 2228 2204 17
D 2231 79 2 2185 2207 2186 41
D 2230 71 2 1660 2231 1663 41
D 2226 91 2 2183 2227 2230 17
D 2235 131 2 192 1776 211 41
D 2234 125 2 2189 2235 2201 41
D 2233 103 2 2161 2234 2204 41
D 2232 91 2 2183 2233 2230 41
D 2225 139 2 2226 1771 2232 17
D 2241 183 2 291 1250 313 17
D 2242 183 2 291 1268 313 41
D 2240 193 2 2241 1402 2242 17
D 2248 227 2 369 368 367 17
D 2247 225 2 370 2248 365 17
D 2249 231 2 374 455 372 17
D 2251 227 2 369 377 367 41
D 2250 225 2 370 2251 365 41
D 2246 229 2 2247 2249 2250 17
D 2245 223 2 1177 2246 1184 17
D 2244 217 2 351 2245 381 17
D 2256 237 2 389 397 391 17
D 2257 241 2 395 416 393 17
D 2258 237 2 389 390 391 41
D 2255 239 2 2256 2257 2258 17
D 2260 241 2 395 394 393 41
D 2259 239 2 2256 2260 2258 41
D 2254 243 2 2255 1193 2259 17
D 2253 235 2 385 2254 417 17
D 2263 265 2 441 433 432 17
D 2262 263 2 1108 2263 1115 17
D 2264 255 2 422 421 420 41
D 2261 257 2 1274 2262 2264 17
D 2266 243 2 2255 1206 2259 41
D 2265 235 2 385 2266 417 41
D 2252 253 2 2253 2261 2265 17
D 2270 231 2 374 373 372 41
D 2269 229 2 2247 2270 2250 41
D 2268 223 2 1177 2269 1184 41
D 2267 217 2 351 2268 381 41
D 2243 233 2 2244 2252 2267 17
D 2271 193 2 2241 1413 2242 41
D 2239 213 2 2240 2243 2271 17
D 2238 177 2 1396 2239 1416 17
D 2237 163 2 1553 2238 1780 17
D 2278 377 2 655 704 657 17
D 2277 375 2 640 2278 658 17
D 2282 385 2 672 681 670 17
D 2281 383 2 665 2282 673 17
D 2283 389 2 678 677 676 17
D 2285 385 2 672 671 670 41
D 2284 383 2 665 2285 673 41
D 2280 387 2 2281 2283 2284 17
D 2287 389 2 678 701 676 41
D 2286 387 2 2281 2287 2284 41
D 2279 391 2 2280 682 2286 17
D 2289 377 2 655 656 657 41
D 2288 375 2 640 2289 658 41
D 2276 379 2 2277 2279 2288 17
D 2291 391 2 2280 884 2286 41
D 2290 379 2 2277 2291 2288 41
D 2275 403 2 2276 2062 2290 17
D 2298 319 2 902 541 906 17
D 2297 315 2 553 2298 535 17
D 2296 313 2 554 2297 533 17
D 2301 319 2 902 607 906 41
D 2300 315 2 553 2301 535 41
D 2299 313 2 554 2300 533 41
D 2295 327 2 2296 907 2299 17
D 2302 327 2 2296 928 2299 41
D 2294 353 2 2295 924 2302 17
D 2293 311 2 632 2294 529 17
D 2292 309 2 1128 2293 1133 17
D 2305 375 2 936 654 942 17
D 2309 381 2 668 674 666 17
D 2310 381 2 668 667 666 41
D 2308 383 2 2309 2282 2310 17
D 2311 383 2 2309 2285 2310 41
D 2307 387 2 2308 675 2311 17
D 2312 387 2 2308 700 2311 41
D 2306 391 2 2307 682 2312 17
D 2313 375 2 936 703 942 41
D 2304 379 2 2305 2306 2313 17
D 2315 391 2 2307 884 2312 41
D 2314 379 2 2305 2315 2313 41
D 2303 403 2 2304 2062 2314 17
D 2323 317 2 540 552 538 17
D 2324 317 2 540 539 538 41
D 2322 319 2 2323 903 2324 17
D 2321 315 2 553 2322 535 17
D 2320 313 2 533 2321 554 17
D 2328 335 2 561 912 569 17
D 2327 331 2 559 2328 571 17
D 2326 329 2 572 2327 557 17
D 2330 341 2 580 576 575 17
D 2332 351 2 584 594 589 17
D 2331 347 2 591 2332 582 17
D 2334 343 2 579 578 577 17
D 2333 341 2 580 2334 575 17
D 2335 347 2 582 592 591 17
D 2336 341 2 580 598 575 41
D 2329 345 3 2330 2331 2333 2335 2336 17
D 2337 329 2 557 909 572 17
D 2340 343 2 577 598 579 17
D 2339 341 2 575 2340 580 17
D 2342 343 2 577 578 579 41
D 2341 341 2 575 2342 580 41
D 2338 345 2 2339 581 2341 17
D 2345 335 2 561 917 569 41
D 2344 331 2 559 2345 571 41
D 2343 329 2 572 2344 557 915
D 2325 339 3 2326 2329 2337 2338 2343 17
D 2348 319 2 2323 921 2324 41
D 2347 315 2 553 2348 535 41
D 2346 313 2 533 2347 554 41
D 2319 327 2 2320 2325 2346 17
D 2351 345 2 2339 629 2341 41
D 2353 347 2 582 630 591 41
D 2355 351 2 584 588 589 41
D 2354 347 2 591 2355 582 41
D 2352 345 3 2333 2353 2330 2354 2336 41
D 2350 339 3 2337 2351 2326 2352 2343 41
D 2349 327 2 2320 2350 2346 41
D 2318 353 2 2319 924 2349 17
D 2317 311 2 632 2318 529 17
D 2316 309 2 1128 2317 1133 17
D 2360 389 2 676 701 678 17
D 2359 387 2 2308 2360 2311 17
D 2361 393 2 698 684 683 17
D 2363 389 2 676 677 678 41
D 2362 387 2 2308 2363 2311 41
D 2358 391 2 2359 2361 2362 17
D 2357 379 2 2305 2358 2313 17
D 2366 393 2 698 885 683 41
D 2365 391 2 2359 2366 2362 41
D 2364 379 2 2305 2365 2313 41
D 2356 403 2 2357 2062 2364 17
D 2371 313 2 554 2300 533 2347
D 2370 327 3 2320 2325 2296 907 2371 17
D 2372 327 3 2320 2350 2296 928 2371 41
D 2369 353 2 2370 1014 2372 41
D 2368 311 2 632 2369 529 41
D 2367 309 4 1128 2368 1137 1332 1146 1012 1155 41
D 2274 365 4 1327 2275 2292 2303 2316 2356 2367 17
D 2273 287 2 481 2274 1020 17
D 2272 279 2 470 2273 1335 17
D 2382 267 2 435 440 437 17
D 2383 267 2 435 436 437 41
D 2381 269 2 2382 1113 2383 17
D 2380 265 2 441 2381 432 17
D 2379 263 2 424 2380 442 17
D 2378 257 2 1275 2379 1277 17
D 2386 251 2 399 450 411 17
D 2385 243 2 2255 2386 2259 17
D 2384 235 2 417 2385 385 17
D 2389 251 2 399 410 411 41
D 2388 243 2 2255 2389 2259 41
D 2387 235 2 417 2388 385 2266
D 2377 253 3 2253 2378 2384 1276 2387 17
D 2392 229 2 1180 2249 1182 17
D 2391 223 2 356 2392 378 17
D 2390 217 2 351 2391 381 17
D 2395 229 2 1180 2270 1182 41
D 2394 223 3 356 2395 1177 2269 1280 41
D 2393 217 2 351 2394 381 41
D 2376 233 3 2244 2377 2390 1187 2393 17
D 2399 181 2 294 315 296 17
D 2398 179 2 297 2399 292 17
D 2401 181 2 294 295 296 41
D 2400 179 2 297 2401 292 41
D 2397 183 2 2398 298 2400 17
D 2402 183 2 2398 346 2400 41
D 2396 193 2 2397 316 2402 17
D 2405 179 2 297 2401 292 314
D 2404 183 3 2398 346 291 1268 2405 41
D 2403 193 3 2241 1413 2397 457 2404 41
D 2375 213 3 2240 2376 2396 1407 2403 17
D 2374 177 2 1396 2375 1416 17
D 2408 193 2 2397 457 2402 41
D 2407 213 2 2396 349 2408 17
D 2410 193 2 2397 1421 2402 17
D 2411 193 2 2397 1424 2402 41
D 2409 213 2 2410 1224 2411 17
D 2406 177 3 1426 2407 1396 2409 1417 17
D 2413 213 2 2396 1104 2408 17
D 2412 177 2 1396 2413 1416 17
D 2373 163 4 1553 2374 1556 2406 1557 2412 1560 17
D 2421 265 2 441 1350 432 41
D 2420 263 2 1108 2421 1115 41
D 2424 269 2 2382 438 2383 41
D 2423 265 2 441 2424 432 41
D 2422 263 2 424 2423 442 41
D 2419 257 3 1274 2420 1275 2422 420 41
D 2418 253 3 2253 2419 2384 1354 2387 41
D 2417 233 3 2244 2418 2390 1346 2393 41
D 2416 213 3 2240 2417 2396 1523 2403 41
D 2415 177 2 1396 2416 1416 41
D 2426 213 2 2396 1386 2408 41
D 2425 177 2 1396 2426 1416 41
D 2428 213 2 2410 1374 2411 41
D 2429 213 2 2396 1381 2408 41
D 2427 177 3 1396 2428 1426 2429 1417 41
D 2414 163 4 1553 2415 1557 2425 1556 2427 1560 41
D 2236 271 3 2237 2272 2373 2058 2414 17
D 2430 139 2 2226 1844 2232 41
D 2224 155 2 2225 2236 2430 17
D 2434 61 2 79 78 77 41
D 2433 59 2 80 2434 75 1848
D 2432 57 2 81 2433 73 1847
D 2431 55 2 68 2432 82 41
D 2038 63 4 67 2039 1836 2150 2220 2224 2431 17
D 2037 51 2 62 2038 1864 17
D 2036 45 2 43 2037 1905 17
D 2035 33 2 26 2036 1978 17
D 2034 23 2 21 2035 1914 17
D 2033 19 2 19 2034 1916 17
D 2032 17 2 13 2033 1979 17
D 2031 13 2 11 2032 1981 17
D 2030 11 2 9 2031 2025 17
D 2435 7 2 2029 2028 2027 17
D 6 9 3 7 8 2026 2030 2435 17
L 2436 4 176
D 2451 365 3 1136 2061 1127 2096 1151 17
D 2450 287 2 481 2451 1020 17
D 2449 279 2 1929 2450 1931 17
D 2448 271 2 1394 2449 1517 17
D 2455 365 3 1136 2101 1127 2133 1151 17
D 2454 287 2 481 2455 1020 17
D 2453 279 2 1929 2454 1931 17
D 2452 271 2 1394 2453 1517 17
D 2456 271 2 1552 2449 1561 17
D 2457 271 2 1552 2453 1561 17
D 2447 155 5 2040 2448 1389 2452 2134 2456 1562 2457 2141 17
D 2458 155 3 2151 2456 1839 2457 2216 17
D 2466 353 2 2295 1041 2302 17
D 2465 311 2 632 2466 529 17
D 2464 309 2 1128 2465 1133 17
D 2469 353 2 2319 1041 2349 17
D 2468 311 2 632 2469 529 17
D 2467 309 2 1128 2468 1133 17
D 2472 353 2 2370 1050 2372 41
D 2471 311 2 632 2472 529 41
D 2470 309 4 1128 2471 1137 1152 1146 1068 1155 41
D 2463 365 4 1136 2275 2464 2303 2467 2356 2470 17
D 2462 287 2 481 2463 1020 17
D 2461 279 2 1929 2462 1931 17
D 2460 271 3 2237 2461 2373 2449 2414 17
D 2459 155 2 2225 2460 2430 17
D 2446 63 4 67 2447 1836 2458 2220 2459 2431 17
D 2445 51 2 62 2446 1864 17
D 2444 45 2 43 2445 1905 17
D 2443 33 2 26 2444 1978 17
D 2442 23 2 1918 2443 2003 17
D 2441 19 2 19 2442 1916 17
D 2440 17 2 13 2441 1979 17
D 2439 13 2 1981 2440 11 17
D 2438 11 2 2025 2439 9 17
D 2473 7 2 2029 7 2027 41
D 2437 9 2 2435 2438 2473 17
D 4 5 2 5 6 2436 2437
L 2474 2 180
D 2486 55 2 1654 1846 1655 41
D 2485 63 2 1653 1656 2486 17
D 2484 51 2 62 2485 1864 17
D 2483 45 2 43 2484 1905 17
D 2482 33 2 26 2483 1978 17
D 2481 23 2 21 2482 1914 17
D 2480 19 2 19 2481 1916 17
D 2479 17 2 13 2480 1979 17
D 2478 13 2 11 2479 1981 17
D 2477 11 2 9 2478 2025 17
D 2476 9 2 7 2477 2028 17
D 2475 5 2 5 2476 2436 17
D 2 3 2 3 4 2474 2475
L 2487 0 179
D 2502 279 2 1929 1122 1931 17
D 2506 309 2 890 1039 929 17
D 2511 361 2 970 971 973 1042
D 2510 359 2 967 2511 974 17
D 2509 353 3 960 2510 976 1076 980 17
D 2508 311 2 632 2509 529 17
D 2507 309 3 494 2508 982 1064 999 17
D 2516 361 2 970 1008 973 1051
D 2515 359 2 967 2516 974 41
D 2514 353 3 960 2515 976 1088 980 41
D 2513 311 2 632 2514 529 1087
D 2512 309 4 494 2513 890 1048 982 1068 1017 41
D 2505 365 4 1073 637 2506 933 2507 1002 2512 17
D 2517 283 3 1028 1090 482 1021 491 41
D 2504 287 5 481 2505 1027 1031 1052 1053 1070 1072 2517 17
D 2503 279 2 1929 2504 1931 17
D 2501 271 6 1094 2502 257 2503 1162 1235 1243 1285 1288 1928 1338 17
D 2521 365 3 1136 1433 1127 1516 1151 17
D 2520 287 2 481 2521 1020 17
D 2519 279 2 1929 2520 1931 17
D 2518 271 2 1394 2519 1517 17
D 2522 271 2 1552 2519 1561 17
D 2500 155 6 85 2501 1389 2518 1524 1551 1562 2522 1621 1927 1630 17
D 2523 155 2 1839 2522 1843 17
D 2499 63 3 67 2500 1836 2523 1970 17
D 2498 51 3 62 2499 1851 1974 1863 17
D 2497 45 3 43 2498 1865 1938 1882 17
D 2496 33 3 26 2497 1888 1923 1908 17
D 2495 23 2 1918 2496 2003 17
D 2494 19 2 1916 1917 19 2495
D 2524 15 2 16 1980 14 17
D 2493 17 4 13 2494 1983 1984 2004 2005 2524 17
D 2492 13 2 1981 2493 11 17
D 2491 11 2 2025 2492 9 17
D 2490 9 3 7 2491 2026 2438 2435 17
D 2489 5 2 5 2490 2436 2437
D 2488 3 2 2474 2489 3 17
D 0 1 2 1 2 2487 2488
