c ids of sdd nodes start at 0
c sdd nodes appear bottom-up, children before parents
c
c file syntax:
c sdd count-of-sdd-nodes
c F id-of-false-sdd-node
c T id-of-true-sdd-node
c L id-of-literal-sdd-node id-of-vtree literal
c D id-of-decomposition-sdd-node id-of-vtree number-of-elements {id-of-prime id-of-sub}*
c
sdd 2586
L 4 0 133
L 8 2 50
L 9 4 63
L 10 2 -50
F 11
D 7 3 2 8 9 10 11
L 12 6 -49
L 14 4 -63
D 13 3 2 10 14 8 11
L 15 6 49
D 16 3 2 8 14 10 9
D 6 5 3 7 12 13 15 16 11
L 19 8 -45
L 20 10 44
L 21 8 45
D 18 9 2 19 20 21 11
L 22 12 -62
L 24 10 -44
D 23 9 2 21 24 19 11
L 25 12 62
D 26 9 2 19 24 21 20
D 17 11 3 18 22 23 25 26 11
T 28
D 27 5 3 13 12 7 15 16 28
D 5 7 2 6 17 27 11
L 29 0 -133
D 3 1 2 4 5 29 11
L 33 14 53
L 34 16 -54
L 35 14 -53
L 36 16 54
D 32 15 2 33 34 35 36
L 39 18 25
L 40 20 -60
L 41 18 -25
D 38 19 2 39 40 41 11
L 42 22 -26
L 44 20 60
D 43 19 2 41 44 39 11
L 45 22 26
D 46 19 2 41 40 39 44
D 37 21 3 38 42 43 45 46 11
D 47 15 2 35 34 33 36
D 31 17 2 32 37 47 11
L 49 24 52
L 50 26 -51
L 51 24 -52
L 52 26 51
D 48 25 2 49 50 51 52
D 54 21 3 43 42 38 45 46 28
D 53 17 2 32 54 47 28
D 30 23 2 31 48 53 11
D 57 11 3 23 22 18 25 26 28
D 56 7 2 6 57 27 28
D 55 1 2 4 56 29 28
D 2 13 2 3 30 55 11
L 59 28 57
L 61 30 -68
L 63 32 6
L 64 34 -5
L 65 32 -6
D 62 33 2 63 64 65 11
L 66 30 68
D 60 31 2 61 62 66 11
L 67 28 -57
D 58 29 2 59 60 67 11
D 70 25 2 51 50 49 52
D 69 23 2 31 70 53 28
D 68 13 2 3 69 55 28
D 1 27 2 2 58 68 11
L 72 36 -190
L 74 38 -144
L 77 40 -104
L 79 42 -105
L 81 44 56
L 83 46 -67
L 85 48 -3
L 86 50 4
L 87 48 3
D 84 49 2 85 86 87 11
L 88 46 67
D 82 47 2 83 84 88 11
L 89 44 -56
D 80 45 2 81 82 89 11
L 90 42 105
D 78 43 2 79 80 90 11
L 91 40 104
D 76 41 2 77 78 91 11
L 95 52 112
L 96 54 -113
L 97 52 -112
D 94 53 2 95 96 97 11
L 99 56 -115
L 100 58 -111
L 101 56 115
D 98 57 2 99 100 101 11
L 103 54 113
D 102 53 2 95 103 97 28
D 93 55 2 94 98 102 11
L 107 60 189
L 108 62 66
L 109 60 -189
D 106 61 2 107 108 109 11
L 111 64 -107
L 112 66 -106
L 113 64 107
D 110 65 2 111 112 113 11
L 115 62 -66
D 114 61 2 107 115 109 28
D 105 63 2 106 110 114 11
L 120 68 153
L 122 70 65
L 125 72 64
L 126 74 -55
L 127 72 -64
D 124 73 2 125 126 127 11
L 129 76 -2
L 130 78 1
L 131 76 2
D 128 77 2 129 130 131 11
L 133 74 55
D 132 73 2 125 133 127 28
D 123 75 2 124 128 132 11
L 134 70 -65
D 121 71 2 122 123 134 11
L 135 68 -153
D 119 69 2 120 121 135 11
L 137 80 180
L 140 82 -141
L 141 84 131
L 142 82 141
D 139 83 2 140 141 142 11
L 144 86 126
L 145 88 127
L 146 86 -126
D 143 87 2 144 145 146 11
L 148 84 -131
D 147 83 2 140 148 142 28
D 138 85 2 139 143 147 11
L 149 80 -180
D 136 81 2 137 138 149 11
L 154 78 -1
D 153 77 2 129 154 131 28
D 152 75 2 124 153 132 28
D 151 71 2 122 152 134 28
D 150 69 2 120 151 135 28
D 118 79 2 119 136 150 11
L 157 90 124
L 159 92 30
L 161 94 -29
L 162 96 -31
L 163 94 29
D 160 95 2 161 162 163 11
L 164 92 -30
D 158 93 2 159 160 164 11
L 165 90 -124
D 156 91 2 157 158 165 11
L 168 98 183
L 170 100 -175
L 172 102 182
L 173 104 174
L 174 102 -182
D 171 103 2 172 173 174 11
L 175 100 175
D 169 101 2 170 171 175 11
L 176 98 -183
D 167 99 2 168 169 176 11
L 178 106 -192
L 180 108 -205
L 182 110 100
L 183 112 -101
L 184 110 -100
D 181 111 2 182 183 184 11
L 185 108 205
D 179 109 2 180 181 185 11
L 186 106 192
D 177 107 2 178 179 186 11
L 190 104 -174
D 189 103 2 172 190 174 28
D 188 101 2 170 189 175 28
D 187 99 2 168 188 176 28
D 166 105 2 167 177 187 11
L 194 96 31
D 193 95 2 161 194 163 28
D 192 93 2 159 193 164 28
D 191 91 2 157 192 165 28
D 155 97 2 156 166 191 11
L 199 88 -127
D 198 87 2 144 199 146 28
D 197 85 2 139 198 147 28
D 196 81 2 137 197 149 28
D 195 79 2 119 196 150 28
D 117 89 2 118 155 195 11
L 204 114 36
L 205 116 -37
L 206 114 -36
D 203 115 2 204 205 206 11
L 209 118 22
L 211 120 -23
L 212 122 24
L 213 120 23
D 210 121 2 211 212 213 11
L 214 118 -22
D 208 119 2 209 210 214 11
L 216 124 129
L 217 126 -122
L 218 124 -129
D 215 125 2 216 217 218 11
L 221 122 -24
D 220 121 2 211 221 213 28
D 219 119 2 209 220 214 28
D 207 123 2 208 215 219 11
L 223 116 37
D 222 115 2 204 223 206 28
D 202 117 2 203 207 222 11
L 226 128 132
L 228 130 -150
L 229 132 149
L 230 130 150
D 227 131 2 228 229 230 11
L 231 128 -132
D 225 129 2 226 227 231 11
L 234 134 143
L 235 136 -188
L 236 134 -143
D 233 135 2 234 235 236 11
L 238 138 103
L 239 140 -102
L 240 138 -103
D 237 139 2 238 239 240 11
L 242 136 188
D 241 135 2 234 242 236 28
D 232 137 2 233 237 241 11
L 245 132 -149
D 244 131 2 228 245 230 28
D 243 129 2 226 244 231 28
D 224 133 2 225 232 243 11
L 249 126 122
D 248 125 2 216 249 218 28
D 247 123 2 208 248 219 28
D 246 117 2 203 247 222 28
D 201 127 2 202 224 246 11
L 254 142 -204
L 256 144 98
L 257 146 -99
L 258 144 -98
D 255 145 2 256 257 258 11
L 259 142 204
D 253 143 2 254 255 259 11
L 261 148 -202
L 263 150 -95
L 264 152 94
L 265 150 95
D 262 151 2 263 264 265 11
L 266 148 202
D 260 149 2 261 262 266 11
L 269 146 99
D 268 145 2 256 269 258 28
D 267 143 2 254 268 259 28
D 252 147 2 253 260 267 11
L 272 154 -178
L 275 156 179
L 277 158 177
L 278 160 170
L 279 158 -177
D 276 159 2 277 278 279 11
L 280 156 -179
D 274 157 2 275 276 280 11
L 282 162 176
L 284 164 -171
L 285 166 169
L 286 164 171
D 283 165 2 284 285 286 11
L 287 162 -176
D 281 163 2 282 283 287 11
L 290 160 -170
D 289 159 2 277 290 279 28
D 288 157 2 275 289 280 28
D 273 161 2 274 281 288 11
L 291 154 178
D 271 155 2 272 273 291 11
L 296 168 181
L 297 170 128
L 298 168 -181
D 295 169 2 296 297 298 11
L 300 172 -173
L 301 174 172
L 302 172 173
D 299 173 2 300 301 302 11
L 304 170 -128
D 303 169 2 296 304 298 28
D 294 171 2 295 299 303 11
L 306 176 48
L 308 178 46
L 309 180 -47
L 310 178 -46
D 307 179 2 308 309 310 11
L 311 176 -48
D 305 177 2 306 307 311 11
L 314 174 -172
D 313 173 2 300 314 302 28
D 312 171 2 295 313 303 28
D 293 175 2 294 305 312 11
L 316 182 203
L 318 184 97
L 319 186 -96
L 320 184 -97
D 317 185 2 318 319 320 11
L 321 182 -203
D 315 183 2 316 317 321 11
L 325 180 47
D 324 179 2 308 325 310 28
D 323 177 2 306 324 311 28
D 322 175 2 294 323 312 28
D 292 181 2 293 315 322 11
L 330 166 -169
D 329 165 2 284 330 286 28
D 328 163 2 282 329 287 28
D 327 161 2 274 328 288 28
D 326 155 2 272 327 291 28
D 270 167 2 271 292 326 11
L 334 152 -94
D 333 151 2 263 334 265 28
D 332 149 2 261 333 266 28
D 331 147 2 253 332 267 28
D 251 153 2 252 270 331 11
L 339 188 123
L 341 190 13
L 343 192 -12
L 344 194 -14
L 345 192 12
D 342 193 2 343 344 345 11
L 346 190 -13
D 340 191 2 341 342 346 11
L 347 188 -123
D 338 189 2 339 340 347 11
L 350 196 142
L 351 198 139
L 352 196 -142
D 349 197 2 350 351 352 11
L 353 200 -140
L 355 198 -139
D 354 197 2 350 355 352 28
D 348 199 2 349 353 354 11
L 359 194 14
D 358 193 2 343 359 345 28
D 357 191 2 341 358 346 28
D 356 189 2 339 357 347 28
D 337 195 2 338 348 356 11
L 362 202 125
L 363 204 130
L 364 202 -125
D 361 203 2 362 363 364 11
L 367 206 -18
L 369 208 19
L 370 210 17
L 371 208 -19
D 368 209 2 369 370 371 11
L 372 206 18
D 366 207 2 367 368 372 11
L 373 212 -186
L 376 210 -17
D 375 209 2 369 376 371 28
D 374 207 2 367 375 372 28
D 365 211 2 366 373 374 11
L 378 204 -130
D 377 203 2 362 378 364 28
D 360 205 2 361 365 377 11
L 381 200 140
D 380 199 2 349 381 354 28
D 379 195 2 338 380 356 28
D 336 201 2 337 360 379 11
L 387 214 -184
L 389 216 137
L 391 218 151
L 393 220 20
L 394 222 -21
L 395 220 -20
D 392 221 2 393 394 395 11
L 396 218 -151
D 390 219 2 391 392 396 11
L 397 216 -137
D 388 217 2 389 390 397 11
L 398 214 184
D 386 215 2 387 388 398 11
L 403 224 152
L 404 226 -138
L 405 224 -152
D 402 225 2 403 404 405 11
L 408 228 -77
L 409 230 78
L 410 228 77
D 407 229 2 408 409 410 11
L 413 232 135
L 414 234 148
L 415 232 -135
D 412 233 2 413 414 415 11
L 418 236 -15
L 419 238 16
L 420 236 15
D 417 237 2 418 419 420 11
L 422 240 -136
L 423 242 -147
L 424 240 136
D 421 241 2 422 423 424 11
L 426 238 -16
D 425 237 2 418 426 420 28
D 416 239 2 417 421 425 11
L 428 234 -148
D 427 233 2 413 428 415 28
D 411 235 2 412 416 427 11
L 430 230 -78
D 429 229 2 408 430 410 28
D 406 231 2 407 411 429 11
L 432 226 138
D 431 225 2 403 432 405 28
D 401 227 2 402 406 431 11
L 435 244 193
L 437 246 76
L 438 248 -75
L 439 246 -76
D 436 247 2 437 438 439 11
L 440 244 -193
D 434 245 2 435 436 440 11
L 444 250 134
L 445 252 145
L 446 250 -134
D 443 251 2 444 445 446 11
L 448 254 -146
L 450 256 -11
L 451 258 10
L 452 256 11
D 449 257 2 450 451 452 11
L 453 254 146
D 447 255 2 448 449 453 11
L 455 252 -145
D 454 251 2 444 455 446 28
D 442 253 2 443 447 454 11
L 459 260 59
L 463 262 41
L 464 264 61
L 465 262 -41
D 462 263 2 463 464 465 11
L 466 266 -40
L 468 264 -61
D 467 263 2 465 468 463 11
L 469 266 40
D 470 263 2 463 468 465 464
D 461 265 3 462 466 467 469 470 11
L 472 268 58
L 474 270 -9
L 476 272 8
L 477 274 -7
L 478 272 -8
D 475 273 2 476 477 478 11
L 479 270 9
D 473 271 2 474 475 479 11
L 480 268 -58
D 471 269 2 472 473 480 11
D 481 265 3 467 466 462 469 470 28
D 460 267 2 461 471 481 11
L 482 260 -59
D 458 261 2 459 460 482 11
L 483 276 -70
L 489 274 7
D 488 273 2 476 489 478 28
D 487 271 2 474 488 479 28
D 486 269 2 472 487 480 28
D 485 267 2 461 486 481 28
D 484 261 2 459 485 482 28
D 457 275 2 458 483 484 11
L 491 278 -191
L 492 280 69
L 493 278 191
D 490 279 2 491 492 493 11
L 495 276 70
D 494 275 2 458 495 484 28
D 456 277 2 457 490 494 11
D 497 251 2 444 455 446 11
L 500 258 -10
D 499 257 2 452 500 450 11
D 498 255 2 453 499 448 11
D 501 251 2 444 445 446 28
D 496 253 2 497 498 501 11
D 508 273 2 478 489 476 11
D 507 271 2 479 508 474 11
D 506 269 2 480 507 472 11
D 505 267 2 461 506 481 11
D 504 261 2 482 505 459 11
D 513 273 2 478 477 476 28
D 512 271 2 479 513 474 28
D 511 269 2 480 512 472 28
D 510 267 2 461 511 481 28
D 509 261 2 482 510 459 28
D 503 275 2 504 495 509 11
L 515 280 -69
D 514 279 2 493 515 491 11
D 516 275 2 504 483 509 28
D 502 277 2 503 514 516 11
D 519 257 2 450 500 452 28
D 518 255 2 448 519 453 28
D 521 257 2 452 451 450 28
D 520 255 2 453 521 448 28
D 517 253 3 443 518 497 520 446 28
D 441 259 3 442 456 496 502 517 11
L 524 248 75
D 523 247 2 439 524 437 11
D 522 245 2 440 523 435 11
D 527 255 2 453 449 448 11
D 526 253 2 443 527 454 11
D 529 255 2 453 519 448 28
D 528 253 2 443 529 454 28
D 525 259 2 526 502 528 11
D 531 247 2 439 438 437 28
D 532 247 2 437 524 439 28
D 530 245 2 440 531 435 532
D 433 249 3 434 441 522 525 530 11
D 536 233 2 413 428 415 11
D 538 237 2 420 426 418 11
L 540 242 147
D 539 241 2 424 540 422 11
D 541 237 2 420 419 418 28
D 537 239 2 538 539 541 11
D 542 233 2 413 414 415 28
D 535 235 2 536 537 542 11
D 534 231 2 407 535 429 11
D 533 227 2 402 534 431 11
D 546 251 2 446 445 444 11
D 547 251 2 446 455 444 28
D 545 253 2 546 498 547 11
D 548 253 2 546 520 547 28
D 544 259 2 545 456 548 11
D 549 245 2 440 531 435 28
D 543 249 2 522 544 549 11
D 554 241 2 424 423 422 28
D 553 239 2 538 554 541 28
D 556 241 2 422 540 424 28
D 555 239 2 417 556 425 28
D 552 235 3 536 553 412 555 415 28
D 551 231 2 407 552 429 28
D 550 227 2 402 551 431 28
D 400 243 3 401 433 533 543 550 11
L 560 282 -83
L 561 284 82
L 562 282 83
D 559 283 2 560 561 562 11
L 563 286 -195
L 565 284 -82
D 564 283 2 560 565 562 28
D 558 285 2 559 563 564 11
L 567 288 -187
L 568 290 194
L 569 288 187
D 566 289 2 567 568 569 11
L 571 286 195
D 570 285 2 559 571 564 28
D 557 287 2 558 566 570 11
D 574 225 2 405 432 403 11
D 576 229 2 410 430 408 11
D 578 233 2 415 414 413 11
D 579 239 2 417 539 425 11
D 580 233 2 415 428 413 28
D 577 235 2 578 579 580 11
D 581 229 2 410 409 408 28
D 575 231 2 576 577 581 11
D 582 225 2 405 404 403 28
D 573 227 2 574 575 582 11
D 586 239 2 417 554 425 28
D 585 235 2 578 586 580 28
D 584 231 2 576 585 581 28
D 583 227 2 574 584 582 28
D 572 243 2 573 543 583 11
D 589 283 2 562 565 560 11
D 590 283 2 562 561 560 28
D 588 285 2 589 571 590 11
L 592 290 -194
D 591 289 2 567 592 569 11
D 593 285 2 589 563 590 28
D 587 287 2 588 591 593 11
D 599 241 2 422 540 424 11
D 598 239 2 538 599 541 11
D 597 235 2 412 598 427 11
D 596 231 2 576 597 581 11
D 595 227 2 402 596 431 11
D 601 245 2 435 532 440 28
D 600 249 2 434 441 601 11
D 606 241 2 422 423 424 28
D 605 239 2 538 606 541 28
D 604 235 2 412 605 427 28
D 603 231 2 576 604 581 28
D 602 227 2 402 603 431 28
D 594 243 2 595 600 602 11
D 607 287 2 558 591 570 11
D 612 279 2 491 515 493 28
D 611 277 2 457 612 494 28
D 614 279 2 493 492 491 28
D 613 277 2 503 614 516 28
D 610 259 3 442 611 496 613 517 28
D 615 259 2 526 613 528 28
D 609 249 3 434 610 522 615 530 28
D 616 249 2 434 610 601 28
D 618 225 2 405 404 403 432
D 617 227 3 402 534 574 575 618 11
D 620 259 2 545 611 548 28
D 619 249 2 522 620 549 28
D 623 229 2 408 430 410 409
D 622 231 3 407 552 576 604 623 28
D 621 227 3 402 622 574 584 618 28
D 608 243 4 401 609 595 616 617 619 621 28
D 399 281 4 400 557 572 587 594 607 608 11
D 624 215 2 398 388 387 11
D 627 249 2 522 525 549 11
D 626 243 2 595 627 602 11
D 629 249 2 522 615 549 28
D 628 243 2 595 629 602 28
D 625 281 2 626 607 628 11
L 634 222 21
D 633 221 2 395 634 393 11
D 632 219 2 396 633 391 11
D 631 217 2 389 632 397 11
D 630 215 2 398 631 387 11
D 635 281 2 626 587 628 11
D 639 221 2 393 634 395 28
D 640 221 2 395 394 393 28
D 638 219 2 391 639 396 640
D 637 217 2 389 638 397 28
D 642 219 2 391 639 396 28
D 641 217 2 389 642 397 28
D 636 215 2 398 637 387 641
D 385 223 4 386 399 624 625 630 635 636 11
L 645 292 -33
L 646 294 32
L 647 292 33
D 644 293 2 645 646 647 11
L 649 296 72
L 650 298 -71
L 651 296 -72
D 648 297 2 649 650 651 11
L 653 294 -32
D 652 293 2 645 653 647 28
D 643 295 2 644 648 652 11
D 657 289 2 567 568 569 28
D 656 287 2 558 657 570 28
D 655 281 2 626 656 628 28
D 660 289 2 567 592 569 28
D 659 287 2 558 660 570 28
D 661 287 2 588 657 593 28
D 658 281 4 400 659 572 661 594 656 608 28
D 662 281 2 626 661 628 28
D 654 223 4 624 655 386 658 630 662 636 28
D 384 291 2 385 643 654 11
L 665 300 109
L 666 302 110
L 667 300 -109
D 664 301 2 665 666 667 11
L 669 304 114
L 670 306 108
L 671 304 -114
D 668 305 2 669 670 671 11
L 673 302 -110
D 672 301 2 665 673 667 28
D 663 303 2 664 668 672 11
L 677 298 71
D 676 297 2 649 677 651 28
D 675 295 2 644 676 652 28
D 674 291 2 385 675 654 28
D 383 299 2 384 663 674 11
L 681 308 -119
L 682 310 -121
L 683 308 119
D 680 309 2 681 682 683 11
L 687 312 -80
L 690 314 79
L 691 316 81
L 692 314 -79
D 689 315 2 690 691 692 11
L 693 318 -85
L 695 316 -81
D 694 315 2 690 695 692 28
D 688 317 2 689 693 694 11
L 696 312 80
D 686 313 2 687 688 696 11
L 698 320 -118
L 699 322 197
L 700 320 118
D 697 321 2 698 699 700 11
L 703 318 85
D 702 317 2 689 703 694 28
D 701 313 2 687 702 696 28
D 685 319 2 686 697 701 11
L 705 324 38
L 707 326 -117
L 709 328 -120
L 711 330 -116
L 712 332 196
L 713 330 116
D 710 331 2 711 712 713 11
L 714 328 120
D 708 329 2 709 710 714 11
L 715 326 117
D 706 327 2 707 708 715 11
L 716 324 -38
D 704 325 2 705 706 716 11
L 719 322 -197
D 718 321 2 698 719 700 28
D 717 319 2 686 718 701 28
D 684 323 2 685 704 717 11
L 721 310 121
D 720 309 2 681 721 683 28
D 679 311 2 680 684 720 11
L 724 334 -200
L 725 336 -84
L 726 334 200
D 723 335 2 724 725 726 11
L 729 338 159
L 731 340 -74
L 732 342 73
L 733 340 74
D 730 341 2 731 732 733 11
L 734 338 -159
D 728 339 2 729 730 734 11
L 738 344 -201
L 740 346 -93
L 741 348 92
L 742 346 93
D 739 347 2 740 741 742 11
L 743 344 201
D 737 345 2 738 739 743 11
L 746 350 -160
L 747 352 168
L 748 350 160
D 745 351 2 746 747 748 11
L 750 354 167
L 752 356 42
L 753 358 -43
L 754 356 -42
D 751 357 2 752 753 754 11
L 755 354 -167
D 749 355 2 750 751 755 11
L 757 352 -168
D 756 351 2 746 757 748 28
D 744 353 2 745 749 756 11
L 760 348 -92
D 759 347 2 742 760 740 11
D 758 345 2 743 759 738 11
L 764 358 43
D 763 357 2 754 764 752 11
D 762 355 2 755 763 750 11
D 761 353 2 745 762 756 11
D 766 347 2 740 760 742 28
D 767 347 2 742 741 740 28
D 765 345 2 738 766 743 767
D 736 349 3 737 744 758 761 765 11
L 772 360 162
L 773 362 161
L 774 360 -162
D 771 361 2 772 773 774 11
L 776 364 154
L 778 366 -156
L 780 368 -28
L 781 370 27
L 782 368 28
D 779 369 2 780 781 782 11
L 783 366 156
D 777 367 2 778 779 783 11
L 784 364 -154
D 775 365 2 776 777 784 11
L 786 362 -161
D 785 361 2 772 786 774 28
D 770 363 2 771 775 785 11
L 788 372 163
L 790 374 164
L 792 376 -35
L 793 378 34
L 794 376 35
D 791 377 2 792 793 794 11
L 795 374 -164
D 789 375 2 790 791 795 11
L 796 372 -163
D 787 373 2 788 789 796 11
L 801 370 -27
D 800 369 2 780 801 782 28
D 799 367 2 778 800 783 28
D 798 365 2 776 799 784 28
D 797 363 2 771 798 785 28
D 769 371 2 770 787 797 11
L 804 380 -198
L 806 382 86
L 807 384 -87
L 808 382 -86
D 805 383 2 806 807 808 11
L 809 380 198
D 803 381 2 804 805 809 11
L 812 386 -199
L 814 388 88
L 815 390 -89
L 816 388 -88
D 813 389 2 814 815 816 11
L 817 386 199
D 811 387 2 812 813 817 11
L 820 392 185
L 821 394 165
L 822 392 -185
D 819 393 2 820 821 822 11
L 825 396 90
L 826 398 -91
L 827 396 -90
D 824 397 2 825 826 827 11
L 829 400 -39
L 831 402 157
L 833 404 166
L 835 406 -158
L 836 408 155
L 837 406 158
D 834 407 2 835 836 837 11
L 838 404 -166
D 832 405 2 833 834 838 11
L 839 402 -157
D 830 403 2 831 832 839 11
L 840 400 39
D 828 401 2 829 830 840 11
L 842 398 91
D 841 397 2 825 842 827 28
D 823 399 2 824 828 841 11
L 844 394 -165
D 843 393 2 820 844 822 28
D 818 395 2 819 823 843 11
L 847 390 89
D 846 389 2 814 847 816 28
D 845 387 2 812 846 817 28
D 810 391 2 811 818 845 11
L 850 384 87
D 849 383 2 806 850 808 28
D 848 381 2 804 849 809 28
D 802 385 2 803 810 848 11
D 853 361 2 772 786 774 11
D 856 369 2 782 801 780 11
D 855 367 2 778 856 783 11
D 854 365 2 776 855 784 11
D 857 361 2 772 773 774 28
D 852 363 2 853 854 857 11
D 861 369 2 782 781 780 28
D 860 367 2 778 861 783 28
D 859 365 2 776 860 784 28
D 858 363 2 853 859 857 28
D 851 371 2 852 787 858 11
D 864 383 2 808 850 806 11
D 863 381 2 809 864 804 11
D 867 393 2 822 821 820 11
D 868 393 2 822 844 820 28
D 866 395 2 867 823 868 11
D 865 391 2 811 866 845 11
D 870 383 2 808 807 806 28
D 869 381 2 809 870 804 28
D 862 385 2 863 865 869 11
L 875 378 -34
D 874 377 2 794 875 792 11
D 873 375 2 790 874 795 11
D 872 373 2 796 873 788 11
D 871 371 2 852 872 858 11
D 879 389 2 816 847 814 11
D 878 387 2 817 879 812 11
D 881 389 2 816 815 814 28
D 880 387 2 817 881 812 28
D 877 391 2 878 866 880 11
D 876 385 2 863 877 869 11
D 882 371 2 770 872 797 11
D 883 385 2 803 877 848 11
D 885 363 3 853 854 771 775 774 11
D 888 377 2 794 793 792 28
D 887 375 2 790 888 795 28
D 890 377 2 792 875 794 28
D 889 375 2 790 890 795 28
D 886 373 2 796 887 788 889
D 891 363 3 853 859 771 798 774 28
D 884 371 2 885 886 891 28
D 768 379 5 769 802 851 862 871 876 882 883 884 11
D 895 357 2 752 764 754 28
D 894 355 2 750 895 755 28
D 893 353 2 745 894 756 28
D 898 357 2 754 753 752 28
D 897 355 2 755 898 750 28
D 896 353 2 745 897 756 28
D 892 349 3 737 893 758 896 765 28
D 735 359 2 736 768 892 11
L 901 342 -73
D 900 341 2 731 901 733 28
D 899 339 2 729 900 734 28
D 727 343 2 728 735 899 11
L 903 336 84
D 902 335 2 724 903 726 28
D 722 337 2 723 727 902 11
D 906 325 2 716 706 705 11
D 905 323 2 685 906 717 11
D 904 311 2 680 905 720 11
D 908 335 2 726 725 724 11
D 915 393 2 822 844 820 11
D 917 397 2 827 842 825 11
D 918 401 2 840 830 829 11
D 919 397 2 827 826 825 28
D 916 399 2 917 918 919 11
D 920 393 2 822 821 820 28
D 914 395 2 915 916 920 11
D 913 391 2 878 914 880 11
D 912 385 2 863 913 869 11
D 921 385 2 803 913 848 11
D 923 391 2 811 914 845 11
D 922 385 2 863 923 869 11
D 924 385 2 803 923 848 11
D 911 379 5 871 912 882 921 851 922 769 924 884 11
D 910 359 2 736 911 892 11
D 909 343 2 728 910 899 11
D 925 335 2 726 903 724 28
D 907 337 2 908 909 925 11
L 931 332 -196
D 930 331 2 711 931 713 28
D 929 329 2 709 930 714 28
D 928 327 2 707 929 715 28
D 927 323 2 685 928 717 28
D 926 311 2 680 927 720 28
D 678 333 3 679 722 904 907 926 11
D 937 219 2 391 633 396 11
D 936 217 2 397 937 389 11
D 935 215 2 387 936 398 11
D 941 225 2 403 432 405 11
D 942 225 2 403 404 405 28
D 940 227 2 941 575 942 11
D 943 227 2 941 584 942 28
D 939 243 2 940 543 943 11
D 945 289 2 569 592 567 11
D 944 287 2 558 945 570 11
D 946 243 2 940 619 943 28
D 938 281 2 939 944 946 11
D 947 215 2 387 631 398 11
D 951 245 2 440 436 435 11
D 954 279 2 491 515 493 11
D 953 277 2 503 954 516 11
D 952 259 3 442 456 496 953 517 11
D 955 259 2 526 953 528 11
D 957 247 2 439 438 437 524
D 956 245 2 440 957 435 28
D 950 249 3 951 952 522 955 956 11
D 959 245 2 440 532 435 28
D 958 249 2 951 952 959 11
D 960 227 2 402 622 431 28
D 949 243 4 401 950 595 958 533 543 960 11
D 962 285 2 589 563 590 11
D 963 285 2 589 571 590 28
D 961 287 2 962 945 963 11
D 968 279 2 491 492 493 28
D 967 277 2 503 968 516 28
D 966 259 3 442 611 496 967 517 28
D 969 259 2 526 967 528 28
D 965 249 3 951 966 522 969 956 28
D 970 249 2 951 966 959 28
D 964 243 4 401 965 595 970 533 619 960 28
D 948 281 2 949 961 964 11
D 973 219 2 391 640 396 28
D 972 217 2 389 638 397 973
D 971 215 2 387 972 398 637
D 934 223 6 386 399 935 938 947 948 624 625 630 635 971 11
D 975 293 2 647 653 645 11
D 976 297 2 651 677 649 11
D 977 293 2 647 646 645 28
D 974 295 2 975 976 977 11
D 981 289 2 569 568 567 28
D 980 287 2 962 981 963 28
D 979 281 2 949 980 964 28
D 983 287 2 558 981 570 28
D 982 281 2 939 983 946 28
D 978 223 6 624 655 386 658 630 662 947 979 935 982 971 28
D 933 291 2 934 974 978 11
D 985 301 2 665 673 667 11
L 987 306 -108
D 986 305 2 671 987 669 11
D 988 301 2 665 666 667 28
D 984 303 2 985 986 988 11
D 993 219 2 396 640 391 28
D 992 217 2 389 993 397 973
D 991 215 2 387 992 398 28
D 990 223 3 935 938 947 948 991 11
D 994 295 2 644 976 652 11
D 995 223 3 947 979 935 982 991 28
D 989 291 2 990 994 995 11
D 998 297 2 651 650 649 28
D 997 295 2 975 998 977 28
D 1000 293 2 647 653 645 646
D 1001 293 2 645 653 647 646
D 999 295 2 1000 998 1001 28
D 996 291 3 385 997 990 999 978 28
D 932 299 3 933 984 989 663 996 11
D 1007 345 2 738 766 743 28
D 1006 349 2 737 744 1007 11
D 1011 361 2 774 773 772 11
D 1012 361 2 774 786 772 28
D 1010 363 2 1011 775 1012 11
D 1013 363 2 1011 798 1012 28
D 1009 371 2 1010 872 1013 11
D 1017 367 2 783 856 778 11
D 1016 365 2 784 1017 776 11
D 1015 363 2 771 1016 785 11
D 1019 375 2 795 791 790 11
D 1018 373 2 788 1019 796 11
D 1022 367 2 783 861 778 28
D 1021 365 2 784 1022 776 28
D 1020 363 2 771 1021 785 28
D 1014 371 2 1015 1018 1020 11
D 1023 371 2 1010 787 1013 11
D 1026 375 2 795 890 790 28
D 1025 373 2 788 1026 796 28
D 1027 363 3 1011 798 771 1021 786 28
D 1024 371 3 1010 886 1015 1025 1027 28
D 1008 379 4 1009 912 1014 921 1023 922 1024 11
D 1028 349 2 737 893 1007 28
D 1005 359 2 1006 1008 1028 11
D 1004 343 2 728 1005 899 11
D 1033 351 2 748 757 746 11
D 1034 351 2 748 747 746 28
D 1032 353 2 1033 749 1034 11
D 1035 345 2 743 767 738 28
D 1031 349 2 758 1032 1035 11
D 1038 373 2 788 873 796 11
D 1037 371 2 1015 1038 1020 11
L 1047 408 -155
D 1046 407 2 837 1047 835 11
D 1045 405 2 833 1046 838 11
D 1044 403 2 839 1045 831 11
D 1043 401 2 840 1044 829 11
D 1042 399 2 824 1043 841 11
D 1041 395 2 867 1042 868 11
D 1040 391 2 811 1041 845 11
D 1039 385 2 803 1040 848 11
D 1049 373 2 788 887 796 28
D 1048 371 2 1015 1049 1020 28
D 1036 379 2 1037 1039 1048 11
D 1051 353 2 1033 894 1034 28
D 1050 349 2 758 1051 1035 28
D 1030 359 2 1031 1036 1050 11
D 1029 343 2 728 1030 899 11
D 1003 337 3 908 1004 723 1029 903 11
D 1056 385 2 863 810 869 11
D 1055 379 4 1009 876 1014 883 1023 1056 1024 11
D 1057 349 2 758 761 1035 11
D 1060 373 2 788 889 796 28
D 1059 371 2 1010 1060 1013 28
D 1058 379 2 1023 1056 1059 11
D 1054 359 3 1006 1055 1057 1058 892 11
D 1053 343 2 728 1054 899 11
D 1070 405 2 838 1046 833 11
D 1069 403 2 831 1070 839 11
D 1068 401 2 829 1069 840 11
D 1067 399 2 917 1068 919 11
D 1066 395 2 867 1067 868 11
D 1065 391 2 811 1066 845 11
D 1064 385 2 803 1065 848 11
D 1063 379 2 1037 1064 1048 11
D 1062 359 2 1006 1063 1028 11
D 1061 343 2 728 1062 899 11
D 1052 337 3 723 1053 908 1061 903 11
D 1002 333 3 904 1003 679 1052 926 11
D 1073 305 2 671 670 669 28
D 1072 303 2 985 1073 988 28
D 1074 291 3 990 994 385 643 978 11
D 1076 305 2 669 987 671 28
D 1075 303 2 664 1076 672 28
D 1078 295 3 644 676 975 998 1001 28
D 1077 291 3 385 1078 990 999 978 28
D 1071 299 3 933 1072 1074 1075 1077 28
D 382 307 3 383 678 932 1002 1071 11
L 1082 212 186
D 1081 211 2 366 1082 374 28
D 1080 205 2 361 1081 377 28
D 1079 201 2 337 1080 379 28
D 335 213 2 336 382 1079 11
D 1086 151 2 265 334 263 11
D 1085 149 2 266 1086 261 11
D 1084 147 2 253 1085 267 11
D 1091 159 2 279 278 277 11
D 1090 157 2 275 1091 280 11
D 1093 159 2 279 290 277 28
D 1092 157 2 275 1093 280 28
D 1089 161 2 1090 281 1092 11
D 1088 155 2 272 1089 291 11
D 1095 161 2 1090 328 1092 28
D 1094 155 2 272 1095 291 28
D 1087 167 2 1088 292 1094 11
D 1098 151 2 265 264 263 28
D 1097 149 2 266 1098 261 28
D 1096 147 2 253 1097 267 28
D 1083 153 2 1084 1087 1096 11
D 1103 335 2 724 903 726 11
D 1106 341 2 733 901 731 11
D 1105 339 2 729 1106 734 11
D 1109 345 2 738 759 743 11
D 1110 345 2 738 767 743 28
D 1108 349 2 1109 761 1110 11
D 1114 387 2 812 879 817 11
D 1115 387 2 812 881 817 28
D 1113 391 2 1114 866 1115 11
D 1112 385 2 803 1113 848 11
D 1117 381 2 804 864 809 11
D 1118 381 2 804 870 809 28
D 1116 385 2 1117 1113 1118 11
D 1121 375 2 790 888 795 890
D 1120 373 2 788 1121 796 28
D 1122 373 2 796 887 788 28
D 1119 371 3 1015 1120 1010 1122 1027 28
D 1111 379 4 1014 1112 1009 1116 1037 1064 1119 11
D 1123 349 2 1109 896 1110 28
D 1107 359 2 1108 1111 1123 11
D 1125 341 2 733 732 731 28
D 1124 339 2 729 1125 734 28
D 1104 343 2 1105 1107 1124 11
D 1126 335 2 724 725 726 28
D 1102 337 2 1103 1104 1126 11
D 1129 339 2 734 1106 729 11
D 1133 351 2 748 747 746 11
D 1134 355 2 750 763 755 11
D 1135 351 2 748 757 746 28
D 1132 353 2 1133 1134 1135 11
D 1131 349 2 737 1132 1007 11
D 1138 355 2 750 898 755 28
D 1137 353 2 1133 1138 1135 28
D 1136 349 2 737 1137 1007 28
D 1130 359 2 1131 1036 1136 11
D 1142 391 2 1114 914 1115 11
D 1141 385 2 803 1142 848 11
D 1143 385 2 1117 1142 1118 11
D 1144 385 2 1117 923 1118 11
D 1140 379 4 1014 1141 1009 1143 1023 1144 1024 11
D 1139 359 2 1108 1140 1123 11
D 1128 343 3 1129 1130 1105 1139 1125 11
D 1127 337 2 1103 1128 1126 11
D 1101 333 3 679 1102 904 1127 926 11
D 1145 299 3 933 1072 989 1075 996 28
D 1100 307 2 932 1101 1145 11
D 1099 213 2 336 1100 1079 11
L 1151 186 96
D 1150 185 2 318 1151 320 28
D 1149 183 2 316 1150 321 28
D 1148 181 2 293 1149 322 28
D 1147 167 2 1088 1148 1094 28
D 1152 167 2 271 1148 326 28
D 1154 149 2 266 1098 261 333
D 1153 147 2 253 1154 267 28
D 1146 153 3 1084 1147 252 1152 1153 28
D 250 187 3 251 335 1083 1099 1146 11
L 1159 140 102
D 1158 139 2 238 1159 240 28
D 1157 137 2 233 1158 241 28
D 1156 133 2 225 1157 243 28
D 1155 127 2 202 1156 246 28
D 200 141 2 201 250 1155 11
L 1166 112 101
D 1165 111 2 182 1166 184 28
D 1164 109 2 180 1165 185 28
D 1163 107 2 178 1164 186 28
D 1162 105 2 167 1163 187 28
D 1161 97 2 156 1162 191 28
D 1160 89 2 118 1161 195 28
D 116 113 2 117 200 1160 11
L 1169 66 106
D 1168 65 2 111 1169 113 28
D 1167 63 2 106 1168 114 28
D 104 67 2 105 116 1167 11
D 1171 53 2 95 103 97 11
L 1173 58 111
D 1172 57 2 101 1173 99 11
D 1174 53 2 95 96 97 28
D 1170 55 2 1171 1172 1174 11
D 1181 95 2 163 194 161 11
D 1180 93 2 164 1181 159 11
D 1179 91 2 157 1180 165 11
D 1184 95 2 163 162 161 28
D 1183 93 2 164 1184 159 28
D 1182 91 2 157 1183 165 28
D 1178 97 2 1179 166 1182 11
D 1177 89 2 118 1178 195 11
D 1186 97 2 1179 1162 1182 28
D 1185 89 2 118 1186 195 28
D 1176 113 2 1177 200 1185 11
D 1175 67 2 105 1176 1167 11
D 1188 57 2 99 1173 101 28
D 1189 57 2 101 100 99 28
D 1187 55 3 94 1188 1171 1189 97 28
D 92 59 3 93 104 1170 1175 1187 11
L 1195 50 -4
D 1194 49 2 87 1195 85 11
D 1193 47 2 88 1194 83 11
D 1192 45 2 89 1193 81 11
D 1191 43 2 79 1192 90 11
D 1190 41 2 77 1191 91 11
D 1205 301 2 667 666 665 11
D 1206 301 2 667 673 665 28
D 1204 303 2 1205 986 1206 11
D 1203 299 2 384 1204 674 11
D 1207 299 3 989 1204 933 663 996 11
D 1209 303 2 1205 1073 1206 28
D 1208 299 3 1074 1209 933 1075 1077 28
D 1202 307 3 1203 678 1207 1002 1208 11
D 1201 213 2 336 1202 1079 11
D 1212 299 3 989 1209 933 1075 996 28
D 1211 307 2 1207 1101 1212 11
D 1210 213 2 336 1211 1079 11
D 1200 187 3 251 1201 1083 1210 1146 11
D 1199 141 2 201 1200 1155 11
D 1198 113 2 117 1199 1160 11
D 1197 67 2 105 1198 1167 11
D 1214 113 2 1177 1199 1185 11
D 1213 67 2 105 1214 1167 11
D 1196 59 3 93 1197 1170 1213 1187 11
D 1215 41 2 91 78 77 11
D 1219 61 2 109 108 107 11
D 1220 61 2 109 115 107 28
D 1218 63 2 1219 110 1220 11
D 1226 83 2 142 141 140 11
D 1227 87 2 144 199 146 11
D 1228 83 2 142 148 140 28
D 1225 85 2 1226 1227 1228 11
D 1224 81 2 137 1225 149 11
D 1223 79 2 119 1224 150 11
D 1233 103 2 174 173 172 11
D 1232 101 2 170 1233 175 11
D 1231 99 2 168 1232 176 11
D 1236 111 2 184 1166 182 11
D 1235 109 2 180 1236 185 11
D 1234 107 2 186 1235 178 11
D 1239 103 2 174 190 172 28
D 1238 101 2 170 1239 175 28
D 1237 99 2 168 1238 176 28
D 1230 105 2 1231 1234 1237 11
D 1229 97 2 1179 1230 1182 11
D 1243 87 2 144 145 146 28
D 1242 85 2 1226 1243 1228 28
D 1241 81 2 137 1242 149 28
D 1240 79 2 119 1241 150 28
D 1222 89 2 1223 1229 1240 11
D 1249 121 2 213 221 211 11
D 1248 119 2 214 1249 209 11
D 1250 125 2 216 249 218 11
D 1252 121 2 213 212 211 28
D 1251 119 2 214 1252 209 28
D 1247 123 2 1248 1250 1251 11
D 1246 117 2 203 1247 222 11
D 1255 125 2 216 217 218 28
D 1254 123 2 1248 1255 1251 28
D 1253 117 2 203 1254 222 28
D 1245 127 2 1246 224 1253 11
D 1259 149 2 261 1086 266 11
D 1258 147 2 253 1259 267 11
D 1262 183 2 321 317 316 11
D 1261 181 2 293 1262 322 11
D 1260 167 2 1088 1261 1094 11
D 1264 149 2 261 1098 266 28
D 1263 147 2 253 1264 267 28
D 1257 153 2 1258 1260 1263 11
D 1269 197 2 352 351 350 11
D 1270 197 2 352 355 350 28
D 1268 199 2 1269 353 1270 11
D 1267 195 2 338 1268 356 11
D 1272 199 2 1269 381 1270 28
D 1271 195 2 338 1272 356 28
D 1266 201 2 1267 360 1271 11
D 1273 201 2 1267 1080 1271 28
D 1265 213 2 1266 1100 1273 11
D 1277 183 2 321 1150 316 28
D 1276 181 2 293 1277 322 28
D 1275 167 2 1088 1276 1094 28
D 1274 153 2 1258 1275 1263 28
D 1256 187 2 1257 1265 1274 11
D 1278 127 2 1246 1156 1253 28
D 1244 141 2 1245 1256 1278 11
D 1283 109 2 185 1236 180 11
D 1282 107 2 178 1283 186 11
D 1281 105 2 1231 1282 1237 11
D 1280 97 2 1179 1281 1182 11
D 1279 89 2 1223 1280 1240 11
D 1286 213 2 1266 382 1273 11
D 1287 153 2 252 1152 331 28
D 1285 187 2 251 1286 1287 11
D 1284 141 2 1245 1285 1278 11
D 1293 111 2 184 183 182 28
D 1292 109 2 180 1293 185 28
D 1294 109 2 185 1293 180 28
D 1291 107 2 186 1292 178 1294
D 1290 105 2 1231 1291 1237 28
D 1289 97 2 1179 1290 1182 28
D 1288 89 2 1223 1289 1240 28
D 1221 113 3 1222 1244 1279 1284 1288 11
D 1295 63 2 1219 1168 1220 28
D 1217 67 2 1218 1221 1295 11
D 1300 91 2 165 158 157 11
D 1301 91 2 165 192 157 28
D 1299 97 2 1300 1230 1301 11
D 1298 89 2 1223 1299 1240 11
D 1303 97 2 1300 1281 1301 11
D 1302 89 2 1223 1303 1240 11
D 1305 97 2 1300 1290 1301 28
D 1304 89 2 1223 1305 1240 28
D 1297 113 3 1298 1244 1302 1284 1304 11
D 1296 67 2 1218 1297 1295 11
D 1216 59 3 1170 1217 93 1296 1187 11
D 1306 41 2 91 1191 77 11
D 1312 213 2 1266 1211 1273 11
D 1311 187 2 1257 1312 1274 11
D 1310 141 2 1245 1311 1278 11
D 1315 213 2 1266 1202 1273 11
D 1314 187 2 251 1315 1287 11
D 1313 141 2 1245 1314 1278 11
D 1309 113 3 1222 1310 1279 1313 1288 11
D 1308 67 2 1218 1309 1295 11
D 1317 113 3 1298 1310 1302 1313 1304 11
D 1316 67 2 1218 1317 1295 11
D 1307 59 3 1170 1308 93 1316 1187 11
D 1321 49 2 85 1195 87 28
D 1320 47 2 83 1321 88 28
D 1323 49 2 87 86 85 28
D 1322 47 2 88 1323 83 28
D 1319 45 2 81 1320 89 1322
D 1318 43 2 79 1319 90 28
D 75 51 5 76 92 1190 1196 1215 1216 1306 1307 1318 11
L 1324 38 144
D 1327 43 2 90 80 79 11
D 1326 41 2 77 1327 91 11
D 1331 65 2 113 112 111 11
D 1330 63 2 1219 1331 1220 11
D 1336 115 2 206 223 204 11
D 1338 125 2 218 249 216 11
D 1337 123 2 208 1338 219 11
D 1339 115 2 206 205 204 28
D 1335 117 2 1336 1337 1339 11
D 1342 131 2 230 245 228 11
D 1341 129 2 226 1342 231 11
D 1344 139 2 238 1159 240 11
D 1343 137 2 233 1344 241 11
D 1346 131 2 230 229 228 28
D 1345 129 2 226 1346 231 28
D 1340 133 2 1341 1343 1345 11
D 1349 125 2 218 217 216 28
D 1348 123 2 208 1349 219 28
D 1347 117 2 1336 1348 1339 28
D 1334 127 2 1335 1340 1347 11
D 1355 163 2 287 283 282 11
D 1354 161 2 274 1355 288 11
D 1353 155 2 272 1354 291 11
D 1359 179 2 310 325 308 11
D 1358 177 2 311 1359 306 11
D 1357 175 2 294 1358 312 11
D 1362 179 2 310 309 308 28
D 1361 177 2 311 1362 306 28
D 1360 175 2 294 1361 312 28
D 1356 181 2 1357 315 1360 11
D 1365 163 2 287 329 282 28
D 1364 161 2 274 1365 288 28
D 1363 155 2 272 1364 291 28
D 1352 167 2 1353 1356 1363 11
D 1351 153 2 1084 1352 1096 11
D 1370 309 2 683 682 681 11
D 1375 315 2 692 695 690 11
D 1376 315 2 692 691 690 28
D 1374 317 2 1375 703 1376 11
D 1373 313 2 696 1374 687 11
D 1377 321 2 700 719 698 11
D 1379 317 2 1375 693 1376 28
D 1378 313 2 696 1379 687 28
D 1372 319 2 1373 1377 1378 11
D 1383 331 2 713 931 711 11
D 1382 329 2 709 1383 714 11
D 1381 327 2 715 1382 707 11
D 1380 325 2 705 1381 716 11
D 1385 321 2 700 699 698 28
D 1384 319 2 1373 1385 1378 28
D 1371 323 2 1372 1380 1384 11
D 1386 309 2 683 721 681 28
D 1369 311 2 1370 1371 1386 11
D 1389 319 2 1373 697 1378 11
D 1391 327 2 715 708 707 11
D 1390 325 2 716 1391 705 11
D 1392 319 2 1373 718 1378 28
D 1388 323 2 1389 1390 1392 11
D 1387 311 2 1370 1388 1386 11
D 1398 331 2 713 712 711 28
D 1397 329 2 709 1398 714 28
D 1396 327 2 715 1397 707 28
D 1395 325 2 705 1396 716 28
D 1400 327 2 715 929 707 28
D 1399 325 2 716 1400 705 28
D 1402 321 2 698 719 700 699
D 1401 319 2 1373 1402 1378 28
D 1394 323 3 1372 1395 1389 1399 1401 28
D 1393 311 2 1370 1394 1386 28
D 1368 333 3 1369 722 1387 907 1393 11
D 1403 333 3 1387 1003 1369 1052 1393 11
D 1367 307 3 383 1368 932 1403 1071 11
D 1366 213 2 1266 1367 1273 11
D 1407 145 2 258 269 256 11
D 1406 143 2 259 1407 254 11
D 1409 145 2 258 257 256 28
D 1408 143 2 259 1409 254 28
D 1405 147 2 1406 260 1408 11
D 1414 159 2 277 290 279 11
D 1413 157 2 275 1414 280 11
D 1416 165 2 286 330 284 11
D 1415 163 2 282 1416 287 11
D 1418 159 2 277 278 279 28
D 1417 157 2 275 1418 280 28
D 1412 161 2 1413 1415 1417 11
D 1411 155 2 291 1412 272 11
D 1422 169 2 298 297 296 11
D 1423 173 2 302 301 300 11
D 1424 169 2 298 304 296 28
D 1421 171 2 1422 1423 1424 11
D 1426 173 2 302 314 300 28
D 1425 171 2 1422 1426 1424 28
D 1420 175 2 1421 1358 1425 11
D 1428 185 2 320 1151 318 11
D 1427 183 2 321 1428 316 11
D 1429 175 2 1421 1361 1425 28
D 1419 181 2 1420 1427 1429 11
D 1433 165 2 286 285 284 28
D 1432 163 2 282 1433 287 28
D 1431 161 2 1413 1432 1417 28
D 1430 155 2 291 1431 272 28
D 1410 167 2 1411 1419 1430 11
D 1434 147 2 1406 332 1408 28
D 1404 153 2 1405 1410 1434 11
D 1437 333 3 1369 1102 1387 1127 1393 11
D 1436 307 2 932 1437 1145 11
D 1435 213 2 1266 1436 1273 11
D 1440 181 2 1357 1149 1360 28
D 1439 167 2 1353 1440 1363 28
D 1444 185 2 320 319 318 28
D 1443 183 2 321 1444 316 28
D 1442 181 2 1420 1443 1429 28
D 1441 167 2 1411 1442 1430 28
D 1446 143 2 254 268 259 1409
D 1445 147 3 253 1097 1406 332 1446 28
D 1438 153 3 1084 1439 1405 1441 1445 28
D 1350 187 3 1351 1366 1404 1435 1438 11
D 1450 139 2 238 239 240 28
D 1449 137 2 233 1450 241 28
D 1448 133 2 1341 1449 1345 28
D 1447 127 2 1335 1448 1347 28
D 1333 141 2 1334 1350 1447 11
D 1454 123 2 1248 1338 1251 11
D 1453 117 2 1336 1454 1339 11
D 1456 123 2 1248 1349 1251 28
D 1455 117 2 1336 1456 1339 28
D 1452 127 2 1453 1340 1455 11
D 1460 143 2 254 1407 259 11
D 1461 143 2 254 1409 259 28
D 1459 147 2 1460 260 1461 11
D 1462 147 2 1460 332 1461 28
D 1458 153 2 1459 1410 1462 11
D 1463 153 2 1459 1441 1462 28
D 1457 187 2 1458 1435 1463 11
D 1464 127 2 1453 1448 1455 28
D 1451 141 2 1452 1457 1464 11
D 1467 153 2 1084 1439 1096 28
D 1466 187 2 1351 1366 1467 11
D 1465 141 2 1452 1466 1464 11
D 1471 85 3 1226 1243 139 198 148 28
D 1470 81 2 137 1471 149 28
D 1469 79 2 119 1470 150 28
D 1468 89 3 1223 1289 118 1186 1469 28
D 1332 113 4 1177 1333 1222 1451 1279 1465 1468 11
D 1473 65 2 113 1169 111 11
D 1472 63 2 1219 1473 1220 11
D 1480 103 2 172 190 174 11
D 1479 101 2 175 1480 170 11
D 1478 99 2 168 1479 176 11
D 1481 107 2 186 179 178 11
D 1484 103 2 172 173 174 28
D 1483 101 2 175 1484 170 28
D 1482 99 2 168 1483 176 28
D 1477 105 2 1478 1481 1482 11
D 1476 97 2 1179 1477 1182 11
D 1475 89 2 118 1476 195 11
D 1489 135 2 236 235 234 11
D 1490 135 2 236 242 234 28
D 1488 137 2 1489 1344 1490 11
D 1487 133 2 1341 1488 1345 11
D 1486 127 2 1453 1487 1455 11
D 1497 173 2 302 314 300 11
D 1496 171 2 295 1497 303 11
D 1499 173 2 302 301 300 28
D 1498 171 2 295 1499 303 28
D 1495 175 2 1496 1358 1498 11
D 1500 175 2 1496 1361 1498 28
D 1494 181 2 1495 1427 1500 11
D 1493 167 2 1411 1494 1430 11
D 1492 153 2 252 1493 331 11
D 1504 203 2 362 378 364 11
D 1507 209 2 371 376 369 11
D 1506 207 2 372 1507 367 11
D 1509 209 2 371 370 369 28
D 1508 207 2 372 1509 367 28
D 1505 211 2 1506 373 1508 11
D 1510 203 2 362 363 364 28
D 1503 205 2 1504 1505 1510 11
D 1502 201 2 1267 1503 1271 11
D 1513 211 2 1506 1082 1508 28
D 1512 205 2 1504 1513 1510 28
D 1511 201 2 1267 1512 1271 28
D 1501 213 2 1502 1436 1511 11
D 1516 181 2 1495 1443 1500 28
D 1515 167 2 1411 1516 1430 28
D 1514 153 2 252 1515 331 28
D 1491 187 2 1492 1501 1514 11
D 1519 137 2 1489 1450 1490 28
D 1518 133 2 1341 1519 1345 28
D 1517 127 2 1453 1518 1455 28
D 1485 141 2 1486 1491 1517 11
D 1522 81 2 149 138 137 11
D 1521 79 2 119 1522 150 11
D 1524 81 2 149 197 137 28
D 1523 79 2 119 1524 150 28
D 1520 89 2 1521 1280 1523 11
D 1528 147 2 1406 1085 1408 11
D 1529 147 2 1406 1097 1408 28
D 1527 153 2 1528 1352 1529 11
D 1530 213 2 1502 1367 1511 11
D 1531 153 2 1528 1439 1529 28
D 1526 187 2 1527 1530 1531 11
D 1525 141 2 1486 1526 1517 11
D 1536 101 2 175 171 170 11
D 1535 99 2 176 1536 168 11
D 1538 101 2 175 189 170 28
D 1537 99 2 176 1538 168 28
D 1534 105 2 1535 1282 1537 11
D 1533 97 2 1179 1534 1182 11
D 1532 89 2 118 1533 195 11
D 1540 127 2 1335 1487 1347 11
D 1541 127 2 1335 1518 1347 28
D 1539 141 2 1540 1491 1541 11
D 1542 89 2 1521 1178 1523 11
D 1543 141 2 1540 1526 1541 11
D 1547 107 2 186 1164 178 28
D 1548 107 2 178 1294 186 28
D 1549 99 2 168 1483 176 1538
D 1546 105 3 1478 1547 1535 1548 1549 28
D 1545 97 2 1179 1546 1182 28
D 1553 101 2 170 190 175 28
D 1552 99 2 168 1553 176 28
D 1551 105 3 1231 1548 167 1163 1552 28
D 1550 97 2 1179 1551 1182 28
D 1554 79 2 119 197 150 28
D 1544 89 3 118 1545 1521 1550 1554 28
D 1474 113 5 1475 1485 1520 1525 1532 1539 1542 1543 1544 11
D 1556 65 2 111 1169 113 11
D 1555 63 2 1219 1556 1220 11
D 1562 135 2 236 242 234 11
D 1563 135 2 236 235 234 28
D 1561 137 2 1562 237 1563 11
D 1560 133 2 225 1561 243 11
D 1559 127 2 1246 1560 1253 11
D 1573 331 2 711 931 713 11
D 1572 329 2 714 1573 709 11
D 1571 327 2 715 1572 707 11
D 1570 325 2 705 1571 716 11
D 1569 323 2 685 1570 717 11
D 1568 311 2 680 1569 720 11
D 1576 325 2 716 1571 705 11
D 1575 323 2 685 1576 717 11
D 1574 311 2 680 1575 720 11
D 1581 331 2 711 712 713 28
D 1580 329 2 714 1581 709 28
D 1579 327 2 715 1580 707 28
D 1578 323 2 685 1579 717 28
D 1577 311 2 680 1578 720 28
D 1567 333 3 1568 1102 1574 1127 1577 11
D 1566 307 2 932 1567 1145 11
D 1565 213 2 1502 1566 1511 11
D 1564 187 2 1492 1565 1514 11
D 1584 137 2 1562 1158 1563 28
D 1583 133 2 225 1584 243 28
D 1582 127 2 1246 1583 1253 28
D 1558 141 2 1559 1564 1582 11
D 1589 333 3 1568 722 1574 907 1577 11
D 1590 333 3 1574 1003 1568 1052 1577 11
D 1588 307 3 383 1589 932 1590 1071 11
D 1587 213 2 1502 1588 1511 11
D 1586 187 2 1527 1587 1531 11
D 1585 141 2 1559 1586 1582 11
D 1594 123 2 208 1250 219 11
D 1593 117 2 203 1594 222 11
D 1596 123 2 208 1255 219 28
D 1595 117 2 203 1596 222 28
D 1592 127 2 1593 1560 1595 11
D 1597 127 2 1593 1583 1595 28
D 1591 141 2 1592 1564 1597 11
D 1598 141 2 1592 1586 1597 11
D 1557 113 5 1475 1558 1520 1585 1532 1591 1542 1598 1544 11
D 1599 63 2 1219 110 1220 28
D 1329 67 4 1330 1332 1472 1474 1555 1557 1599 11
D 1602 89 3 118 1161 1223 1305 1469 28
D 1601 113 4 117 1333 1298 1451 1302 1465 1602 11
D 1605 97 2 1300 1477 1301 11
D 1604 89 2 118 1605 195 11
D 1606 141 2 1452 1491 1464 11
D 1607 89 2 1521 1303 1523 11
D 1608 141 2 1452 1526 1464 11
D 1613 87 2 146 145 144 11
D 1612 85 2 1226 1613 1228 11
D 1611 81 2 137 1612 149 11
D 1610 79 2 119 1611 150 11
D 1614 97 2 156 1534 191 11
D 1618 87 2 146 199 144 28
D 1617 85 2 1226 1618 1228 28
D 1616 81 2 137 1617 149 28
D 1615 79 2 119 1616 150 28
D 1609 89 2 1610 1614 1615 11
D 1621 81 2 149 1612 137 11
D 1620 79 2 119 1621 150 11
D 1623 81 2 149 1617 137 28
D 1622 79 2 119 1623 150 28
D 1619 89 2 1620 155 1622 11
D 1626 105 2 1478 1547 1482 28
D 1625 97 2 1300 1626 1301 28
D 1628 105 2 1535 1548 1537 28
D 1627 97 2 156 1628 191 28
D 1630 105 2 1231 1548 1237 28
D 1629 97 2 1300 1630 1301 28
D 1632 85 3 1226 1618 139 198 148 28
D 1631 79 2 119 1632 150 28
D 1624 89 5 118 1625 1610 1627 1620 1161 1521 1629 1631 28
D 1603 113 5 1604 1606 1607 1608 1609 1539 1619 1543 1624 11
D 1634 141 2 1245 1564 1278 11
D 1635 141 2 1245 1586 1278 11
D 1633 113 5 1604 1634 1607 1635 1609 1591 1619 1598 1624 11
D 1600 67 4 1330 1601 1472 1603 1555 1633 1599 11
D 1328 59 3 1170 1329 93 1600 1187 11
D 1637 43 2 90 1192 79 11
D 1636 41 2 77 1637 91 11
D 1644 307 3 1203 1368 1207 1403 1208 11
D 1643 213 2 1266 1644 1273 11
D 1646 307 2 1207 1437 1212 11
D 1645 213 2 1266 1646 1273 11
D 1642 187 3 1351 1643 1404 1645 1438 11
D 1641 141 2 1334 1642 1447 11
D 1648 187 2 1458 1645 1463 11
D 1647 141 2 1452 1648 1464 11
D 1650 187 2 1351 1643 1467 11
D 1649 141 2 1452 1650 1464 11
D 1640 113 4 1177 1641 1222 1647 1279 1649 1468 11
D 1654 213 2 1502 1646 1511 11
D 1653 187 2 1492 1654 1514 11
D 1652 141 2 1486 1653 1517 11
D 1657 213 2 1502 1644 1511 11
D 1656 187 2 1527 1657 1531 11
D 1655 141 2 1486 1656 1517 11
D 1658 141 2 1540 1653 1541 11
D 1659 141 2 1540 1656 1541 11
D 1651 113 5 1475 1652 1520 1655 1532 1658 1542 1659 1544 11
D 1664 307 2 1207 1567 1212 11
D 1663 213 2 1502 1664 1511 11
D 1662 187 2 1492 1663 1514 11
D 1661 141 2 1559 1662 1582 11
D 1668 307 3 1203 1589 1207 1590 1208 11
D 1667 213 2 1502 1668 1511 11
D 1666 187 2 1527 1667 1531 11
D 1665 141 2 1559 1666 1582 11
D 1669 141 2 1592 1662 1597 11
D 1670 141 2 1592 1666 1597 11
D 1660 113 5 1475 1661 1520 1665 1532 1669 1542 1670 1544 11
D 1639 67 4 1330 1640 1472 1651 1555 1660 1599 11
D 1672 113 4 117 1641 1298 1647 1302 1649 1602 11
D 1674 141 2 1452 1653 1464 11
D 1675 141 2 1452 1656 1464 11
D 1673 113 5 1604 1674 1607 1675 1609 1658 1619 1659 1624 11
D 1677 141 2 1245 1662 1278 11
D 1678 141 2 1245 1666 1278 11
D 1676 113 5 1604 1677 1607 1678 1609 1669 1619 1670 1624 11
D 1671 67 4 1330 1672 1472 1673 1555 1676 1599 11
D 1638 59 3 1170 1639 93 1671 1187 11
D 1681 57 2 99 1173 101 11
D 1680 55 2 1171 1681 1174 11
D 1684 61 2 107 115 109 11
D 1685 61 2 107 108 109 28
D 1683 63 2 1684 110 1685 11
D 1692 73 2 127 133 125 11
D 1693 77 2 131 154 129 11
D 1694 73 2 127 126 125 28
D 1691 75 2 1692 1693 1694 11
D 1690 71 2 134 1691 122 11
D 1689 69 2 120 1690 135 11
D 1698 77 2 131 130 129 28
D 1697 75 2 1692 1698 1694 28
D 1696 71 2 134 1697 122 28
D 1695 69 2 120 1696 135 28
D 1688 79 2 1689 136 1695 11
D 1699 79 2 1689 196 1695 28
D 1687 89 2 1688 1178 1699 11
D 1702 117 2 1336 1594 1339 11
D 1703 133 2 225 1343 243 11
D 1705 115 2 206 205 204 223
D 1704 117 3 1336 1596 203 247 1705 28
D 1701 127 3 1702 1703 202 224 1704 11
D 1710 145 2 258 257 256 269
D 1709 143 2 254 1710 259 28
D 1708 147 3 253 1264 1460 332 1709 28
D 1707 153 3 1459 1410 1258 1260 1708 11
D 1717 287 2 962 591 963 11
D 1718 243 4 401 965 595 970 617 619 621 28
D 1716 281 3 949 607 572 1717 1718 11
D 1721 249 2 522 955 549 11
D 1720 243 2 595 1721 602 11
D 1723 249 2 522 969 549 28
D 1722 243 2 595 1723 602 28
D 1719 281 2 1720 1717 1722 11
D 1724 281 2 1720 607 1722 11
D 1715 223 6 386 1716 935 938 947 948 630 1719 624 1724 971 11
D 1726 281 2 1720 656 1722 28
D 1728 287 2 962 657 963 28
D 1727 281 3 572 1728 949 656 1718 28
D 1729 281 2 1720 1728 1722 28
D 1725 223 6 624 1726 386 1727 630 1729 947 979 935 982 971 28
D 1714 291 2 1715 974 1725 11
D 1731 305 2 671 670 669 11
D 1730 303 2 664 1731 672 11
D 1733 223 4 386 1716 630 1719 624 1724 636 11
D 1732 291 3 1733 997 990 999 1725 28
D 1713 299 3 989 1204 1714 1730 1732 11
D 1736 305 2 671 987 669 28
D 1735 303 2 664 1736 672 28
D 1734 299 3 989 1209 1714 1735 1732 28
D 1712 307 2 1713 1101 1734 11
D 1711 213 2 336 1712 1079 11
D 1738 167 2 271 1261 326 11
D 1740 181 2 1357 1262 1360 11
D 1739 167 2 1353 1740 1363 11
D 1743 151 2 263 334 265 264
D 1742 149 2 261 1743 266 28
D 1741 147 2 253 1742 267 28
D 1737 153 3 252 1738 1258 1739 1741 11
D 1748 223 4 624 1726 386 1727 630 1729 636 28
D 1747 291 2 1733 643 1748 11
D 1749 291 2 1733 675 1748 28
D 1746 299 2 1747 1204 1749 11
D 1756 347 2 740 760 742 741
D 1755 345 2 738 1756 743 28
D 1754 349 3 737 744 1109 761 1755 11
D 1758 385 2 1117 865 1118 11
D 1757 379 5 851 1758 769 802 882 1112 871 1116 884 11
D 1759 349 3 737 893 1109 896 1755 28
D 1753 359 2 1754 1757 1759 11
D 1752 343 2 728 1753 899 11
D 1751 337 2 723 1752 902 11
D 1763 379 5 882 1141 871 1143 851 1144 769 924 884 11
D 1762 359 2 1754 1763 1759 11
D 1761 343 2 728 1762 899 11
D 1760 337 2 723 1761 902 11
D 1750 333 3 679 1751 904 1760 926 11
D 1769 385 2 1117 810 1118 11
D 1770 371 3 1010 886 1015 1120 1027 28
D 1768 379 5 1014 1112 1009 1116 1037 1064 1023 1769 1770 11
D 1771 379 2 1023 1769 1059 11
D 1767 359 3 1006 1768 1108 1771 1759 11
D 1766 343 2 728 1767 899 11
D 1765 337 2 723 1766 902 11
D 1775 349 2 1109 1032 1110 11
D 1776 349 3 737 893 1109 1051 1755 28
D 1774 359 3 1006 1140 1775 1036 1776 11
D 1773 343 2 728 1774 899 11
D 1772 337 2 723 1773 902 11
D 1764 333 3 679 1765 904 1772 926 11
D 1778 291 3 990 994 1733 643 1725 11
D 1779 291 3 1733 1078 990 999 1725 28
D 1777 299 3 1778 1209 1714 1735 1779 28
D 1745 307 3 1746 1750 1713 1764 1777 11
D 1744 213 2 336 1745 1079 11
D 1782 155 2 291 273 272 11
D 1783 181 2 293 1427 322 11
D 1784 155 2 291 327 272 28
D 1781 167 2 1782 1783 1784 11
D 1780 153 2 252 1781 331 11
D 1790 193 2 345 359 343 11
D 1789 191 2 346 1790 341 11
D 1788 189 2 339 1789 347 11
D 1793 193 2 345 344 343 28
D 1792 191 2 346 1793 341 28
D 1791 189 2 339 1792 347 28
D 1787 195 2 1788 348 1791 11
D 1795 211 2 366 1082 374 11
D 1794 205 2 361 1795 377 11
D 1796 195 2 1788 380 1791 28
D 1786 201 2 1787 1794 1796 11
D 1799 211 2 366 373 374 28
D 1798 205 2 361 1799 377 28
D 1797 201 2 1787 1798 1796 28
D 1785 213 2 1786 1745 1797 11
D 1802 155 2 291 1089 272 11
D 1803 155 2 291 1095 272 28
D 1801 167 2 1802 1783 1803 11
D 1800 153 2 1258 1801 1263 11
D 1804 213 2 1786 1712 1797 11
D 1807 181 2 1357 1277 1360 28
D 1808 181 2 293 1443 322 28
D 1811 157 2 275 290 280 28
D 1810 161 3 274 1365 1090 328 1811 28
D 1809 155 2 272 1810 291 1095
D 1806 167 4 1088 1276 1353 1807 1802 1808 1809 28
D 1812 167 3 271 1276 1782 1808 327 28
D 1813 147 3 253 1742 1460 332 1709 28
D 1805 153 4 1459 1441 1258 1806 252 1812 1813 28
D 1706 187 5 1707 1711 1737 1744 1780 1785 1800 1804 1805 11
D 1816 129 2 231 227 226 11
D 1818 139 2 240 239 238 11
D 1817 137 2 233 1818 241 11
D 1819 129 2 231 244 226 28
D 1815 133 2 1816 1817 1819 11
D 1814 127 2 202 1815 246 11
D 1825 157 2 280 276 275 11
D 1826 157 2 280 289 275 28
D 1824 161 2 1825 1415 1826 11
D 1823 155 2 291 1824 272 11
D 1828 161 2 1825 1432 1826 28
D 1827 155 2 291 1828 272 28
D 1822 167 2 1823 1740 1827 11
D 1821 153 2 252 1822 331 11
D 1832 203 2 364 363 362 11
D 1833 203 2 364 378 362 28
D 1831 205 2 1832 365 1833 11
D 1830 201 2 1787 1831 1796 11
D 1835 205 2 1832 1081 1833 28
D 1834 201 2 1787 1835 1796 28
D 1829 213 2 1830 1712 1834 11
D 1838 155 2 291 1354 272 11
D 1839 181 2 1357 1427 1360 11
D 1840 155 2 291 1364 272 28
D 1837 167 2 1838 1839 1840 11
D 1836 153 2 1258 1837 1263 11
D 1841 213 2 1830 1745 1834 11
D 1844 181 2 1357 1443 1360 28
D 1843 167 2 1838 1844 1840 28
D 1845 167 2 1823 1807 1827 28
D 1842 153 3 1258 1843 252 1845 1741 28
D 1820 187 3 1821 1829 1836 1841 1842 11
D 1847 117 2 1336 1596 1339 28
D 1846 127 2 1702 1815 1847 11
D 1850 201 2 1787 360 1796 11
D 1851 201 2 1787 1080 1796 28
D 1849 213 2 1850 1712 1851 11
D 1852 213 2 1850 1745 1851 11
D 1848 187 3 1821 1849 1836 1852 1842 11
D 1856 139 2 240 1159 238 28
D 1855 137 2 233 1856 241 28
D 1854 133 3 1816 1855 225 1449 244 28
D 1857 133 3 1816 1855 225 1157 244 28
D 1853 127 3 1702 1854 202 1857 1704 28
D 1700 141 4 1701 1706 1814 1820 1846 1848 1853 11
D 1859 79 2 1689 1522 1695 11
D 1860 79 2 1689 1524 1695 28
D 1858 89 2 1859 1178 1860 11
D 1864 115 2 204 205 206 223
D 1863 117 2 1864 1596 1705 28
D 1862 127 3 1702 1703 1593 224 1863 11
D 1867 147 2 1460 1259 1461 11
D 1868 147 2 1460 1264 1461 28
D 1866 153 2 1867 1260 1868 11
D 1871 205 2 361 1505 377 11
D 1870 201 2 337 1871 379 11
D 1873 205 2 361 1513 377 28
D 1872 201 2 337 1873 379 28
D 1869 213 2 1870 1712 1872 11
D 1875 147 2 1460 1742 1461 28
D 1874 153 3 1459 1738 1867 1739 1875 11
D 1876 213 2 1870 1745 1872 11
D 1877 153 2 1867 1801 1868 11
D 1879 201 2 1787 1871 1796 11
D 1880 201 2 1787 1873 1796 28
D 1878 213 2 1879 1712 1880 11
D 1881 153 2 1459 1781 1462 11
D 1882 213 2 1879 1745 1880 11
D 1883 153 3 1867 1806 1459 1812 1875 28
D 1865 187 5 1866 1869 1874 1876 1877 1878 1881 1882 1883 11
D 1885 133 2 225 1449 243 28
D 1884 127 3 1702 1885 1593 1156 1863 28
D 1861 141 2 1862 1865 1884 11
D 1886 89 2 1859 1229 1860 11
D 1889 117 2 1336 1247 1339 11
D 1890 117 2 1864 1254 1705 28
D 1888 127 3 1889 1703 1246 224 1890 11
D 1893 167 3 1088 1276 1802 1808 1095 28
D 1892 153 2 1867 1893 1868 28
D 1891 187 3 1866 1869 1877 1878 1892 11
D 1895 133 2 1816 232 1819 11
D 1896 133 2 1816 1343 1819 11
D 1894 127 3 1246 1895 1889 1896 1890 11
D 1898 153 2 1459 1822 1462 11
D 1899 153 2 1459 1845 1462 28
D 1897 187 2 1898 1878 1899 11
D 1901 133 2 227 1449 244 28
D 1902 133 2 227 1157 244 28
D 1900 127 3 1889 1901 1246 1902 1890 28
D 1887 141 3 1888 1891 1894 1897 1900 11
D 1906 107 2 178 1235 186 11
D 1905 105 2 1231 1906 1237 11
D 1904 97 2 1179 1905 1182 11
D 1903 89 2 1859 1904 1860 11
D 1910 167 2 1353 1807 1363 28
D 1909 153 3 1867 1910 1459 1812 1875 28
D 1908 187 3 1874 1876 1881 1882 1909 11
D 1912 153 2 1867 1837 1868 11
D 1913 153 2 1867 1843 1868 28
D 1911 187 2 1912 1882 1913 11
D 1907 141 3 1888 1908 1894 1911 1900 11
D 1914 89 2 1688 1904 1699 11
D 1919 155 2 291 1095 272 1364
D 1918 167 3 1353 1807 1802 1808 1919 28
D 1917 153 3 1258 1918 252 1812 1741 28
D 1916 187 4 1737 1744 1780 1785 1800 1804 1917 11
D 1920 127 2 1246 1895 1253 11
D 1922 153 2 1258 1843 1263 28
D 1921 187 2 1836 1841 1922 11
D 1924 117 2 1336 1254 1339 28
D 1923 127 2 1889 1896 1924 11
D 1925 187 2 1836 1852 1922 11
D 1915 141 4 1888 1916 1920 1921 1923 1925 1900 11
D 1926 89 2 1688 1229 1699 11
D 1929 153 3 1258 1275 1459 1441 1708 28
D 1928 187 2 1707 1711 1929 11
D 1931 153 2 252 1845 331 28
D 1930 187 2 1821 1829 1931 11
D 1932 187 2 1821 1849 1931 11
D 1927 141 4 1888 1928 1920 1930 1923 1932 1900 11
D 1937 83 2 140 148 142 11
D 1938 83 2 140 141 142 28
D 1936 85 2 1937 143 1938 11
D 1935 81 2 149 1936 137 11
D 1934 79 2 1689 1935 1695 11
D 1941 85 2 1937 198 1938 28
D 1940 81 2 149 1941 137 28
D 1939 79 2 1689 1940 1695 28
D 1933 89 2 1934 1178 1939 11
D 1944 117 2 1864 1594 1705 11
D 1943 127 2 1944 1815 1863 11
D 1946 153 3 1867 1843 1459 1845 1875 28
D 1945 187 3 1898 1878 1912 1882 1946 11
D 1948 133 2 1816 1855 1819 28
D 1947 127 2 1944 1948 1863 28
D 1942 141 2 1943 1945 1947 11
D 1951 105 2 1535 1906 1537 11
D 1950 97 2 1179 1951 1182 11
D 1949 89 2 1688 1950 1699 11
D 1953 187 2 1492 1869 1514 11
D 1952 141 2 1862 1953 1884 11
D 1954 89 2 1688 1476 1699 11
D 1956 127 3 1889 1885 1246 1156 1890 28
D 1955 141 2 1888 1953 1956 11
D 1959 105 3 167 1163 1231 1292 1552 28
D 1958 97 2 1179 1959 1182 28
D 1962 107 2 178 1292 186 28
D 1964 101 2 175 1484 170 190
D 1963 99 2 168 1964 176 1538
D 1961 105 5 1478 1547 1535 1962 167 1163 1231 1292 1963 28
D 1960 97 2 1179 1961 1182 28
D 1967 85 2 140 198 142 28
D 1966 81 2 149 1967 137 197
D 1965 79 2 1689 1966 1695 28
D 1957 89 4 1859 1958 1688 1960 1934 1186 1965 28
D 1686 113 10 1687 1700 1858 1861 1886 1887 1903 1907 1914 1915 1926 1927 1933 1942 1949 1952 1954 1955 1957 11
D 1968 63 2 1684 1168 1685 28
D 1682 67 2 1683 1686 1968 11
D 1975 195 2 1788 1268 1791 11
D 1976 195 2 1788 1272 1791 28
D 1974 201 2 1975 1794 1976 11
D 1977 201 2 1975 1798 1976 28
D 1973 213 2 1974 1644 1977 11
D 1978 153 2 1084 1801 1096 11
D 1979 213 2 1974 1646 1977 11
D 1981 167 3 1088 1148 1802 1808 1095 28
D 1982 167 3 271 1148 1782 1808 327 28
D 1980 153 3 1084 1981 252 1982 1153 28
D 1972 187 5 1780 1973 1978 1979 251 1643 1083 1645 1980 11
D 1985 129 2 231 1342 226 11
D 1986 129 2 231 1346 226 28
D 1984 133 2 1985 1817 1986 11
D 1983 127 2 1335 1984 1347 11
D 1988 153 2 1084 1837 1096 11
D 1990 201 2 1975 360 1976 11
D 1991 201 2 1975 1080 1976 28
D 1989 213 2 1990 1644 1991 11
D 1993 167 2 1823 1356 1827 11
D 1992 153 2 252 1993 331 11
D 1994 213 2 1990 1646 1991 11
D 1996 167 2 1823 1440 1827 28
D 1995 153 3 252 1996 1084 1843 1153 28
D 1987 187 3 1988 1989 1992 1994 1995 11
D 1998 133 3 1985 1855 1341 1449 1346 28
D 1997 127 2 1335 1998 1347 28
D 1971 141 3 1334 1972 1983 1987 1997 11
D 2001 133 2 1985 1343 1986 11
D 2000 127 2 1453 2001 1455 11
D 2002 187 2 1821 1994 1931 11
D 2004 133 2 1985 1449 1986 28
D 2003 127 2 1453 2004 1455 28
D 1999 141 2 2000 2002 2003 11
D 2007 153 2 1084 1843 1096 28
D 2006 187 2 1988 1989 2007 11
D 2005 141 2 2000 2006 2003 11
D 1970 113 4 1177 1971 1222 1999 1279 2005 1468 11
D 2011 213 2 1830 1211 1834 11
D 2010 187 2 1821 2011 1931 11
D 2013 133 2 1816 1157 1819 28
D 2012 127 2 1246 2013 1253 28
D 2009 141 2 1920 2010 2012 11
D 2016 213 2 1830 1202 1834 11
D 2015 187 2 1988 2016 2007 11
D 2014 141 2 1920 2015 2012 11
D 2019 213 2 1786 1202 1797 11
D 2020 213 2 1786 1211 1797 11
D 2022 167 2 1782 1808 1784 28
D 2023 167 2 1802 1808 1803 28
D 2021 153 3 252 2022 1084 2023 1153 28
D 2018 187 3 1780 2019 1978 2020 2021 11
D 2024 187 3 1988 2016 1992 2011 1995 11
D 2025 127 2 202 1857 246 28
D 2017 141 3 201 2018 1814 2024 2025 11
D 2008 113 4 1222 2009 1279 2014 1177 2017 1468 11
D 2029 153 2 1528 1801 1529 11
D 2031 201 2 1975 1503 1976 11
D 2032 201 2 1975 1512 1976 28
D 2030 213 2 2031 1646 2032 11
D 2033 153 2 1405 1781 1434 11
D 2034 213 2 2031 1644 2032 11
D 2035 153 2 1405 270 1434 11
D 2036 153 2 1528 1087 1529 11
D 2038 147 2 1406 1154 1408 28
D 2037 153 3 1528 1981 1405 1982 2038 28
D 2028 187 5 2029 2030 2033 2034 2035 1657 2036 1654 2037 11
D 2027 141 2 1540 2028 1541 11
D 2040 79 2 119 1935 150 11
D 2041 79 2 119 1940 150 28
D 2039 89 2 2040 1178 2041 11
D 2046 131 2 230 229 228 11
D 2045 129 2 231 2046 226 11
D 2047 137 2 1562 1818 1563 11
D 2049 131 2 230 245 228 28
D 2048 129 2 231 2049 226 28
D 2044 133 2 2045 2047 2048 11
D 2043 127 2 1335 2044 1347 11
D 2051 153 2 1405 1993 1434 11
D 2052 213 2 2031 1664 2032 11
D 2053 153 2 1528 1837 1529 11
D 2054 213 2 2031 1668 2032 11
D 2055 153 3 1405 1996 1528 1843 2038 28
D 2050 187 3 2051 2052 2053 2054 2055 11
D 2058 137 2 1562 1856 1563 28
D 2057 133 2 2045 2058 2048 28
D 2056 127 2 1335 2057 1347 28
D 2042 141 2 2043 2050 2056 11
D 2061 133 2 1985 1488 1986 11
D 2060 127 2 1453 2061 1455 11
D 2063 153 2 1528 1843 1529 28
D 2062 187 2 2053 2034 2063 11
D 2065 133 2 1985 1519 1986 28
D 2064 127 2 1453 2065 1455 28
D 2059 141 2 2060 2062 2064 11
D 2066 89 2 1521 1229 1523 11
D 2068 187 2 1898 2030 1899 11
D 2067 141 2 2060 2068 2064 11
D 2071 105 3 1231 1291 167 1163 1552 28
D 2070 97 2 1179 2071 1182 28
D 2073 81 2 149 1967 137 28
D 2072 79 2 119 2073 150 28
D 2069 89 3 1521 2070 2040 1186 2072 28
D 2026 113 5 1542 2027 2039 2042 1520 2059 2066 2067 2069 11
D 2076 187 5 2029 2052 2033 2054 2035 1667 2036 1663 2037 11
D 2075 141 2 1592 2076 1597 11
D 2079 133 2 1816 2047 1819 11
D 2078 127 2 1593 2079 1595 11
D 2081 133 2 1816 2058 1819 28
D 2080 127 2 1593 2081 1595 28
D 2077 141 2 2078 2050 2080 11
D 2084 133 2 1816 1561 1819 11
D 2083 127 2 1246 2084 1253 11
D 2085 187 2 2053 2054 2063 11
D 2087 133 2 1816 1584 1819 28
D 2086 127 2 1246 2087 1253 28
D 2082 141 2 2083 2085 2086 11
D 2089 187 2 1898 2052 1899 11
D 2088 141 2 2083 2089 2086 11
D 2074 113 5 1542 2075 2039 2077 1520 2082 2066 2088 2069 11
D 2090 63 3 106 1168 1219 110 115 28
D 1969 67 5 1330 1970 105 2008 1472 2026 1555 2074 2090 11
D 2093 89 2 1688 155 1699 11
D 2099 189 2 347 1789 339 11
D 2100 189 2 347 1792 339 28
D 2098 195 2 2099 348 2100 11
D 2101 195 2 2099 380 2100 28
D 2097 201 2 2098 1794 2101 11
D 2102 201 2 2098 1798 2101 28
D 2096 213 2 2097 1745 2102 11
D 2103 213 2 2097 1712 2102 11
D 2095 187 5 1707 1711 1780 2096 1800 2103 1737 1744 1805 11
D 2104 127 2 202 1895 246 11
D 2105 127 2 1702 1896 1847 11
D 2106 127 3 1702 1901 202 1902 1704 28
D 2094 141 4 1701 2095 2104 1820 2105 1848 2106 11
D 2107 89 2 1859 155 1860 11
D 2111 201 2 2098 1871 2101 11
D 2112 201 2 2098 1873 2101 28
D 2110 213 2 2111 1712 2112 11
D 2113 213 2 2111 1745 2112 11
D 2109 187 5 1877 2110 1866 1869 1881 2113 1874 1876 1883 11
D 2114 127 3 1593 1895 1702 1896 1863 11
D 2115 127 3 1702 1901 1593 1902 1863 28
D 2108 141 3 1862 2109 2114 1945 2115 11
D 2116 89 2 1859 1299 1860 11
D 2118 187 3 1877 2110 1866 1869 1892 11
D 2117 141 3 1888 2118 1894 1897 1900 11
D 2120 97 2 1300 1905 1301 11
D 2119 89 2 1859 2120 1860 11
D 2122 187 3 1881 2113 1874 1876 1909 11
D 2121 141 3 1888 2122 1894 1911 1900 11
D 2123 89 2 1688 2120 1699 11
D 2125 187 4 1780 2096 1800 2103 1737 1744 1917 11
D 2124 141 4 1888 2125 1920 1921 1923 1925 1900 11
D 2126 89 2 1688 1299 1699 11
D 2128 97 2 156 1951 191 11
D 2127 89 2 1688 2128 1699 11
D 2129 89 2 1688 1605 1699 11
D 2132 105 2 1231 1292 1237 28
D 2131 97 3 1300 2132 156 1162 192 28
D 2136 101 2 175 1484 170 1239
D 2135 99 2 168 2136 176 28
D 2134 105 3 1478 1547 1231 1292 2135 28
D 2138 99 2 176 1538 168 188
D 2137 105 3 1535 1962 167 1163 2138 28
D 2133 97 3 1300 2134 156 2137 192 28
D 2139 79 2 1689 197 1695 28
D 2130 89 3 1859 2131 1688 2133 2139 28
D 2092 113 9 2093 2094 2107 2108 2116 2117 2119 2121 2123 2124 2126 1927 2127 1952 2129 1955 2130 11
D 2145 195 2 2099 1268 2100 11
D 2146 195 2 2099 1272 2100 28
D 2144 201 2 2145 1794 2146 11
D 2147 201 2 2145 1798 2146 28
D 2143 213 2 2144 1644 2147 11
D 2148 213 2 2144 1646 2147 11
D 2142 187 5 1780 2143 1978 2148 251 1643 1083 1645 1980 11
D 2149 127 2 1335 2001 1347 11
D 2151 133 2 1342 1449 1346 28
D 2150 127 2 1335 2151 1347 28
D 2141 141 3 1334 2142 2149 1987 2150 11
D 2140 113 4 117 2141 1298 1999 1302 2005 1602 11
D 2155 213 2 2097 1202 2102 11
D 2156 213 2 2097 1211 2102 11
D 2154 187 3 1780 2155 1978 2156 2021 11
D 2157 127 2 202 1902 246 28
D 2153 141 3 201 2154 2104 2024 2157 11
D 2152 113 4 1298 2009 1302 2014 117 2153 1602 11
D 2161 153 3 1528 1147 1405 1152 2038 28
D 2160 187 3 2035 1657 2036 1654 2161 11
D 2162 127 2 1335 2061 1347 11
D 2167 199 2 1269 381 1270 11
D 2166 195 2 1788 2167 1791 11
D 2169 199 2 1269 353 1270 28
D 2168 195 2 1788 2169 1791 28
D 2165 201 2 2166 1503 2168 11
D 2170 201 2 2166 1512 2168 28
D 2164 213 2 2165 1646 2170 11
D 2171 213 2 2165 1644 2170 11
D 2163 187 3 2051 2164 2053 2171 2055 11
D 2173 133 2 1342 1519 1346 28
D 2172 127 2 1335 2173 1347 28
D 2159 141 3 1540 2160 2162 2163 2172 11
D 2176 69 2 135 121 120 11
D 2177 69 2 135 151 120 28
D 2175 79 2 2176 1621 2177 11
D 2178 79 2 2176 1623 2177 28
D 2174 89 2 2175 155 2178 11
D 2185 197 2 352 355 350 11
D 2186 197 2 352 351 350 28
D 2184 199 2 2185 381 2186 11
D 2183 195 2 2099 2184 2100 11
D 2188 199 2 2185 353 2186 28
D 2187 195 2 2099 2188 2100 28
D 2182 201 2 2183 1503 2187 11
D 2189 201 2 2183 1512 2187 28
D 2181 213 2 2182 1646 2189 11
D 2190 213 2 2182 1644 2189 11
D 2191 153 3 1405 2022 1528 2023 2038 28
D 2180 187 3 2029 2181 2033 2190 2191 11
D 2179 141 2 1334 2180 1447 11
D 2193 187 2 2053 2171 2063 11
D 2192 141 2 2000 2193 2003 11
D 2194 89 2 1521 1299 1523 11
D 2196 187 2 1898 2164 1899 11
D 2195 141 2 2000 2196 2003 11
D 2198 79 2 121 1621 151 11
D 2200 81 2 149 1632 137 28
D 2199 79 3 119 2200 2176 1623 151 28
D 2197 89 3 2198 1161 1521 1305 2199 28
D 2158 113 5 1619 2159 2174 2179 1607 2192 2194 2195 2197 11
D 2203 187 3 2035 1667 2036 1663 2161 11
D 2204 127 2 1593 2084 1595 11
D 2206 213 2 2165 1664 2170 11
D 2207 213 2 2165 1668 2170 11
D 2205 187 3 2051 2206 2053 2207 2055 11
D 2209 133 2 227 1584 244 28
D 2208 127 2 1593 2209 1595 28
D 2202 141 3 1592 2203 2204 2205 2208 11
D 2211 127 2 1593 224 1595 11
D 2212 127 2 1593 1156 1595 28
D 2210 141 2 2211 2180 2212 11
D 2214 187 2 2053 2207 2063 11
D 2213 141 2 1920 2214 2012 11
D 2216 187 2 1898 2206 1899 11
D 2215 141 2 1920 2216 2012 11
D 2201 113 5 1619 2202 2174 2210 1607 2213 2194 2215 2197 11
D 2218 61 2 109 115 107 11
D 2217 63 3 107 1168 1219 110 2218 28
D 2091 67 6 1683 2092 1330 2140 105 2152 1472 2158 1555 2201 2217 11
D 2219 55 3 94 1188 1171 100 97 28
D 1679 59 4 1680 1682 1170 1969 93 2091 2219 11
D 2227 299 3 1714 984 989 1730 1732 11
D 2228 299 3 1714 1072 989 1735 1732 28
D 2226 307 2 2227 1101 2228 11
D 2225 213 2 336 2226 1079 11
D 2231 299 2 1747 1730 1749 11
D 2232 299 3 1714 1072 1778 1735 1779 28
D 2230 307 3 2231 1750 2227 1764 2232 11
D 2229 213 2 1786 2230 1797 11
D 2233 213 2 1786 2226 1797 11
D 2234 213 2 336 2230 1079 11
D 2224 187 5 1707 2225 1780 2229 1800 2233 1737 2234 1805 11
D 2236 213 2 1830 2226 1834 11
D 2237 213 2 1830 2230 1834 11
D 2235 187 3 1821 2236 1836 2237 1842 11
D 2239 213 2 1850 2226 1851 11
D 2240 213 2 1850 2230 1851 11
D 2238 187 3 1821 2239 1836 2240 1842 11
D 2223 141 4 1701 2224 1814 2235 1846 2238 1853 11
D 2243 213 2 1870 2226 1872 11
D 2244 213 2 1870 2230 1872 11
D 2245 213 2 1879 2226 1880 11
D 2246 213 2 1879 2230 1880 11
D 2242 187 5 1866 2243 1874 2244 1877 2245 1881 2246 1883 11
D 2241 141 2 1862 2242 1884 11
D 2248 187 3 1866 2243 1877 2245 1892 11
D 2249 187 2 1898 2245 1899 11
D 2247 141 3 1888 2248 1894 2249 1900 11
D 2251 187 4 1780 2229 1800 2233 1737 2234 1917 11
D 2252 187 2 1836 2237 1922 11
D 2253 187 2 1836 2240 1922 11
D 2250 141 4 1888 2251 1920 2252 1923 2253 1900 11
D 2255 187 3 1874 2244 1881 2246 1909 11
D 2256 187 2 1912 2246 1913 11
D 2254 141 3 1888 2255 1894 2256 1900 11
D 2258 187 2 1707 2225 1929 11
D 2259 187 2 1821 2236 1931 11
D 2260 187 2 1821 2239 1931 11
D 2257 141 4 1888 2258 1920 2259 1923 2260 1900 11
D 2262 187 3 1898 2245 1912 2246 1946 11
D 2261 141 2 1943 2262 1947 11
D 2264 187 2 1492 2243 1514 11
D 2263 141 2 1862 2264 1884 11
D 2265 141 2 1888 2264 1956 11
D 2222 113 10 1687 2223 1858 2241 1886 2247 1914 2250 1903 2254 1926 2257 1933 2261 1949 2263 1954 2265 1957 11
D 2221 67 2 1683 2222 1968 11
D 2270 213 2 1974 1367 1977 11
D 2271 213 2 1974 1436 1977 11
D 2269 187 5 251 1366 1083 1435 1780 2270 1978 2271 1980 11
D 2273 213 2 1990 1367 1991 11
D 2274 213 2 1990 1436 1991 11
D 2272 187 3 1988 2273 1992 2274 1995 11
D 2268 141 3 1334 2269 1983 2272 1997 11
D 2276 187 2 1821 2274 1931 11
D 2275 141 2 2000 2276 2003 11
D 2278 187 2 1988 2273 2007 11
D 2277 141 2 2000 2278 2003 11
D 2267 113 4 1177 2268 1222 2275 1279 2277 1468 11
D 2282 213 2 1830 1100 1834 11
D 2281 187 2 1821 2282 1931 11
D 2280 141 2 1920 2281 2012 11
D 2285 213 2 1830 382 1834 11
D 2284 187 2 1988 2285 2007 11
D 2283 141 2 1920 2284 2012 11
D 2288 213 2 1786 382 1797 11
D 2289 213 2 1786 1100 1797 11
D 2287 187 3 1780 2288 1978 2289 2021 11
D 2290 187 3 1988 2285 1992 2282 1995 11
D 2286 141 3 201 2287 1814 2290 2025 11
D 2279 113 4 1222 2280 1279 2283 1177 2286 1468 11
D 2294 213 2 2031 1436 2032 11
D 2295 213 2 2031 1367 2032 11
D 2293 187 5 2029 2294 2033 2295 2036 1501 2035 1530 2037 11
D 2292 141 2 1540 2293 1541 11
D 2298 213 2 2031 1566 2032 11
D 2299 213 2 2031 1588 2032 11
D 2297 187 3 2051 2298 2053 2299 2055 11
D 2296 141 2 2043 2297 2056 11
D 2301 187 2 2053 2295 2063 11
D 2300 141 2 2060 2301 2064 11
D 2303 187 2 1898 2294 1899 11
D 2302 141 2 2060 2303 2064 11
D 2291 113 5 1542 2292 2039 2296 1520 2300 2066 2302 2069 11
D 2306 187 5 2029 2298 2033 2299 2036 1565 2035 1587 2037 11
D 2305 141 2 1592 2306 1597 11
D 2307 141 2 2078 2297 2080 11
D 2309 187 2 2053 2299 2063 11
D 2308 141 2 2083 2309 2086 11
D 2311 187 2 1898 2298 1899 11
D 2310 141 2 2083 2311 2086 11
D 2304 113 5 1542 2305 2039 2307 1520 2308 2066 2310 2069 11
D 2266 67 5 1330 2267 105 2279 1472 2291 1555 2304 2090 11
D 2316 213 2 2097 2230 2102 11
D 2317 213 2 2097 2226 2102 11
D 2315 187 5 1707 2225 1780 2316 1800 2317 1737 2234 1805 11
D 2314 141 4 1701 2315 2104 2235 2105 2238 2106 11
D 2320 213 2 2111 2226 2112 11
D 2321 213 2 2111 2230 2112 11
D 2319 187 5 1877 2320 1866 2243 1881 2321 1874 2244 1883 11
D 2318 141 3 1862 2319 2114 2262 2115 11
D 2323 187 3 1877 2320 1866 2243 1892 11
D 2322 141 3 1888 2323 1894 2249 1900 11
D 2325 187 4 1780 2316 1800 2317 1737 2234 1917 11
D 2324 141 4 1888 2325 1920 2252 1923 2253 1900 11
D 2327 187 3 1881 2321 1874 2244 1909 11
D 2326 141 3 1888 2327 1894 2256 1900 11
D 2313 113 9 2093 2314 2107 2318 2116 2322 2123 2324 2119 2326 2126 2257 2127 2263 2129 2265 2130 11
D 2331 213 2 2144 1367 2147 11
D 2332 213 2 2144 1436 2147 11
D 2330 187 5 251 1366 1083 1435 1780 2331 1978 2332 1980 11
D 2329 141 3 1334 2330 2149 2272 2150 11
D 2328 113 4 117 2329 1298 2275 1302 2277 1602 11
D 2336 213 2 2097 382 2102 11
D 2337 213 2 2097 1100 2102 11
D 2335 187 3 1780 2336 1978 2337 2021 11
D 2334 141 3 201 2335 2104 2290 2157 11
D 2333 113 4 1298 2280 1302 2283 117 2334 1602 11
D 2340 187 3 2036 1501 2035 1530 2161 11
D 2342 213 2 2165 1436 2170 11
D 2343 213 2 2165 1367 2170 11
D 2341 187 3 2051 2342 2053 2343 2055 11
D 2339 141 3 1540 2340 2162 2341 2172 11
D 2346 213 2 2182 1436 2189 11
D 2347 213 2 2182 1367 2189 11
D 2345 187 3 2029 2346 2033 2347 2191 11
D 2344 141 2 1334 2345 1447 11
D 2349 187 2 2053 2343 2063 11
D 2348 141 2 2000 2349 2003 11
D 2351 187 2 1898 2342 1899 11
D 2350 141 2 2000 2351 2003 11
D 2338 113 5 1619 2339 2174 2344 1607 2348 2194 2350 2197 11
D 2354 187 3 2036 1565 2035 1587 2161 11
D 2356 213 2 2165 1566 2170 11
D 2357 213 2 2165 1588 2170 11
D 2355 187 3 2051 2356 2053 2357 2055 11
D 2353 141 3 1592 2354 2204 2355 2208 11
D 2358 141 2 2211 2345 2212 11
D 2360 187 2 2053 2357 2063 11
D 2359 141 2 1920 2360 2012 11
D 2362 187 2 1898 2356 1899 11
D 2361 141 2 1920 2362 2012 11
D 2352 113 5 1619 2353 2174 2358 1607 2359 2194 2361 2197 11
D 2312 67 6 1683 2313 1330 2328 105 2333 1472 2338 1555 2352 2217 11
D 2220 59 4 1680 2221 1170 2266 93 2312 2219 11
D 2367 79 2 2176 1224 2177 11
D 2368 79 2 2176 1241 2177 28
D 2366 89 2 2367 1303 2368 11
D 2376 169 2 296 304 298 11
D 2377 169 2 296 297 298 28
D 2375 171 2 2376 299 2377 11
D 2378 171 2 2376 313 2377 28
D 2374 175 2 2375 305 2378 11
D 2379 175 2 2375 323 2378 28
D 2373 181 2 2374 1427 2379 11
D 2372 167 2 1782 2373 1784 11
D 2371 153 2 252 2372 331 11
D 2384 309 2 683 721 681 11
D 2387 321 2 698 719 700 11
D 2386 319 2 686 2387 701 11
D 2389 321 2 698 699 700 28
D 2388 319 2 686 2389 701 28
D 2385 323 2 2386 1570 2388 11
D 2390 309 2 683 682 681 28
D 2383 311 2 2384 2385 2390 11
D 2392 323 2 2386 1576 2388 11
D 2391 311 2 2384 2392 2390 11
D 2394 323 2 2386 1579 2388 28
D 2393 311 2 2384 2394 2390 28
D 2382 333 3 2383 722 2391 907 2393 11
D 2395 333 3 2391 1003 2383 1052 2393 11
D 2381 307 3 383 2382 932 2395 1071 11
D 2380 213 2 2144 2381 2147 11
D 2397 167 2 1802 2373 1803 11
D 2396 153 2 1084 2397 1096 11
D 2400 333 3 2383 1102 2391 1127 2393 11
D 2399 307 2 932 2400 1145 11
D 2398 213 2 2144 2399 2147 11
D 2403 181 2 2374 1443 2379 28
D 2402 167 2 1782 2403 1784 28
D 2404 167 2 1802 2403 1803 28
D 2401 153 3 252 2402 1084 2404 1153 28
D 2370 187 3 2371 2380 2396 2398 2401 11
D 2369 141 2 1245 2370 1278 11
D 2405 89 2 2367 1629 2368 28
D 2365 113 2 2366 2369 2405 11
D 2409 153 2 1405 2372 1434 11
D 2411 167 3 1782 2403 271 1148 327 28
D 2410 153 2 1405 2411 1434 28
D 2408 187 3 2035 1530 2409 2347 2410 11
D 2407 141 2 1452 2408 1464 11
D 2414 153 2 1867 2397 1868 11
D 2416 167 3 1802 2403 1088 1276 1095 28
D 2415 153 2 1867 2416 1868 28
D 2413 187 3 1866 1501 2414 2346 2415 11
D 2412 141 2 1452 2413 1464 11
D 2417 89 2 1521 1305 1523 28
D 2406 113 3 1607 2407 2194 2412 2417 11
D 2425 323 2 1389 1380 1392 11
D 2424 311 2 680 2425 720 11
D 2426 311 2 680 1388 720 11
D 2429 325 2 705 1396 716 1400
D 2428 323 2 1389 2429 1392 28
D 2427 311 2 680 2428 720 28
D 2423 333 3 2424 722 2426 907 2427 11
D 2430 333 3 2426 1003 2424 1052 2427 11
D 2422 307 3 383 2423 932 2430 1071 11
D 2421 213 2 2182 2422 2189 11
D 2420 187 3 2035 1587 2409 2421 2410 11
D 2419 141 2 1245 2420 1278 11
D 2435 333 3 2424 1102 2426 1127 2427 11
D 2434 307 2 932 2435 1145 11
D 2433 213 2 2182 2434 2189 11
D 2432 187 3 1866 1565 2414 2433 2415 11
D 2431 141 2 1245 2432 1278 11
D 2418 113 3 1607 2419 2194 2431 2417 11
D 2438 187 2 1257 1435 1274 11
D 2437 141 2 1452 2438 1464 11
D 2440 187 2 251 1366 1287 11
D 2439 141 2 1452 2440 1464 11
D 2442 187 3 2371 2331 2396 2332 2401 11
D 2441 141 2 1452 2442 1464 11
D 2444 79 2 121 1241 151 28
D 2443 89 3 1223 1305 2367 1629 2444 28
D 2436 113 4 1298 2437 1302 2439 2366 2441 2443 11
D 2364 67 5 1218 2365 1472 2406 1555 2418 1330 2436 1220 11
D 2447 89 2 2367 1280 2368 11
D 2450 213 2 1974 2381 1977 11
D 2451 213 2 1974 2399 1977 11
D 2449 187 3 2371 2450 2396 2451 2401 11
D 2448 141 2 1245 2449 1278 11
D 2453 97 2 1179 1630 1182 28
D 2452 89 2 2367 2453 2368 28
D 2446 113 2 2447 2448 2452 11
D 2456 187 3 2409 2295 2035 1530 2410 11
D 2455 141 2 1486 2456 1517 11
D 2458 187 3 2414 2294 1866 1501 2415 11
D 2457 141 2 1486 2458 1517 11
D 2459 89 2 1521 1289 1523 28
D 2454 113 3 1520 2455 2066 2457 2459 11
D 2462 187 3 2409 2299 2035 1587 2410 11
D 2461 141 2 1559 2462 1582 11
D 2464 187 3 2414 2298 1866 1565 2415 11
D 2463 141 2 1559 2464 1582 11
D 2460 113 3 1520 2461 2066 2463 2459 11
D 2467 187 3 2371 2270 2396 2271 2401 11
D 2466 141 2 1452 2467 1464 11
D 2468 89 3 2367 2453 1223 1289 2444 28
D 2465 113 4 1222 2437 1279 2439 2447 2466 2468 11
D 2445 67 5 1218 2446 1472 2454 1555 2460 1330 2465 1220 11
D 2363 59 3 93 2364 1170 2445 1187 11
D 2475 307 3 1203 2382 1207 2395 1208 11
D 2474 213 2 2144 2475 2147 11
D 2477 307 2 1207 2400 1212 11
D 2476 213 2 2144 2477 2147 11
D 2473 187 3 2371 2474 2396 2476 2401 11
D 2472 141 2 1245 2473 1278 11
D 2471 113 2 2366 2472 2405 11
D 2480 187 3 2409 2190 2035 1657 2410 11
D 2479 141 2 1452 2480 1464 11
D 2482 187 3 2414 2181 1866 1654 2415 11
D 2481 141 2 1452 2482 1464 11
D 2478 113 3 1607 2479 2194 2481 2417 11
D 2487 307 3 1203 2423 1207 2430 1208 11
D 2486 213 2 2182 2487 2189 11
D 2485 187 3 2409 2486 2035 1667 2410 11
D 2484 141 2 1245 2485 1278 11
D 2491 307 2 1207 2435 1212 11
D 2490 213 2 2182 2491 2189 11
D 2489 187 3 2414 2490 1866 1663 2415 11
D 2488 141 2 1245 2489 1278 11
D 2483 113 3 1607 2484 2194 2488 2417 11
D 2494 187 2 1257 1645 1274 11
D 2493 141 2 1452 2494 1464 11
D 2496 187 2 251 1643 1287 11
D 2495 141 2 1452 2496 1464 11
D 2498 187 3 2371 2143 2396 2148 2401 11
D 2497 141 2 1452 2498 1464 11
D 2492 113 4 1298 2493 1302 2495 2366 2497 2443 11
D 2470 67 5 1218 2471 1472 2478 1555 2483 1330 2492 1220 11
D 2503 213 2 1974 2475 1977 11
D 2504 213 2 1974 2477 1977 11
D 2502 187 3 2371 2503 2396 2504 2401 11
D 2501 141 2 1245 2502 1278 11
D 2500 113 2 2447 2501 2452 11
D 2507 187 3 2409 2034 2035 1657 2410 11
D 2506 141 2 1486 2507 1517 11
D 2509 187 3 2414 2030 1866 1654 2415 11
D 2508 141 2 1486 2509 1517 11
D 2505 113 3 1520 2506 2066 2508 2459 11
D 2512 187 3 2409 2054 2035 1667 2410 11
D 2511 141 2 1559 2512 1582 11
D 2514 187 3 2414 2052 1866 1663 2415 11
D 2513 141 2 1559 2514 1582 11
D 2510 113 3 1520 2511 2066 2513 2459 11
D 2517 187 3 2371 1973 2396 1979 2401 11
D 2516 141 2 1452 2517 1464 11
D 2515 113 4 1222 2493 1279 2495 2447 2516 2468 11
D 2499 67 5 1218 2500 1472 2505 1555 2510 1330 2515 1220 11
D 2469 59 3 93 2470 1170 2499 1187 11
D 2518 41 2 91 1318 77 1319
D 1325 51 7 1326 1328 1636 1638 1190 1679 76 2220 1215 2363 1306 2469 2518 11
D 73 39 2 74 75 1324 1325
L 2519 36 190
D 2526 187 3 1351 1201 1404 1210 1438 11
D 2525 141 2 201 2526 1155 11
D 2528 187 2 1458 1312 1463 11
D 2527 141 2 1245 2528 1278 11
D 2530 187 2 1351 1315 1467 11
D 2529 141 2 1245 2530 1278 11
D 2524 113 4 1177 2525 1222 2527 1279 2529 1468 11
D 2523 67 2 1218 2524 1295 11
D 2532 113 4 117 2525 1298 2527 1302 2529 1602 11
D 2531 67 2 1218 2532 1295 11
D 2522 59 3 1170 2523 93 2531 1187 11
D 2537 187 3 1351 335 1404 1099 1438 11
D 2536 141 2 201 2537 1155 11
D 2539 187 2 1458 1265 1463 11
D 2538 141 2 1245 2539 1278 11
D 2541 187 2 1351 1286 1467 11
D 2540 141 2 1245 2541 1278 11
D 2535 113 4 1177 2536 1222 2538 1279 2540 1468 11
D 2534 67 2 1218 2535 1295 11
D 2543 113 4 117 2536 1298 2538 1302 2540 1602 11
D 2542 67 2 1218 2543 1295 11
D 2533 59 3 1170 2534 93 2542 1187 11
D 2545 43 2 90 1319 79 28
D 2544 41 2 77 2545 91 28
D 2521 51 3 1636 2522 1326 2533 2544 11
D 2520 39 2 74 2521 1324 11
D 71 37 2 72 73 2519 2520
L 2550 34 5
D 2549 33 2 65 2550 63 11
D 2548 31 2 66 2549 61 11
D 2547 29 2 67 2548 59 11
D 2546 27 2 2 2547 68 11
D 2556 53 2 97 103 95 11
D 2557 53 2 97 96 95 28
D 2555 55 2 2556 98 2557 11
D 2558 55 3 2556 1188 1171 1189 96 28
D 2554 59 3 1170 104 2555 1175 2558 11
D 2559 59 3 1170 1197 2555 1213 2558 11
D 2560 59 3 2555 1217 1170 1296 2558 11
D 2561 59 3 2555 1308 1170 1316 2558 11
D 2553 51 5 76 2554 1190 2559 1215 2560 1306 2561 1318 11
D 2563 59 3 2555 1329 1170 1600 2558 11
D 2564 59 3 2555 1639 1170 1671 2558 11
D 2566 67 2 1683 2092 1968 11
D 2567 67 6 1330 1970 105 2008 1472 2026 1555 2074 1683 1686 2217 11
D 2568 67 5 1330 2140 105 2152 1472 2158 1555 2201 2090 11
D 2569 55 3 2556 1188 1171 100 96 28
D 2565 59 4 1680 2566 2555 2567 1170 2568 2569 11
D 2571 67 2 1683 2313 1968 11
D 2572 67 6 1330 2267 105 2279 1472 2291 1555 2304 1683 2222 2217 11
D 2573 67 5 1330 2328 105 2333 1472 2338 1555 2352 2090 11
D 2570 59 4 1680 2571 2555 2572 1170 2573 2569 11
D 2574 59 3 1170 2364 2555 2445 2558 11
D 2575 59 3 1170 2470 2555 2499 2558 11
D 2562 51 7 1326 2563 1636 2564 1190 2565 76 2570 1215 2574 1306 2575 2518 11
D 2552 39 2 74 2553 1324 2562
D 2578 59 3 2555 2523 1170 2531 2558 11
D 2579 59 3 2555 2534 1170 2542 2558 11
D 2577 51 3 1636 2578 1326 2579 2544 11
D 2576 39 2 74 2577 1324 11
D 2551 37 2 72 2552 2519 2576
D 2583 33 2 63 2550 65 28
D 2582 31 2 61 2583 66 28
D 2585 33 2 65 64 63 28
D 2584 31 2 66 2585 61 28
D 2581 29 2 59 2582 67 2584
D 2580 27 2 2 2581 68 28
D 0 35 3 1 71 2546 2551 2580 11
