c ids of sdd nodes start at 0
c sdd nodes appear bottom-up, children before parents
c
c file syntax:
c sdd count-of-sdd-nodes
c F id-of-false-sdd-node
c T id-of-true-sdd-node
c L id-of-literal-sdd-node id-of-vtree literal
c D id-of-decomposition-sdd-node id-of-vtree number-of-elements {id-of-prime id-of-sub}*
c
sdd 2044
L 1 0 -155
L 5 2 153
L 7 4 137
L 8 6 -148
L 9 4 -137
F 10
D 6 5 2 7 8 9 10
L 11 2 -153
D 4 3 2 5 6 11 10
L 13 8 130
L 14 10 -129
L 15 8 -130
D 12 9 2 13 14 15 10
L 18 6 148
T 19
D 17 5 2 7 18 9 19
D 16 3 2 5 17 11 19
D 3 7 2 4 12 16 10
L 22 12 45
L 24 14 -46
L 25 16 -79
L 26 14 46
D 23 15 2 24 25 26 10
L 27 12 -45
D 21 13 2 22 23 27 10
L 30 18 -353
L 33 20 357
L 34 22 -352
L 35 20 -357
D 32 21 2 33 34 35 10
L 36 24 -431
L 38 22 352
D 37 21 2 33 38 35 19
D 31 23 2 32 36 37 10
L 39 18 353
D 29 19 2 30 31 39 10
L 43 26 -10
L 45 28 9
L 46 30 -61
L 47 28 -9
D 44 29 2 45 46 47 10
L 48 26 10
D 42 27 2 43 44 48 10
L 50 32 1
L 52 34 -2
L 53 36 -59
L 54 34 2
D 51 35 2 52 53 54 10
L 55 32 -1
D 49 33 2 50 51 55 10
L 58 30 61
D 57 29 2 45 58 47 19
D 56 27 2 43 57 48 19
D 41 31 2 42 49 56 10
L 65 38 -63
L 67 40 -14
L 68 42 13
L 69 40 14
D 66 41 2 67 68 69 10
L 70 38 63
D 64 39 2 65 66 70 10
L 72 44 -12
L 74 46 11
L 75 48 -62
L 76 46 -11
D 73 47 2 74 75 76 10
L 77 44 12
D 71 45 2 72 73 77 10
L 80 42 -13
D 79 41 2 67 80 69 19
D 78 39 2 65 79 70 19
D 63 43 2 64 71 78 10
L 82 50 -94
L 84 52 -17
L 86 54 18
L 87 56 65
L 88 54 -18
D 85 55 2 86 87 88 10
L 89 52 17
D 83 53 2 84 85 89 10
L 90 50 94
D 81 51 2 82 83 90 10
L 94 48 62
D 93 47 2 74 94 76 19
D 92 45 2 72 93 77 19
D 91 43 2 64 92 78 19
D 62 49 2 63 81 91 10
L 100 58 -402
L 102 60 41
L 104 62 -42
L 105 64 -77
L 106 62 42
D 103 63 2 104 105 106 10
L 107 60 -41
D 101 61 2 102 103 107 10
L 108 58 402
D 99 59 2 100 101 108 10
L 110 66 290
L 113 68 274
L 115 70 -275
L 116 72 -280
L 117 70 275
D 114 71 2 115 116 117 10
L 118 68 -274
D 112 69 2 113 114 118 10
L 120 74 -287
L 121 76 284
L 122 74 287
D 119 75 2 120 121 122 10
L 125 72 280
D 124 71 2 115 125 117 19
D 123 69 2 113 124 118 19
D 111 73 2 112 119 123 10
L 126 66 -290
D 109 67 2 110 111 126 10
L 130 64 77
D 129 63 2 104 130 106 19
D 128 61 2 102 129 107 19
D 127 59 2 100 128 108 19
D 98 65 2 99 109 127 10
L 131 78 -409
L 136 76 -284
D 135 75 2 120 136 122 19
D 134 73 2 112 135 123 19
D 133 67 2 110 134 126 19
D 132 65 2 99 133 127 19
D 97 77 2 98 131 132 10
L 143 80 291
L 144 82 293
L 145 80 -291
D 142 81 2 143 144 145 10
L 147 84 -294
L 149 86 295
L 151 88 -296
L 152 90 297
L 153 88 296
D 150 89 2 151 152 153 10
L 154 86 -295
D 148 87 2 149 150 154 10
L 155 84 294
D 146 85 2 147 148 155 10
L 157 82 -293
D 156 81 2 143 157 145 19
D 141 83 2 142 146 156 10
L 159 92 -292
L 161 94 299
L 163 96 -298
L 164 98 -300
L 165 96 298
D 162 97 2 163 164 165 10
L 166 94 -299
D 160 95 2 161 162 166 10
L 167 92 292
D 158 93 2 159 160 167 10
L 172 90 -297
D 171 89 2 151 172 153 19
D 170 87 2 149 171 154 19
D 169 85 2 147 170 155 19
D 168 83 2 142 169 156 19
D 140 91 2 141 158 168 10
L 174 100 311
L 180 102 -314
L 181 104 320
L 182 102 314
D 179 103 2 180 181 182 10
L 184 106 -302
L 186 108 301
L 187 110 303
L 188 108 -301
D 185 109 2 186 187 188 10
L 189 106 302
D 183 107 2 184 185 189 10
L 191 104 -320
D 190 103 2 180 191 182 19
D 178 105 2 179 183 190 10
L 193 112 -307
L 194 114 -308
L 195 112 307
D 192 113 2 193 194 195 10
L 199 110 -303
D 198 109 2 186 199 188 19
D 197 107 2 184 198 189 19
D 196 105 2 179 197 190 19
D 177 111 2 178 192 196 10
L 201 116 315
L 202 118 -316
L 203 116 -315
D 200 117 2 201 202 203 10
L 206 114 308
D 205 113 2 193 206 195 19
D 204 111 2 178 205 196 19
D 176 115 2 177 200 204 10
L 207 120 -411
L 210 118 316
D 209 117 2 201 210 203 19
D 208 115 2 177 209 204 19
D 175 119 2 176 207 208 10
L 211 100 -311
D 173 101 2 174 175 211 10
L 216 98 300
D 215 97 2 163 216 165 19
D 214 95 2 161 215 166 19
D 213 93 2 159 214 167 19
D 212 91 2 141 213 168 19
D 139 99 2 140 173 212 10
L 219 122 -328
L 222 124 347
L 223 126 -344
L 224 124 -347
D 221 125 2 222 223 224 10
L 226 128 336
L 228 130 326
L 229 132 -327
L 230 130 -326
D 227 131 2 228 229 230 10
L 231 128 -336
D 225 129 2 226 227 231 10
L 233 126 344
D 232 125 2 222 233 224 19
D 220 127 2 221 225 232 10
L 234 122 328
D 218 123 2 219 220 234 10
L 236 134 427
L 238 136 -428
L 241 138 338
L 243 140 -348
L 244 142 345
L 245 140 348
D 242 141 2 243 244 245 10
L 246 138 -338
D 240 139 2 241 242 246 10
L 247 144 -337
L 250 142 -345
D 249 141 2 243 250 245 19
D 248 139 2 241 249 246 19
D 239 143 2 240 247 248 10
L 251 136 428
D 237 137 2 238 239 251 10
L 252 134 -427
D 235 135 2 236 237 252 10
L 257 132 327
D 256 131 2 228 257 230 19
D 255 129 2 226 256 231 19
D 254 127 2 221 255 232 19
D 253 123 2 219 254 234 19
D 217 133 2 218 235 253 10
L 261 120 411
D 260 119 2 176 261 208 19
D 259 101 2 174 260 211 19
D 258 99 2 140 259 212 19
D 138 121 2 139 217 258 10
L 264 146 -90
L 271 148 -88
L 272 150 -91
L 273 148 88
D 270 149 2 271 272 273 10
L 275 152 -86
L 276 154 -92
L 277 152 86
D 274 153 2 275 276 277 10
L 279 150 91
D 278 149 2 271 279 273 19
D 269 151 2 270 274 278 10
L 282 156 8
L 283 158 60
L 284 156 -8
D 281 157 2 282 283 284 10
L 286 160 -87
L 287 162 -7
L 288 160 87
D 285 161 2 286 287 288 10
L 290 158 -60
D 289 157 2 282 290 284 19
D 280 159 2 281 285 289 10
L 293 154 92
D 292 153 2 275 293 277 19
D 291 151 2 270 292 278 19
D 268 155 2 269 280 291 10
L 297 164 35
L 300 166 -36
L 301 168 -74
L 302 166 36
D 299 167 2 300 301 302 10
L 304 170 111
L 306 172 -112
L 307 174 -125
L 308 172 112
D 305 173 2 306 307 308 10
L 309 170 -111
D 303 171 2 304 305 309 10
L 311 168 74
D 310 167 2 300 311 302 19
D 298 169 2 299 303 310 10
L 312 164 -35
D 296 165 2 297 298 312 10
L 314 176 -365
L 315 178 -366
L 316 176 365
D 313 177 2 314 315 316 10
L 321 174 125
D 320 173 2 306 321 308 19
D 319 171 2 304 320 309 19
D 318 169 2 299 319 310 19
D 317 165 2 297 318 312 19
D 295 175 2 296 313 317 10
L 325 180 -40
L 328 182 -76
L 329 184 39
L 330 182 76
D 327 183 2 328 329 330 10
L 333 186 -114
L 334 188 -126
L 335 186 114
D 332 187 2 333 334 335 10
L 336 190 113
L 338 188 126
D 337 187 2 333 338 335 19
D 331 189 2 332 336 337 10
L 340 184 -39
D 339 183 2 328 340 330 19
D 326 185 2 327 331 339 10
L 341 180 40
D 324 181 2 325 326 341 10
L 343 192 -368
L 344 194 -367
L 345 192 368
D 342 193 2 343 344 345 10
L 349 190 -113
D 348 189 2 332 349 337 19
D 347 185 2 327 348 339 19
D 346 181 2 325 347 341 19
D 323 191 2 324 342 346 10
L 352 196 -44
L 354 198 -369
L 355 200 -370
L 356 198 369
D 353 199 2 354 355 356 10
L 357 196 44
D 351 197 2 352 353 357 10
L 360 202 43
L 361 204 -78
L 362 202 -43
D 359 203 2 360 361 362 10
L 364 206 115
L 366 208 -116
L 367 210 -127
L 368 208 116
D 365 209 2 366 367 368 10
L 369 206 -115
D 363 207 2 364 365 369 10
L 371 204 78
D 370 203 2 360 371 362 19
D 358 205 2 359 363 370 10
L 374 200 370
D 373 199 2 354 374 356 19
D 372 197 2 352 373 357 19
D 350 201 2 351 358 372 10
L 377 194 367
D 376 193 2 343 377 345 19
D 375 191 2 324 376 346 19
D 322 195 2 323 350 375 10
L 380 178 366
D 379 177 2 314 380 316 19
D 378 175 2 296 379 317 19
D 294 179 2 295 322 378 10
L 384 162 7
D 383 161 2 286 384 288 19
D 382 159 2 281 383 289 19
D 381 155 2 269 382 291 19
D 267 163 2 268 294 381 10
L 386 212 -110
L 390 214 109
L 391 216 -124
L 392 214 -109
D 389 215 2 390 391 392 10
L 393 218 57
L 395 216 124
D 394 215 2 390 395 392 19
D 388 217 2 389 393 394 10
L 397 220 -58
L 398 222 -85
L 399 220 58
D 396 221 2 397 398 399 10
L 401 218 -57
D 400 217 2 389 401 394 19
D 387 219 2 388 396 400 10
L 402 212 110
D 385 213 2 386 387 402 10
L 410 210 127
D 409 209 2 366 410 368 19
D 408 207 2 364 409 369 19
D 407 205 2 359 408 370 19
D 406 201 2 351 407 372 19
D 405 195 2 323 406 375 19
D 404 179 2 295 405 378 19
D 403 163 2 268 404 381 19
D 266 211 2 267 385 403 10
L 412 224 -363
L 413 226 -364
L 414 224 363
D 411 225 2 412 413 414 10
L 419 222 85
D 418 221 2 397 419 399 19
D 417 219 2 388 418 400 19
D 416 213 2 386 417 402 19
D 415 211 2 267 416 403 19
D 265 223 2 266 411 415 10
L 420 146 90
D 263 147 2 264 265 420 10
L 423 228 -123
L 427 230 108
L 428 232 106
L 429 230 -108
D 426 231 2 427 428 429 10
L 430 234 -107
L 432 232 -106
D 431 231 2 427 432 429 19
D 425 233 2 426 430 431 10
L 434 236 -145
L 436 238 152
L 438 240 -122
L 439 242 135
L 440 240 122
D 437 241 2 438 439 440 10
L 441 238 -152
D 435 239 2 436 437 441 10
L 442 236 145
D 433 237 2 434 435 442 10
L 444 234 107
D 443 233 2 426 444 431 19
D 424 235 2 425 433 443 10
L 445 228 123
D 422 229 2 423 424 445 10
L 448 244 -362
L 450 246 -147
L 451 248 146
L 452 246 147
D 449 247 2 450 451 452 10
L 453 244 362
D 447 245 2 448 449 453 10
L 455 250 -75
L 457 252 37
L 458 254 -38
L 459 252 -37
D 456 253 2 457 458 459 10
L 460 250 75
D 454 251 2 455 456 460 10
L 463 248 -146
D 462 247 2 450 463 452 19
D 461 245 2 448 462 453 19
D 446 249 2 447 454 461 10
L 469 242 -135
D 468 241 2 438 469 440 19
D 467 239 2 436 468 441 19
D 466 237 2 434 467 442 19
D 465 235 2 425 466 443 19
D 464 229 2 423 465 445 19
D 421 243 2 422 446 464 10
L 473 226 364
D 472 225 2 412 473 414 19
D 471 223 2 266 472 415 19
D 470 147 2 264 471 420 19
D 262 227 2 263 421 470 10
L 479 144 337
D 478 143 2 240 479 248 19
D 477 137 2 238 478 251 19
D 476 135 2 236 477 252 19
D 475 133 2 218 476 253 19
D 474 121 2 139 475 258 19
D 137 145 2 138 262 474 10
L 481 78 409
D 480 77 2 98 481 132 19
D 96 79 2 97 137 480 10
L 485 256 179
L 490 258 -180
L 491 260 -178
L 492 258 180
D 489 259 2 490 491 492 10
L 493 262 183
L 495 260 178
D 494 259 2 490 495 492 19
D 488 261 2 489 493 494 10
L 497 264 -206
L 499 266 200
L 500 268 -192
L 501 266 -200
D 498 267 2 499 500 501 10
L 502 264 206
D 496 265 2 497 498 502 10
L 504 262 -183
D 503 261 2 489 504 494 19
D 487 263 2 488 496 503 10
L 505 270 184
L 509 268 192
D 508 267 2 499 509 501 19
D 507 265 2 497 508 502 19
D 506 263 2 488 507 503 19
D 486 269 2 487 505 506 10
L 510 256 -179
D 484 257 2 485 486 510 10
L 513 272 -174
L 515 274 -373
L 519 276 -163
L 521 278 165
L 522 280 -167
L 523 278 -165
D 520 279 2 521 522 523 10
L 524 276 163
D 518 277 2 519 520 524 10
L 526 282 173
L 528 284 169
L 529 286 -171
L 530 284 -169
D 527 285 2 528 529 530 10
L 531 282 -173
D 525 283 2 526 527 531 10
L 534 280 167
D 533 279 2 521 534 523 19
D 532 277 2 519 533 524 19
D 517 281 2 518 525 532 10
L 536 288 157
L 538 290 -158
L 539 292 159
L 540 290 158
D 537 291 2 538 539 540 10
L 541 288 -157
D 535 289 2 536 537 541 10
L 545 286 171
D 544 285 2 528 545 530 19
D 543 283 2 526 544 531 19
D 542 281 2 518 543 532 19
D 516 287 2 517 535 542 10
L 546 274 373
D 514 275 2 515 516 546 10
L 547 272 174
D 512 273 2 513 514 547 10
L 549 294 -34
L 553 296 187
L 555 298 -186
L 556 300 185
L 557 298 186
D 554 299 2 555 556 557 10
L 558 296 -187
D 552 297 2 553 554 558 10
L 560 302 33
L 561 304 -73
L 562 302 -33
D 559 303 2 560 561 562 10
L 565 300 -185
D 564 299 2 555 565 557 19
D 563 297 2 553 564 558 19
D 551 301 2 552 559 563 10
L 570 306 203
L 572 308 216
L 573 310 -207
L 574 308 -216
D 571 309 2 572 573 574 10
L 575 306 -203
D 569 307 2 570 571 575 10
L 577 312 -193
L 578 314 -194
L 579 312 193
D 576 313 2 577 578 579 10
L 582 310 207
D 581 309 2 572 582 574 19
D 580 307 2 570 581 575 19
D 568 311 2 569 576 580 10
L 584 316 -209
L 585 318 208
L 586 316 209
D 583 317 2 584 585 586 10
L 589 314 194
D 588 313 2 577 589 579 19
D 587 311 2 569 588 580 19
D 567 315 2 568 583 587 10
L 590 320 -379
L 593 318 -208
D 592 317 2 584 593 586 19
D 591 315 2 568 592 587 19
D 566 319 2 567 590 591 10
L 596 304 73
D 595 303 2 560 596 562 19
D 594 301 2 552 595 563 19
D 550 305 2 551 566 594 10
L 597 294 34
D 548 295 2 549 550 597 10
L 603 292 -159
D 602 291 2 538 603 540 19
D 601 289 2 536 602 541 19
D 600 287 2 517 601 542 19
D 599 275 2 515 600 546 19
D 598 273 2 513 599 547 19
D 511 293 2 512 548 598 10
L 606 270 -184
D 605 269 2 487 606 506 19
D 604 257 2 485 605 510 19
D 483 271 2 484 511 604 10
L 610 322 -32
L 613 324 -72
L 614 326 31
L 615 324 72
D 612 325 2 613 614 615 10
L 619 328 103
L 621 330 -104
L 622 332 105
L 623 330 104
D 620 331 2 621 622 623 10
L 624 328 -103
D 618 329 2 619 620 624 10
L 627 334 134
L 629 336 -120
L 631 338 151
L 632 340 -142
L 633 338 -151
D 630 339 2 631 632 633 10
L 634 336 120
D 628 337 2 629 630 634 10
L 635 334 -134
D 626 335 2 627 628 635 10
L 636 342 -121
L 640 340 142
D 639 339 2 631 640 633 19
D 638 337 2 629 639 634 19
D 637 335 2 627 638 635 19
D 625 341 2 626 636 637 10
L 643 332 -105
D 642 331 2 621 643 623 19
D 641 329 2 619 642 624 19
D 617 333 2 618 625 641 10
L 645 344 -361
L 647 346 143
L 648 348 -144
L 649 346 -143
D 646 347 2 647 648 649 10
L 650 344 361
D 644 345 2 645 646 650 10
L 653 342 121
D 652 341 2 626 653 637 19
D 651 333 2 618 652 641 19
D 616 343 2 617 644 651 10
L 655 326 -31
D 654 325 2 613 655 615 19
D 611 327 2 612 616 654 10
L 656 322 32
D 609 323 2 610 611 656 10
L 659 350 391
L 661 352 227
L 664 354 222
L 665 356 -223
L 666 354 -222
D 663 355 2 664 665 666 10
L 668 358 -224
L 670 360 236
L 671 362 -232
L 672 360 -236
D 669 361 2 670 671 672 10
L 673 358 224
D 667 359 2 668 669 673 10
L 675 356 223
D 674 355 2 664 675 666 19
D 662 357 2 663 667 674 10
L 676 352 -227
D 660 353 2 661 662 676 10
L 677 350 -391
D 658 351 2 659 660 677 10
L 679 364 -392
L 682 366 -228
L 684 368 -237
L 685 370 233
L 686 368 237
D 683 369 2 684 685 686 10
L 687 366 228
D 681 367 2 682 683 687 10
L 688 372 229
L 691 370 -233
D 690 369 2 684 691 686 19
D 689 367 2 682 690 687 19
D 680 371 2 681 688 689 10
L 692 364 392
D 678 365 2 679 680 692 10
L 698 362 232
D 697 361 2 670 698 672 19
D 696 359 2 668 697 673 19
D 695 357 2 663 696 674 19
D 694 353 2 661 695 676 19
D 693 351 2 659 694 677 19
D 657 363 2 658 678 693 10
L 704 348 144
D 703 347 2 647 704 649 19
D 702 345 2 645 703 650 19
D 701 343 2 617 702 651 19
D 700 327 2 612 701 654 19
D 699 323 2 610 700 656 19
D 608 349 2 609 657 699 10
L 706 374 -89
L 708 376 -82
L 713 378 100
L 714 380 -101
L 715 378 -100
D 712 379 2 713 714 715 10
L 716 382 102
L 718 380 101
D 717 379 2 713 718 715 19
D 711 381 2 712 716 717 10
L 721 384 -119
L 724 386 133
L 726 388 -139
L 727 390 150
L 728 388 139
D 725 389 2 726 727 728 10
L 729 386 -133
D 723 387 2 724 725 729 10
L 730 392 -118
L 733 390 -150
D 732 389 2 726 733 728 19
D 731 387 2 724 732 729 19
D 722 391 2 723 730 731 10
L 734 384 119
D 720 385 2 721 722 734 10
L 736 394 51
L 737 396 -52
L 738 394 -51
D 735 395 2 736 737 738 10
L 741 392 118
D 740 391 2 723 741 731 19
D 739 385 2 721 740 734 19
D 719 393 2 720 735 739 10
L 743 382 -102
D 742 381 2 712 743 717 19
D 710 383 2 711 719 742 10
L 745 398 -360
L 747 400 140
L 748 402 -141
L 749 400 -140
D 746 401 2 747 748 749 10
L 750 398 360
D 744 399 2 745 746 750 10
L 754 396 52
D 753 395 2 736 754 738 19
D 752 393 2 720 753 739 19
D 751 383 2 711 752 742 19
D 709 397 2 710 744 751 10
L 755 376 82
D 707 377 2 708 709 755 10
L 756 374 89
D 705 375 2 706 707 756 10
L 761 372 -229
D 760 371 2 681 761 689 19
D 759 365 2 679 760 692 19
D 758 363 2 658 759 693 19
D 757 349 2 609 758 699 19
D 607 373 2 608 705 757 10
L 767 320 379
D 766 319 2 567 767 591 19
D 765 305 2 551 766 594 19
D 764 295 2 549 765 597 19
D 763 293 2 512 764 598 19
D 762 271 2 484 763 604 19
D 482 321 2 483 607 762 10
L 775 254 38
D 774 253 2 457 775 459 19
D 773 251 2 455 774 460 19
D 772 249 2 447 773 461 19
D 771 243 2 422 772 464 19
D 770 227 2 263 771 470 19
D 769 145 2 138 770 474 19
D 768 79 2 97 769 480 19
D 95 255 2 96 482 768 10
L 780 56 -65
D 779 55 2 86 780 88 19
D 778 53 2 84 779 89 19
D 777 51 2 82 778 90 19
D 776 49 2 63 777 91 19
D 61 57 2 62 95 776 10
L 784 404 -234
L 787 406 230
L 788 408 -225
L 789 406 -230
D 786 407 2 787 788 789 10
L 790 410 218
L 792 408 225
D 791 407 2 787 792 789 19
D 785 409 2 786 790 791 10
L 793 404 234
D 783 405 2 784 785 793 10
L 796 412 -16
L 798 414 -64
L 800 416 15
L 801 418 93
L 802 416 -15
D 799 417 2 800 801 802 10
L 803 414 64
D 797 415 2 798 799 803 10
L 804 412 16
D 795 413 2 796 797 804 10
L 806 420 -6
L 807 422 5
L 808 420 6
D 805 421 2 806 807 808 10
L 812 418 -93
D 811 417 2 800 812 802 19
D 810 415 2 798 811 803 19
D 809 413 2 796 810 804 19
D 794 419 2 795 805 809 10
L 815 410 -218
D 814 409 2 786 815 791 19
D 813 405 2 784 814 793 19
D 782 411 2 783 794 813 10
L 822 424 -154
L 825 426 156
L 826 428 -138
L 827 426 -156
D 824 427 2 825 826 827 10
L 829 430 149
L 831 432 131
L 832 434 -132
L 833 432 -131
D 830 433 2 831 832 833 10
L 834 430 -149
D 828 431 2 829 830 834 10
L 836 428 138
D 835 427 2 825 836 827 19
D 823 429 2 824 828 835 10
L 837 424 154
D 821 425 2 822 823 837 10
L 838 436 374
L 843 434 132
D 842 433 2 831 843 833 19
D 841 431 2 829 842 834 19
D 840 429 2 824 841 835 19
D 839 425 2 822 840 837 19
D 820 435 2 821 838 839 10
L 846 438 -55
L 848 440 84
L 849 442 56
L 850 440 -84
D 847 441 2 848 849 850 10
L 851 438 55
D 845 439 2 846 847 851 10
L 854 444 375
L 856 446 175
L 859 448 -181
L 860 450 -182
L 861 448 181
D 858 449 2 859 860 861 10
L 863 452 -176
L 864 454 177
L 865 452 176
D 862 453 2 863 864 865 10
L 867 450 182
D 866 449 2 859 867 861 19
D 857 451 2 858 862 866 10
L 868 446 -175
D 855 447 2 856 857 868 10
L 869 444 -375
D 853 445 2 854 855 869 10
L 872 456 -162
L 875 458 161
L 876 460 -160
L 877 458 -161
D 874 459 2 875 876 877 10
L 879 462 -166
L 882 464 168
L 883 466 164
L 884 464 -168
D 881 465 2 882 883 884 10
L 886 468 172
L 887 470 -170
L 888 468 -172
D 885 469 2 886 887 888 10
L 890 466 -164
D 889 465 2 882 890 884 19
D 880 467 2 881 885 889 10
L 891 462 166
D 878 463 2 879 880 891 10
L 893 460 160
D 892 459 2 875 893 877 19
D 873 461 2 874 878 892 10
L 894 456 162
D 871 457 2 872 873 894 10
L 898 472 47
L 901 474 205
L 902 476 -213
L 903 474 -205
D 900 475 2 901 902 903 10
L 905 478 191
L 906 480 -197
L 907 478 -191
D 904 479 2 905 906 907 10
L 909 476 213
D 908 475 2 901 909 903 19
D 899 477 2 900 904 908 10
L 910 472 -47
D 897 473 2 898 899 910 10
L 913 482 -48
L 914 484 -80
L 915 482 48
D 912 483 2 913 914 915 10
L 917 486 -199
L 918 488 198
L 919 486 199
D 916 487 2 917 918 919 10
L 921 484 80
D 920 483 2 913 921 915 19
D 911 485 2 912 916 920 10
L 925 480 197
D 924 479 2 905 925 907 19
D 923 477 2 900 924 908 19
D 922 473 2 898 923 910 19
D 896 481 2 897 911 922 10
L 926 490 -377
L 930 488 -198
D 929 487 2 917 930 919 19
D 928 485 2 912 929 920 19
D 927 481 2 897 928 922 19
D 895 489 2 896 926 927 10
L 936 470 170
D 935 469 2 886 936 888 19
D 934 467 2 881 935 889 19
D 933 463 2 879 934 891 19
D 932 461 2 874 933 892 19
D 931 457 2 872 932 894 19
D 870 471 2 871 895 931 10
L 941 454 -177
D 940 453 2 863 941 865 19
D 939 451 2 858 940 866 19
D 938 447 2 856 939 868 19
D 937 445 2 854 938 869 19
D 852 455 2 853 870 937 10
L 944 442 -56
D 943 441 2 848 944 850 19
D 942 439 2 846 943 851 19
D 844 443 2 845 852 942 10
L 946 436 -374
D 945 435 2 821 946 839 19
D 819 437 2 820 844 945 10
L 949 492 4
L 951 494 -219
L 954 496 214
L 955 498 -215
L 956 496 -214
D 953 497 2 954 955 956 10
L 957 500 -3
L 959 498 215
D 958 497 2 954 959 956 19
D 952 499 2 953 957 958 10
L 960 494 219
D 950 495 2 951 952 960 10
L 961 492 -4
D 948 493 2 949 950 961 10
L 964 502 -386
L 965 504 -378
L 966 502 386
D 963 503 2 964 965 966 10
L 968 506 201
L 969 508 -202
L 970 506 -201
D 967 507 2 968 969 970 10
L 972 504 378
D 971 503 2 964 972 966 19
D 962 505 2 963 967 971 10
L 976 500 3
D 975 499 2 953 976 958 19
D 974 495 2 951 975 960 19
D 973 493 2 949 974 961 19
D 947 501 2 948 962 973 10
L 982 490 377
D 981 489 2 896 982 927 19
D 980 471 2 871 981 931 19
D 979 455 2 853 980 937 19
D 978 443 2 845 979 942 19
D 977 437 2 820 978 945 19
D 818 491 2 819 947 977 10
L 986 510 -385
L 987 512 -405
L 988 510 385
D 985 511 2 986 987 988 10
L 991 514 -358
L 992 516 -354
L 993 514 358
D 990 515 2 991 992 993 10
L 994 518 -395
L 996 516 354
D 995 515 2 991 996 993 19
D 989 517 2 990 994 995 10
L 998 512 405
D 997 511 2 986 998 988 19
D 984 513 2 985 989 997 10
L 1002 520 29
L 1004 522 -30
L 1005 524 -71
L 1006 522 30
D 1003 523 2 1004 1005 1006 10
L 1007 520 -29
D 1001 521 2 1002 1003 1007 10
L 1010 526 238
L 1013 528 220
L 1015 530 -221
L 1016 532 -226
L 1017 530 221
D 1014 531 2 1015 1016 1017 10
L 1018 528 -220
D 1012 529 2 1013 1014 1018 10
L 1020 534 231
L 1021 536 -235
L 1022 534 -231
D 1019 535 2 1020 1021 1022 10
L 1025 532 226
D 1024 531 2 1015 1025 1017 19
D 1023 529 2 1013 1024 1018 19
D 1011 533 2 1012 1019 1023 10
L 1026 526 -238
D 1009 527 2 1010 1011 1026 10
L 1028 538 249
L 1031 540 -397
L 1033 542 263
L 1034 544 -264
L 1035 542 -263
D 1032 543 2 1033 1034 1035 10
L 1036 540 397
D 1030 541 2 1031 1032 1036 10
L 1040 546 -255
L 1041 548 -256
L 1042 546 255
D 1039 547 2 1040 1041 1042 10
L 1044 550 -250
L 1045 552 251
L 1046 550 250
D 1043 551 2 1044 1045 1046 10
L 1048 548 256
D 1047 547 2 1040 1048 1042 19
D 1038 549 2 1039 1043 1047 10
L 1050 554 -262
L 1052 556 270
L 1053 558 259
L 1054 556 -270
D 1051 557 2 1052 1053 1054 10
L 1055 554 262
D 1049 555 2 1050 1051 1055 10
L 1058 552 -251
D 1057 551 2 1044 1058 1046 19
D 1056 549 2 1039 1057 1047 19
D 1037 553 2 1038 1049 1056 10
L 1061 544 264
D 1060 543 2 1033 1061 1035 19
D 1059 541 2 1031 1060 1036 19
D 1029 545 2 1030 1037 1059 10
L 1062 538 -249
D 1027 539 2 1028 1029 1062 10
L 1066 536 235
D 1065 535 2 1020 1066 1022 19
D 1064 533 2 1012 1065 1023 19
D 1063 527 2 1010 1064 1026 19
D 1008 537 2 1009 1027 1063 10
L 1069 524 71
D 1068 523 2 1004 1069 1006 19
D 1067 521 2 1002 1068 1007 19
D 1000 525 2 1001 1008 1067 10
L 1072 560 277
L 1075 562 -285
L 1076 564 288
L 1077 562 285
D 1074 563 2 1075 1076 1077 10
L 1080 566 -278
L 1081 568 -279
L 1082 566 278
D 1079 567 2 1080 1081 1082 10
L 1083 570 281
L 1085 568 279
D 1084 567 2 1080 1085 1082 19
D 1078 569 2 1079 1083 1084 10
L 1087 564 -288
D 1086 563 2 1075 1087 1077 19
D 1073 565 2 1074 1078 1086 10
L 1088 560 -277
D 1071 561 2 1072 1073 1088 10
L 1091 572 -396
L 1093 574 245
L 1097 576 -244
L 1098 578 -246
L 1099 576 244
D 1096 577 2 1097 1098 1099 10
L 1101 580 247
L 1102 582 -248
L 1103 580 -247
D 1100 581 2 1101 1102 1103 10
L 1105 578 246
D 1104 577 2 1097 1105 1099 19
D 1095 579 2 1096 1100 1104 10
L 1108 584 241
L 1110 586 -242
L 1111 588 243
L 1112 586 242
D 1109 587 2 1110 1111 1112 10
L 1113 584 -241
D 1107 585 2 1108 1109 1113 10
L 1115 590 -240
L 1116 592 239
L 1117 590 240
D 1114 591 2 1115 1116 1117 10
L 1120 588 -243
D 1119 587 2 1110 1120 1112 19
D 1118 585 2 1108 1119 1113 19
D 1106 589 2 1107 1114 1118 10
L 1123 582 248
D 1122 581 2 1101 1123 1103 19
D 1121 579 2 1096 1122 1104 19
D 1094 583 2 1095 1106 1121 10
L 1124 574 -245
D 1092 575 2 1093 1094 1124 10
L 1125 572 396
D 1090 573 2 1091 1092 1125 10
L 1127 594 407
L 1129 596 -408
L 1131 598 -282
L 1133 600 283
L 1135 602 286
L 1136 604 -289
L 1137 602 -286
D 1134 603 2 1135 1136 1137 10
L 1138 600 -283
D 1132 601 2 1133 1134 1138 10
L 1139 598 282
D 1130 599 2 1131 1132 1139 10
L 1140 596 408
D 1128 597 2 1129 1130 1140 10
L 1141 594 -407
D 1126 595 2 1127 1128 1141 10
L 1147 592 -239
D 1146 591 2 1115 1147 1117 19
D 1145 589 2 1107 1146 1118 19
D 1144 583 2 1095 1145 1121 19
D 1143 575 2 1093 1144 1124 19
D 1142 573 2 1091 1143 1125 19
D 1089 593 2 1090 1126 1142 10
L 1151 570 -281
D 1150 569 2 1079 1151 1084 19
D 1149 565 2 1074 1150 1086 19
D 1148 561 2 1072 1149 1088 19
D 1070 571 2 1071 1089 1148 10
L 1159 558 -259
D 1158 557 2 1052 1159 1054 19
D 1157 555 2 1050 1158 1055 19
D 1156 553 2 1038 1157 1056 19
D 1155 545 2 1030 1156 1059 19
D 1154 539 2 1028 1155 1062 19
D 1153 537 2 1009 1154 1063 19
D 1152 525 2 1001 1153 1067 19
D 999 559 2 1000 1070 1152 10
L 1162 518 395
D 1161 517 2 990 1162 995 19
D 1160 513 2 985 1161 997 19
D 983 519 2 984 999 1160 10
L 1167 508 202
D 1166 507 2 968 1167 970 19
D 1165 505 2 963 1166 971 19
D 1164 501 2 948 1165 973 19
D 1163 491 2 819 1164 977 19
D 817 509 2 818 983 1163 10
L 1172 606 -404
L 1173 608 -406
L 1174 606 404
D 1171 607 2 1172 1173 1174 10
L 1176 610 -356
L 1178 612 -387
L 1179 614 -390
L 1180 612 387
D 1177 613 2 1178 1179 1180 10
L 1181 610 356
D 1175 611 2 1176 1177 1181 10
L 1183 608 406
D 1182 607 2 1172 1183 1174 19
D 1170 609 2 1171 1175 1182 10
L 1186 616 -421
L 1187 618 -419
L 1188 616 421
D 1185 617 2 1186 1187 1188 10
L 1190 620 -425
L 1191 622 -426
L 1192 620 425
D 1189 621 2 1190 1191 1192 10
L 1194 618 419
D 1193 617 2 1186 1194 1188 19
D 1184 619 2 1185 1189 1193 10
L 1198 614 390
D 1197 613 2 1178 1198 1180 19
D 1196 611 2 1176 1197 1181 19
D 1195 609 2 1171 1196 1182 19
D 1169 615 2 1170 1184 1195 10
L 1202 624 -54
L 1204 626 53
L 1205 628 -83
L 1206 626 -53
D 1203 627 2 1204 1205 1206 10
L 1207 624 54
D 1201 625 2 1202 1203 1207 10
L 1209 630 97
L 1214 632 -28
L 1215 634 27
L 1216 632 28
D 1213 633 2 1214 1215 1216 10
L 1217 636 -70
L 1219 634 -27
D 1218 633 2 1214 1219 1216 19
D 1212 635 2 1213 1217 1218 10
L 1222 638 25
L 1223 640 -26
L 1224 638 -25
D 1221 639 2 1222 1223 1224 10
L 1225 642 -69
L 1227 640 26
D 1226 639 2 1222 1227 1224 19
D 1220 641 2 1221 1225 1226 10
L 1229 636 70
D 1228 635 2 1213 1229 1218 19
D 1211 637 2 1212 1220 1228 10
L 1231 644 -24
L 1233 646 23
L 1234 648 -68
L 1235 646 -23
D 1232 647 2 1233 1234 1235 10
L 1236 644 24
D 1230 645 2 1231 1232 1236 10
L 1239 642 69
D 1238 641 2 1221 1239 1226 19
D 1237 637 2 1212 1238 1228 19
D 1210 643 2 1211 1230 1237 10
L 1240 630 -97
D 1208 631 2 1209 1210 1240 10
L 1243 628 83
D 1242 627 2 1204 1243 1206 19
D 1241 625 2 1202 1242 1207 19
D 1200 629 2 1201 1208 1241 10
L 1246 650 -359
L 1248 652 -432
L 1249 654 -355
L 1250 652 432
D 1247 653 2 1248 1249 1250 10
L 1251 650 359
D 1245 651 2 1246 1247 1251 10
L 1254 656 -433
L 1257 658 -96
L 1259 660 67
L 1261 662 22
L 1262 664 -21
L 1263 662 -22
D 1260 663 2 1261 1262 1263 10
L 1264 660 -67
D 1258 661 2 1259 1260 1264 10
L 1265 658 96
D 1256 659 2 1257 1258 1265 10
L 1267 666 -381
L 1269 668 351
L 1272 670 -430
L 1273 672 -429
L 1274 670 430
D 1271 671 2 1272 1273 1274 10
L 1277 674 -350
L 1278 676 349
L 1279 674 350
D 1276 675 2 1277 1278 1279 10
L 1281 678 342
L 1283 680 -346
L 1284 682 -343
L 1285 680 346
D 1282 681 2 1283 1284 1285 10
L 1286 678 -342
D 1280 679 2 1281 1282 1286 10
L 1288 676 -349
D 1287 675 2 1277 1288 1279 19
D 1275 677 2 1276 1280 1287 10
L 1290 672 429
D 1289 671 2 1272 1290 1274 19
D 1270 673 2 1271 1275 1289 10
L 1291 668 -351
D 1268 669 2 1269 1270 1291 10
L 1292 666 381
D 1266 667 2 1267 1268 1292 10
L 1296 664 21
D 1295 663 2 1261 1296 1263 19
D 1294 661 2 1259 1295 1264 19
D 1293 659 2 1257 1294 1265 19
D 1255 665 2 1256 1266 1293 10
L 1297 656 433
D 1253 657 2 1254 1255 1297 10
L 1299 684 -95
L 1302 686 128
L 1304 688 20
L 1306 690 -19
L 1307 692 66
L 1308 690 19
D 1305 691 2 1306 1307 1308 10
L 1309 688 -20
D 1303 689 2 1304 1305 1309 10
L 1310 686 -128
D 1301 687 2 1302 1303 1310 10
L 1314 694 -136
L 1315 696 -117
L 1316 694 136
D 1313 695 2 1314 1315 1316 10
L 1318 698 98
L 1319 700 -99
L 1320 698 -98
D 1317 699 2 1318 1319 1320 10
L 1322 696 117
D 1321 695 2 1314 1322 1316 19
D 1312 697 2 1313 1317 1321 10
L 1324 702 -371
L 1325 704 -372
L 1326 702 371
D 1323 703 2 1324 1325 1326 10
L 1329 700 99
D 1328 699 2 1318 1329 1320 19
D 1327 697 2 1313 1328 1321 19
D 1311 701 2 1312 1323 1327 10
L 1333 692 -66
D 1332 691 2 1306 1333 1308 19
D 1331 689 2 1304 1332 1309 19
D 1330 687 2 1302 1331 1310 19
D 1300 693 2 1301 1311 1330 10
L 1334 684 95
D 1298 685 2 1299 1300 1334 10
L 1343 682 343
D 1342 681 2 1283 1343 1285 19
D 1341 679 2 1281 1342 1286 19
D 1340 677 2 1276 1341 1287 19
D 1339 673 2 1271 1340 1289 19
D 1338 669 2 1269 1339 1291 19
D 1337 667 2 1267 1338 1292 19
D 1336 665 2 1256 1337 1293 19
D 1335 657 2 1254 1336 1297 19
D 1252 683 2 1253 1298 1335 10
L 1346 654 355
D 1345 653 2 1248 1346 1250 19
D 1344 651 2 1246 1345 1251 19
D 1244 655 2 1245 1252 1344 10
L 1352 648 68
D 1351 647 2 1233 1352 1235 19
D 1350 645 2 1231 1351 1236 19
D 1349 643 2 1211 1350 1237 19
D 1348 631 2 1209 1349 1240 19
D 1347 629 2 1201 1348 1241 19
D 1199 649 2 1200 1244 1347 10
L 1356 622 426
D 1355 621 2 1190 1356 1192 19
D 1354 619 2 1185 1355 1193 19
D 1353 615 2 1170 1354 1195 19
D 1168 623 2 1169 1199 1353 10
L 1367 604 289
D 1366 603 2 1135 1367 1137 19
D 1365 601 2 1133 1366 1138 19
D 1364 599 2 1131 1365 1139 19
D 1363 597 2 1129 1364 1140 19
D 1362 595 2 1127 1363 1141 19
D 1361 593 2 1090 1362 1142 19
D 1360 571 2 1071 1361 1148 19
D 1359 559 2 1000 1360 1152 19
D 1358 519 2 984 1359 1160 19
D 1357 509 2 818 1358 1163 19
D 816 605 2 817 1168 1357 10
L 1371 422 -5
D 1370 421 2 806 1371 808 19
D 1369 419 2 795 1370 809 19
D 1368 411 2 783 1369 813 19
D 781 423 2 782 816 1368 10
L 1381 402 141
D 1380 401 2 747 1381 749 19
D 1379 399 2 745 1380 750 19
D 1378 397 2 710 1379 751 19
D 1377 377 2 708 1378 755 19
D 1376 375 2 706 1377 756 19
D 1375 373 2 608 1376 757 19
D 1374 321 2 483 1375 762 19
D 1373 255 2 96 1374 768 19
D 1372 57 2 62 1373 776 19
D 60 403 2 61 781 1372 10
L 1385 706 -412
L 1387 708 -317
L 1392 710 304
L 1394 712 306
L 1397 714 -309
L 1398 716 -310
L 1399 714 309
D 1396 715 2 1397 1398 1399 10
L 1400 718 -305
L 1402 716 310
D 1401 715 2 1397 1402 1399 19
D 1395 717 2 1396 1400 1401 10
L 1403 712 -306
D 1393 713 2 1394 1395 1403 10
L 1404 710 -304
D 1391 711 2 1392 1393 1404 10
L 1406 720 312
L 1407 722 313
L 1408 720 -312
D 1405 721 2 1406 1407 1408 10
L 1412 718 305
D 1411 717 2 1396 1412 1401 19
D 1410 713 2 1394 1411 1403 19
D 1409 711 2 1392 1410 1404 19
D 1390 719 2 1391 1405 1409 10
L 1414 724 318
L 1415 726 -319
L 1416 724 -318
D 1413 725 2 1414 1415 1416 10
L 1419 722 -313
D 1418 721 2 1406 1419 1408 19
D 1417 719 2 1391 1418 1409 19
D 1389 723 2 1390 1413 1417 10
L 1420 728 -415
L 1423 726 319
D 1422 725 2 1414 1423 1416 19
D 1421 723 2 1390 1422 1417 19
D 1388 727 2 1389 1420 1421 10
L 1424 708 317
D 1386 709 2 1387 1388 1424 10
L 1425 706 412
D 1384 707 2 1385 1386 1425 10
L 1427 730 -420
L 1429 732 -413
L 1431 734 -410
L 1433 736 -325
L 1435 738 324
L 1436 740 -335
L 1437 738 -324
D 1434 739 2 1435 1436 1437 10
L 1438 736 325
D 1432 737 2 1433 1434 1438 10
L 1439 734 410
D 1430 735 2 1431 1432 1439 10
L 1440 732 413
D 1428 733 2 1429 1430 1440 10
L 1441 730 420
D 1426 731 2 1427 1428 1441 10
L 1445 728 415
D 1444 727 2 1389 1445 1421 19
D 1443 709 2 1387 1444 1424 19
D 1442 707 2 1385 1443 1425 19
D 1383 729 2 1384 1426 1442 10
L 1449 742 -376
L 1451 744 49
L 1453 746 -81
L 1454 748 -50
L 1455 746 81
D 1452 747 2 1453 1454 1455 10
L 1456 744 -49
D 1450 745 2 1451 1452 1456 10
L 1457 742 376
D 1448 743 2 1449 1450 1457 10
L 1459 750 -394
L 1461 752 -401
L 1464 754 217
L 1466 756 188
L 1470 758 -196
L 1471 760 190
L 1472 758 196
D 1469 759 2 1470 1471 1472 10
L 1474 762 -189
L 1476 764 204
L 1478 766 -195
L 1479 768 -210
L 1480 766 195
D 1477 767 2 1478 1479 1480 10
L 1481 764 -204
D 1475 765 2 1476 1477 1481 10
L 1482 762 189
D 1473 763 2 1474 1475 1482 10
L 1484 760 -190
D 1483 759 2 1470 1484 1472 19
D 1468 761 2 1469 1473 1483 10
L 1486 770 -380
L 1488 772 211
L 1489 774 -212
L 1490 772 -211
D 1487 773 2 1488 1489 1490 10
L 1491 770 380
D 1485 771 2 1486 1487 1491 10
L 1496 768 210
D 1495 767 2 1478 1496 1480 19
D 1494 765 2 1476 1495 1481 19
D 1493 763 2 1474 1494 1482 19
D 1492 761 2 1469 1493 1483 19
D 1467 769 2 1468 1485 1492 10
L 1497 756 -188
D 1465 757 2 1466 1467 1497 10
L 1498 754 -217
D 1463 755 2 1464 1465 1498 10
L 1499 776 -393
L 1505 774 212
D 1504 773 2 1488 1505 1490 19
D 1503 771 2 1486 1504 1491 19
D 1502 769 2 1468 1503 1492 19
D 1501 757 2 1466 1502 1497 19
D 1500 755 2 1464 1501 1498 19
D 1462 775 2 1463 1499 1500 10
L 1506 752 401
D 1460 753 2 1461 1462 1506 10
L 1507 750 394
D 1458 751 2 1459 1460 1507 10
L 1511 748 50
D 1510 747 2 1453 1511 1455 19
D 1509 745 2 1451 1510 1456 19
D 1508 743 2 1449 1509 1457 19
D 1447 749 2 1448 1458 1508 10
L 1514 778 -418
L 1516 780 -383
L 1519 782 -424
L 1522 784 -341
L 1523 786 333
L 1524 784 341
D 1521 785 2 1522 1523 1524 10
L 1525 788 -334
L 1527 786 -333
D 1526 785 2 1522 1527 1524 19
D 1520 787 2 1521 1525 1526 10
L 1528 782 424
D 1518 783 2 1519 1520 1528 10
L 1530 790 -384
L 1531 792 -382
L 1532 790 384
D 1529 791 2 1530 1531 1532 10
L 1535 788 334
D 1534 787 2 1521 1535 1526 19
D 1533 783 2 1519 1534 1528 19
D 1517 789 2 1518 1529 1533 10
L 1536 780 383
D 1515 781 2 1516 1517 1536 10
L 1537 778 418
D 1513 779 2 1514 1515 1537 10
L 1542 794 -416
L 1543 796 -422
L 1544 794 416
D 1541 795 2 1542 1543 1544 10
L 1545 798 -388
L 1547 796 422
D 1546 795 2 1542 1547 1544 19
D 1540 797 2 1541 1545 1546 10
L 1550 800 -389
L 1552 802 -330
L 1554 804 329
L 1555 806 -339
L 1556 804 -329
D 1553 805 2 1554 1555 1556 10
L 1557 802 330
D 1551 803 2 1552 1553 1557 10
L 1558 800 389
D 1549 801 2 1550 1551 1558 10
L 1559 808 -417
L 1563 806 339
D 1562 805 2 1554 1563 1556 19
D 1561 803 2 1552 1562 1557 19
D 1560 801 2 1550 1561 1558 19
D 1548 807 2 1549 1559 1560 10
L 1565 798 388
D 1564 797 2 1541 1565 1546 19
D 1539 799 2 1540 1548 1564 10
L 1570 810 272
L 1572 812 -273
L 1573 814 -276
L 1574 812 273
D 1571 813 2 1572 1573 1574 10
L 1575 810 -272
D 1569 811 2 1570 1571 1575 10
L 1576 816 -403
L 1579 814 276
D 1578 813 2 1572 1579 1574 19
D 1577 811 2 1570 1578 1575 19
D 1568 815 2 1569 1576 1577 10
L 1581 818 -414
L 1583 820 -323
L 1585 822 321
L 1586 824 -322
L 1587 822 -321
D 1584 823 2 1585 1586 1587 10
L 1588 820 323
D 1582 821 2 1583 1584 1588 10
L 1589 818 414
D 1580 819 2 1581 1582 1589 10
L 1591 816 403
D 1590 815 2 1569 1591 1577 19
D 1567 817 2 1568 1580 1590 10
L 1595 826 -267
L 1597 828 266
L 1598 830 -271
L 1599 828 -266
D 1596 829 2 1597 1598 1599 10
L 1600 826 267
D 1594 827 2 1595 1596 1600 10
L 1602 832 260
L 1607 834 261
L 1608 836 -257
L 1609 834 -261
D 1606 835 2 1607 1608 1609 10
L 1610 838 -265
L 1612 836 257
D 1611 835 2 1607 1612 1609 19
D 1605 837 2 1606 1610 1611 10
L 1614 840 -258
L 1616 842 -253
L 1618 844 254
L 1619 846 252
L 1620 844 -254
D 1617 845 2 1618 1619 1620 10
L 1621 842 253
D 1615 843 2 1616 1617 1621 10
L 1622 840 258
D 1613 841 2 1614 1615 1622 10
L 1624 838 265
D 1623 837 2 1606 1624 1611 19
D 1604 839 2 1605 1613 1623 10
L 1626 848 -400
L 1628 850 -269
L 1629 852 268
L 1630 850 269
D 1627 851 2 1628 1629 1630 10
L 1631 848 400
D 1625 849 2 1626 1627 1631 10
L 1636 846 -252
D 1635 845 2 1618 1636 1620 19
D 1634 843 2 1616 1635 1621 19
D 1633 841 2 1614 1634 1622 19
D 1632 839 2 1605 1633 1623 19
D 1603 847 2 1604 1625 1632 10
L 1637 832 -260
D 1601 833 2 1602 1603 1637 10
L 1640 830 271
D 1639 829 2 1597 1640 1599 19
D 1638 827 2 1595 1639 1600 19
D 1593 831 2 1594 1601 1638 10
L 1642 854 -399
L 1644 856 -398
L 1646 858 -423
L 1648 860 331
L 1650 862 -332
L 1651 864 -340
L 1652 862 332
D 1649 863 2 1650 1651 1652 10
L 1653 860 -331
D 1647 861 2 1648 1649 1653 10
L 1654 858 423
D 1645 859 2 1646 1647 1654 10
L 1655 856 398
D 1643 857 2 1644 1645 1655 10
L 1656 854 399
D 1641 855 2 1642 1643 1656 10
L 1662 852 -268
D 1661 851 2 1628 1662 1630 19
D 1660 849 2 1626 1661 1631 19
D 1659 847 2 1604 1660 1632 19
D 1658 833 2 1602 1659 1637 19
D 1657 831 2 1594 1658 1638 19
D 1592 853 2 1593 1641 1657 10
L 1667 824 322
D 1666 823 2 1585 1667 1587 19
D 1665 821 2 1583 1666 1588 19
D 1664 819 2 1581 1665 1589 19
D 1663 817 2 1568 1664 1590 19
D 1566 825 2 1567 1592 1663 10
L 1670 808 417
D 1669 807 2 1549 1670 1560 19
D 1668 799 2 1540 1669 1564 19
D 1538 809 2 1539 1566 1668 10
L 1675 792 382
D 1674 791 2 1530 1675 1532 19
D 1673 789 2 1518 1674 1533 19
D 1672 781 2 1516 1673 1536 19
D 1671 779 2 1514 1672 1537 19
D 1512 793 2 1513 1538 1671 10
L 1680 776 393
D 1679 775 2 1463 1680 1500 19
D 1678 753 2 1461 1679 1506 19
D 1677 751 2 1459 1678 1507 19
D 1676 749 2 1448 1677 1508 19
D 1446 777 2 1447 1512 1676 10
L 1687 740 335
D 1686 739 2 1435 1687 1437 19
D 1685 737 2 1433 1686 1438 19
D 1684 735 2 1431 1685 1439 19
D 1683 733 2 1429 1684 1440 19
D 1682 731 2 1427 1683 1441 19
D 1681 729 2 1384 1682 1442 19
D 1382 741 2 1383 1446 1681 10
D 1697 259 2 492 495 490 10
D 1698 259 2 492 491 490 19
D 1696 261 2 1697 504 1698 10
D 1700 267 2 501 509 499 10
D 1699 265 2 502 1700 497 10
D 1701 261 2 1697 493 1698 19
D 1695 263 2 1696 1699 1701 10
D 1704 267 2 501 500 499 19
D 1703 265 2 502 1704 497 19
D 1702 263 2 1696 1703 1701 19
D 1694 269 2 1695 606 1702 10
D 1693 257 2 510 1694 485 10
D 1706 269 2 1695 505 1702 19
D 1705 257 2 510 1706 485 19
D 1692 271 2 1693 511 1705 10
D 1707 271 2 1693 763 1705 19
D 1691 321 2 1692 607 1707 10
D 1690 255 2 96 1691 768 10
D 1689 57 2 62 1690 776 10
D 1713 435 2 821 946 839 10
D 1716 441 2 850 944 848 10
D 1715 439 2 851 1716 846 10
D 1718 445 2 869 855 854 10
D 1722 459 2 877 893 875 10
D 1725 465 2 884 890 882 10
D 1726 469 2 888 936 886 10
D 1727 465 2 884 883 882 19
D 1724 467 2 1725 1726 1727 10
D 1723 463 2 891 1724 879 10
D 1728 459 2 877 876 875 19
D 1721 461 2 1722 1723 1728 10
D 1720 457 2 894 1721 872 10
D 1733 469 2 888 887 886 19
D 1732 467 2 1725 1733 1727 19
D 1731 463 2 891 1732 879 19
D 1730 461 2 1722 1731 1728 19
D 1729 457 2 894 1730 872 19
D 1719 471 2 1720 895 1729 10
D 1734 445 2 869 938 854 19
D 1717 455 2 1718 1719 1734 10
D 1736 441 2 850 849 848 19
D 1735 439 2 851 1736 846 19
D 1714 443 2 1715 1717 1735 10
D 1737 435 2 821 838 839 19
D 1712 437 2 1713 1714 1737 10
D 1741 499 2 953 976 958 10
D 1740 495 2 951 1741 960 10
D 1739 493 2 949 950 961 1740
D 1744 499 2 953 957 958 19
D 1743 495 2 951 1744 960 19
D 1742 493 2 961 1743 949 974
D 1738 501 2 1739 962 1742 10
D 1748 471 2 1720 981 1729 19
D 1747 455 2 1718 1748 1734 19
D 1746 443 2 1715 1747 1735 19
D 1745 437 2 1713 1746 1737 19
D 1711 491 2 1712 1738 1745 10
D 1750 501 2 1739 1165 1742 19
D 1749 491 2 1712 1750 1745 19
D 1710 509 2 1711 983 1749 10
D 1751 509 2 1711 1358 1749 19
D 1709 605 2 1710 1168 1751 10
D 1708 423 2 782 1709 1368 10
D 1754 321 2 1692 1375 1707 19
D 1753 255 2 96 1754 768 19
D 1752 57 2 62 1753 776 19
D 1688 403 2 1689 1708 1752 10
D 1759 753 2 1506 1462 1461 10
D 1758 751 2 1459 1759 1507 10
D 1757 749 2 1448 1758 1508 10
D 1764 795 2 1544 1543 1542 10
D 1765 795 2 1544 1547 1542 19
D 1763 797 2 1764 1545 1765 10
D 1766 807 2 1549 1670 1560 10
D 1767 797 2 1764 1565 1765 19
D 1762 799 2 1763 1766 1767 10
D 1769 807 2 1549 1559 1560 19
D 1768 799 2 1763 1769 1767 19
D 1761 809 2 1762 1566 1768 10
D 1760 793 2 1513 1761 1671 10
D 1772 753 2 1506 1679 1461 19
D 1771 751 2 1459 1772 1507 19
D 1770 749 2 1448 1771 1508 19
D 1756 777 2 1757 1760 1770 10
D 1755 741 2 1383 1756 1681 10
L 1784 704 372
D 1783 703 2 1324 1784 1326 19
D 1782 701 2 1312 1783 1327 19
D 1781 693 2 1301 1782 1330 19
D 1780 685 2 1299 1781 1334 19
D 1779 683 2 1253 1780 1335 19
D 1778 655 2 1245 1779 1344 19
D 1777 649 2 1200 1778 1347 19
D 1776 623 2 1169 1777 1353 19
D 1775 605 2 1710 1776 1751 19
D 1774 423 2 782 1775 1368 19
D 1786 605 2 817 1776 1357 19
D 1785 423 2 782 1786 1368 19
D 1791 257 2 485 486 510 1694
D 1792 257 2 485 605 510 1706
D 1790 271 2 1791 511 1792 10
D 1793 271 2 1791 763 1792 19
D 1789 321 2 1790 1375 1793 19
D 1788 255 2 96 1789 768 19
D 1787 57 2 62 1788 776 19
D 1773 403 3 1689 1774 61 1785 1787 19
D 59 705 3 60 1382 1688 1755 1773 10
L 1797 36 59
D 1796 35 2 52 1797 54 19
D 1795 33 2 50 1796 55 19
D 1794 31 2 42 1795 56 19
D 40 37 2 41 59 1794 10
L 1800 24 431
D 1799 23 2 32 1800 37 19
D 1798 19 2 30 1799 39 19
D 28 25 2 29 40 1798 10
L 1803 16 79
D 1802 15 2 24 1803 26 19
D 1801 13 2 22 1802 27 19
D 20 17 2 21 28 1801 10
L 1806 10 129
D 1805 9 2 13 1806 15 19
D 1804 7 2 4 1805 16 19
D 2 11 2 3 20 1804 10
L 1807 0 155
D 1811 5 2 9 18 7 10
D 1810 3 2 11 1811 5 10
D 1812 9 2 15 1806 13 10
D 1814 5 2 9 8 7 19
D 1813 3 2 11 1814 5 19
D 1809 7 2 1810 1812 1813 10
D 1819 21 2 35 34 33 10
D 1820 21 2 35 38 33 19
D 1818 23 2 1819 36 1820 10
D 1817 19 2 30 1818 39 10
D 1829 417 2 802 812 800 10
D 1828 415 2 803 1829 798 10
D 1827 413 2 796 797 804 1828
D 1832 417 2 802 801 800 19
D 1831 415 2 803 1832 798 19
D 1830 413 2 796 810 804 1831
D 1826 419 2 1827 805 1830 10
D 1825 411 2 783 1826 813 10
D 1840 647 2 1235 1352 1233 10
D 1839 645 2 1236 1840 1231 10
D 1838 643 2 1211 1839 1237 10
D 1837 631 2 1240 1838 1209 10
D 1836 629 2 1201 1837 1241 10
D 1847 663 2 1263 1296 1261 10
D 1846 661 2 1264 1847 1259 10
D 1845 659 2 1265 1846 1257 10
D 1852 675 2 1279 1288 1277 10
D 1854 681 2 1285 1343 1283 10
D 1853 679 2 1286 1854 1281 10
D 1855 675 2 1279 1278 1277 19
D 1851 677 2 1852 1853 1855 10
D 1850 673 2 1271 1851 1289 10
D 1849 669 2 1291 1850 1269 10
D 1848 667 2 1267 1849 1292 10
D 1858 663 2 1263 1262 1261 19
D 1857 661 2 1264 1858 1259 19
D 1856 659 2 1265 1857 1257 19
D 1844 665 2 1845 1848 1856 10
D 1843 657 2 1297 1844 1254 10
D 1861 687 2 1310 1303 1302 10
D 1864 695 2 1316 1322 1314 10
D 1865 699 2 1320 1329 1318 10
D 1866 695 2 1316 1315 1314 19
D 1863 697 2 1864 1865 1866 10
D 1868 699 2 1320 1319 1318 19
D 1867 697 2 1864 1868 1866 19
D 1862 701 2 1863 1323 1867 10
D 1869 687 2 1310 1331 1302 19
D 1860 693 2 1861 1862 1869 10
D 1859 685 2 1299 1860 1334 10
D 1877 681 2 1285 1284 1283 19
D 1876 679 2 1286 1877 1281 19
D 1875 677 2 1852 1876 1855 19
D 1874 673 2 1271 1875 1289 19
D 1873 669 2 1291 1874 1269 19
D 1872 667 2 1267 1873 1292 19
D 1871 665 2 1845 1872 1856 19
D 1870 657 2 1297 1871 1254 1336
D 1842 683 3 1843 1298 1253 1859 1870 10
D 1841 655 2 1245 1842 1344 10
D 1882 647 2 1235 1234 1233 19
D 1881 645 2 1236 1882 1231 19
D 1880 643 2 1211 1881 1237 19
D 1879 631 2 1240 1880 1209 19
D 1878 629 2 1201 1879 1241 19
D 1835 649 2 1836 1841 1878 10
D 1834 623 2 1169 1835 1353 10
D 1833 605 2 817 1834 1357 10
D 1884 419 2 1827 1370 1830 19
D 1883 411 2 783 1884 813 19
D 1824 423 2 1825 1833 1883 10
D 1889 55 2 88 780 86 10
D 1888 53 2 89 1889 84 10
D 1887 51 2 90 1888 82 10
D 1886 49 2 63 1887 91 10
D 1893 55 2 88 87 86 19
D 1892 53 2 89 1893 84 19
D 1891 51 2 90 1892 82 19
D 1890 49 2 63 1891 91 19
D 1885 57 2 1886 95 1890 10
D 1897 413 2 804 1828 796 10
D 1898 413 2 804 1831 796 19
D 1896 419 2 1897 805 1898 10
D 1895 411 2 783 1896 813 10
D 1904 515 2 993 992 991 10
D 1905 515 2 993 996 991 19
D 1903 517 2 1904 994 1905 10
D 1902 513 2 985 1903 997 10
D 1912 531 2 1017 1025 1015 10
D 1911 529 2 1018 1912 1013 10
D 1913 535 2 1022 1066 1020 10
D 1915 531 2 1017 1016 1015 19
D 1914 529 2 1018 1915 1013 19
D 1910 533 2 1911 1913 1914 10
D 1909 527 2 1026 1910 1010 10
D 1918 535 2 1022 1021 1020 19
D 1917 533 2 1911 1918 1914 19
D 1916 527 2 1026 1917 1010 19
D 1908 537 2 1909 1027 1916 10
D 1907 525 2 1001 1908 1067 10
D 1920 537 2 1909 1154 1916 19
D 1919 525 2 1001 1920 1067 19
D 1906 559 2 1907 1070 1919 10
D 1922 517 2 1904 1162 1905 19
D 1921 513 2 985 1922 997 19
D 1901 519 2 1902 1906 1921 10
D 1900 509 2 818 1901 1163 10
D 1925 559 2 1907 1360 1919 19
D 1927 517 2 992 1162 996 19
D 1926 513 2 985 1927 997 19
D 1924 519 3 984 1359 1902 1925 1926 19
D 1923 509 2 818 1924 1163 19
D 1899 605 3 1900 1168 817 1834 1923 10
D 1894 423 3 782 1833 1895 1899 1883 10
D 1936 71 2 117 125 115 10
D 1935 69 2 118 1936 113 10
D 1937 75 2 122 136 120 10
D 1939 71 2 117 116 115 19
D 1938 69 2 118 1939 113 19
D 1934 73 2 1935 1937 1938 10
D 1933 67 2 126 1934 110 10
D 1932 65 2 99 1933 127 10
D 1943 75 2 122 121 120 19
D 1942 73 2 1935 1943 1938 19
D 1941 67 2 126 1942 110 19
D 1940 65 2 99 1941 127 19
D 1931 77 2 1932 131 1940 10
D 1944 77 2 1932 481 1940 19
D 1930 79 2 1931 137 1944 10
D 1945 79 2 1931 769 1944 19
D 1929 255 2 1930 482 1945 10
D 1928 57 2 1886 1929 1890 10
D 1951 611 2 1181 1177 1176 10
D 1950 609 2 1171 1951 1182 10
D 1953 611 2 1181 1197 1176 19
D 1952 609 2 1171 1953 1182 19
D 1949 615 2 1950 1184 1952 10
D 1954 615 2 1950 1354 1952 19
D 1948 623 2 1949 1199 1954 10
D 1947 605 2 817 1948 1357 10
D 1946 423 2 782 1947 1368 10
D 1960 67 2 126 1934 110 111
D 1959 65 2 99 1960 127 10
D 1962 67 2 126 1942 110 134
D 1961 65 2 99 1962 127 19
D 1958 77 2 1959 131 1961 10
D 1963 77 2 1959 481 1961 19
D 1957 79 2 1958 137 1963 10
D 1964 79 2 1958 769 1963 19
D 1956 255 2 1957 1374 1964 19
D 1966 51 2 82 778 90 1892
D 1965 49 2 63 1966 91 19
D 1955 57 3 1886 1956 62 1373 1965 19
D 1823 403 4 61 1824 1885 1894 1928 1946 1955 10
D 1969 255 2 1930 1691 1945 10
D 1968 57 2 1886 1969 1890 10
D 1971 605 2 1710 1948 1751 10
D 1970 423 2 782 1971 1368 10
D 1972 57 2 1886 1690 1890 10
D 1975 509 2 1711 1901 1749 10
D 1976 509 2 1711 1924 1749 19
D 1974 605 3 1975 1168 1710 1834 1976 10
D 1977 605 2 1710 1834 1751 10
D 1973 423 3 1895 1974 782 1977 1883 10
D 1986 427 2 827 836 825 10
D 1988 433 2 833 843 831 10
D 1987 431 2 834 1988 829 10
D 1989 427 2 827 826 825 19
D 1985 429 2 1986 1987 1989 10
D 1984 425 2 837 1985 822 10
D 1993 433 2 833 832 831 19
D 1992 431 2 834 1993 829 19
D 1991 429 2 1986 1992 1989 19
D 1990 425 2 837 1991 822 19
D 1983 435 2 1984 946 1990 10
D 1994 435 2 1984 838 1990 19
D 1982 437 2 1983 1714 1994 10
D 1995 437 2 1983 1746 1994 19
D 1981 491 2 1982 1738 1995 10
D 1996 491 2 1982 1750 1995 19
D 1980 509 2 1981 983 1996 10
D 2000 651 2 1251 1247 1246 10
D 2001 651 2 1251 1345 1246 19
D 1999 655 2 2000 1252 2001 10
D 1998 649 2 1200 1999 1347 10
D 1997 623 2 1169 1998 1353 10
D 2006 425 2 837 1985 822 823
D 2007 425 2 837 1991 822 840
D 2005 435 2 2006 946 2007 10
D 2008 435 2 2006 838 2007 19
D 2004 437 2 2005 1714 2008 10
D 2009 437 2 2005 1746 2008 19
D 2003 491 2 2004 1738 2009 10
D 2010 491 2 2004 1750 2009 19
D 2002 509 2 2003 1358 2010 19
D 1979 605 3 1980 1997 1710 1834 2002 10
D 1978 423 3 782 1977 1895 1979 1883 10
D 2012 255 2 1957 1754 1964 19
D 2011 57 3 1886 2012 62 1753 1965 19
D 1967 403 4 1968 1970 1972 1973 1689 1978 2011 10
D 2016 623 2 1949 1777 1954 19
D 2015 605 2 1710 2016 1751 19
D 2014 423 2 782 2015 1368 19
D 2025 701 2 1863 1783 1867 19
D 2024 693 2 1861 2025 1869 19
D 2023 685 2 1299 2024 1334 19
D 2022 683 3 1253 2023 1843 1780 1870 19
D 2021 655 2 1245 2022 1344 19
D 2020 649 2 1836 2021 1878 19
D 2019 623 2 1169 2020 1353 19
D 2018 605 3 1975 1776 1710 2019 1976 19
D 2026 605 2 1710 2019 1751 19
D 2017 423 3 1895 2018 782 2026 1883 19
D 2031 655 2 2000 1779 2001 19
D 2030 649 2 1200 2031 1347 19
D 2029 623 2 1169 2030 1353 19
D 2028 605 3 1710 2019 1980 2029 2002 19
D 2027 423 3 1895 2028 782 2026 1883 19
D 2033 605 2 817 2016 1357 19
D 2032 423 2 782 2033 1368 19
D 2035 605 3 1900 1776 817 2019 1923 19
D 2036 605 2 817 2019 1357 19
D 2034 423 3 1895 2035 782 2036 1883 19
D 2037 423 2 1825 2036 1883 19
D 2039 255 2 1957 1789 1964 19
D 2038 57 3 1886 2039 62 1788 1965 19
D 2013 403 7 1968 2014 1972 2017 1689 2027 1928 2032 1885 2034 61 2037 2038 19
D 1822 705 3 1823 1382 1967 1755 2013 10
D 1821 37 2 41 1822 1794 10
D 2041 23 2 1819 1800 1820 19
D 2040 19 2 30 2041 39 19
D 1816 25 2 1817 1821 2040 10
D 1815 17 2 21 1816 1801 10
D 2043 9 2 15 14 13 19
D 2042 7 2 1810 2043 1813 19
D 1808 11 2 1809 1815 2042 10
D 0 1 2 1 2 1807 1808
