c ids of sdd nodes start at 0
c sdd nodes appear bottom-up, children before parents
c
c file syntax:
c sdd count-of-sdd-nodes
c F id-of-false-sdd-node
c T id-of-true-sdd-node
c L id-of-literal-sdd-node id-of-vtree literal
c D id-of-decomposition-sdd-node id-of-vtree number-of-elements {id-of-prime id-of-sub}*
c
sdd 2050
L 1 0 -160
L 4 2 -162
L 6 4 161
L 8 6 164
L 9 8 -167
L 10 6 -164
F 11
D 7 7 2 8 9 10 11
L 12 4 -161
D 5 5 2 6 7 12 11
L 13 2 162
D 3 3 2 4 5 13 11
L 18 10 -171
L 19 12 168
L 20 10 171
D 17 11 2 18 19 20 11
L 21 14 173
L 23 12 -168
T 24
D 22 11 2 18 23 20 24
D 16 13 2 17 21 22 11
L 26 16 57
L 28 18 -58
L 29 20 -59
L 30 18 58
D 27 19 2 28 29 30 11
L 31 16 -57
D 25 17 2 26 27 31 11
L 33 14 -173
D 32 13 2 17 33 22 24
D 15 15 2 16 25 32 11
L 39 22 203
L 41 24 -215
L 42 26 218
L 43 24 215
D 40 25 2 41 42 43 11
L 44 22 -203
D 38 23 2 39 40 44 11
L 47 28 -176
L 48 30 -177
L 49 28 176
D 46 29 2 47 48 49 11
L 51 32 -179
L 52 34 178
L 53 32 179
D 50 33 2 51 52 53 11
L 55 30 177
D 54 29 2 47 55 49 24
D 45 31 2 46 50 54 11
L 58 26 -218
D 57 25 2 41 58 43 24
D 56 23 2 39 57 44 24
D 37 27 2 38 45 56 11
L 60 36 -196
L 62 38 175
L 63 40 195
L 64 38 -175
D 61 39 2 62 63 64 11
L 65 36 196
D 59 37 2 60 61 65 11
L 69 34 -178
D 68 33 2 51 69 53 24
D 67 31 2 46 68 54 24
D 66 27 2 38 67 56 24
D 36 35 2 37 59 66 11
L 71 42 204
L 72 44 -205
L 73 42 -204
D 70 43 2 71 72 73 11
L 77 40 -195
D 76 39 2 62 77 64 24
D 75 37 2 60 76 65 24
D 74 35 2 37 75 66 24
D 35 41 2 36 70 74 11
L 79 46 -365
L 82 48 -154
L 83 50 362
L 84 48 154
D 81 49 2 82 83 84 11
L 87 52 -369
L 89 54 434
L 91 56 -437
L 93 58 231
L 95 60 -226
L 96 62 227
L 97 60 226
D 94 61 2 95 96 97 11
L 98 58 -231
D 92 59 2 93 94 98 11
L 99 56 437
D 90 57 2 91 92 99 11
L 100 54 -434
D 88 55 2 89 90 100 11
L 101 52 369
D 86 53 2 87 88 101 11
L 105 64 155
L 106 66 156
L 107 64 -155
D 104 65 2 105 106 107 11
L 109 68 -139
L 111 70 -150
L 112 72 138
L 113 70 150
D 110 71 2 111 112 113 11
L 114 68 139
D 108 69 2 109 110 114 11
L 116 66 -156
D 115 65 2 105 116 107 24
D 103 67 2 104 108 115 11
L 118 74 -370
L 122 76 -341
L 124 78 -343
L 125 80 -340
L 126 78 343
D 123 79 2 124 125 126 11
L 127 76 341
D 121 77 2 122 123 127 11
L 128 82 -427
L 131 80 340
D 130 79 2 124 131 126 24
D 129 77 2 122 130 127 24
D 120 81 2 121 128 129 11
L 134 84 5
L 135 86 -6
L 136 84 -5
D 133 85 2 134 135 136 11
L 139 88 -406
L 141 90 -413
L 142 92 -375
L 143 90 413
D 140 91 2 141 142 143 11
L 144 88 406
D 138 89 2 139 140 144 11
L 149 94 430
L 151 96 -86
L 153 98 -34
L 158 100 -35
L 159 102 33
L 160 100 35
D 157 101 2 158 159 160 11
L 164 104 105
L 166 106 -106
L 167 108 -107
L 168 106 106
D 165 107 2 166 167 168 11
L 169 104 -105
D 163 105 2 164 165 169 11
L 171 110 -109
L 172 112 108
L 173 110 109
D 170 111 2 171 172 173 11
L 176 108 107
D 175 107 2 166 176 168 24
D 174 105 2 164 175 169 24
D 162 109 2 163 170 174 11
L 178 114 130
L 180 116 143
L 181 118 -131
L 182 116 -143
D 179 117 2 180 181 182 11
L 183 114 -130
D 177 115 2 178 179 183 11
L 186 112 -108
D 185 111 2 171 186 173 24
D 184 109 2 163 185 174 24
D 161 113 2 162 177 184 11
L 188 102 -33
D 187 101 2 158 188 160 24
D 156 103 2 157 161 187 11
L 190 120 144
L 191 122 -145
L 192 120 -144
D 189 121 2 190 191 192 11
L 197 118 131
D 196 117 2 180 197 182 24
D 195 115 2 178 196 183 24
D 194 113 2 162 195 184 24
D 193 103 2 157 194 187 24
D 155 119 2 156 189 193 11
L 198 124 -349
L 201 122 145
D 200 121 2 190 201 192 24
D 199 119 2 156 200 193 24
D 154 123 2 155 198 199 11
L 202 98 34
D 152 99 2 153 154 202 11
L 203 96 86
D 150 97 2 151 152 203 11
L 204 94 -430
D 148 95 2 149 150 204 11
L 209 126 -382
L 210 128 -374
L 211 126 382
D 208 127 2 209 210 211 11
L 214 130 222
L 215 132 -223
L 216 130 -222
D 213 131 2 214 215 216 11
L 218 134 -229
L 219 136 435
L 220 134 229
D 217 135 2 218 219 220 11
L 222 132 223
D 221 131 2 214 222 216 24
D 212 133 2 213 217 221 11
L 224 128 374
D 223 127 2 209 224 211 24
D 207 129 2 208 212 223 11
L 227 138 45
L 230 140 -46
L 231 142 -47
L 232 140 46
D 229 141 2 230 231 232 11
L 234 144 -122
L 236 146 -123
L 237 148 121
L 238 146 123
D 235 147 2 236 237 238 11
L 239 144 122
D 233 145 2 234 235 239 11
L 241 142 47
D 240 141 2 230 241 232 24
D 228 143 2 229 233 240 11
L 242 138 -45
D 226 139 2 227 228 242 11
L 249 150 76
L 250 152 -7
L 251 150 -76
D 248 151 2 249 250 251 11
L 253 154 -87
L 255 156 -91
L 256 158 8
L 257 156 91
D 254 157 2 255 256 257 11
L 258 154 87
D 252 155 2 253 254 258 11
L 260 152 7
D 259 151 2 249 260 251 24
D 247 153 2 248 252 259 11
L 262 160 -90
L 264 162 -88
L 265 164 -92
L 266 162 88
D 263 163 2 264 265 266 11
L 267 160 90
D 261 161 2 262 263 267 11
L 271 158 -8
D 270 157 2 255 271 257 24
D 269 155 2 253 270 258 24
D 268 153 2 248 269 259 24
D 246 159 2 247 261 268 11
L 272 166 -89
L 276 164 92
D 275 163 2 264 276 266 24
D 274 161 2 262 275 267 24
D 273 159 2 247 274 268 24
D 245 165 2 246 272 273 11
L 280 168 -52
L 282 170 -53
L 283 172 51
L 284 170 53
D 281 171 2 282 283 284 11
L 285 168 52
D 279 169 2 280 281 285 11
L 288 174 124
L 290 176 -125
L 291 178 -126
L 292 176 125
D 289 177 2 290 291 292 11
L 293 174 -124
D 287 175 2 288 289 293 11
L 295 180 -357
L 296 182 -358
L 297 180 357
D 294 181 2 295 296 297 11
L 300 178 126
D 299 177 2 290 300 292 24
D 298 175 2 288 299 293 24
D 286 179 2 287 294 298 11
L 303 172 -51
D 302 171 2 282 303 284 24
D 301 169 2 280 302 285 24
D 278 173 2 279 286 301 11
L 307 184 -73
L 310 186 -74
L 311 188 72
L 312 186 74
D 309 187 2 310 311 312 11
L 314 190 115
L 316 192 -116
L 317 194 -117
L 318 192 116
D 315 193 2 316 317 318 11
L 319 190 -115
D 313 191 2 314 315 319 11
L 321 188 -72
D 320 187 2 310 321 312 24
D 308 189 2 309 313 320 11
L 322 184 73
D 306 185 2 307 308 322 11
L 324 196 -351
L 325 198 -352
L 326 196 351
D 323 197 2 324 325 326 11
L 331 194 117
D 330 193 2 316 331 318 24
D 329 191 2 314 330 319 24
D 328 189 2 309 329 320 24
D 327 185 2 307 328 322 24
D 305 195 2 306 323 327 11
L 334 200 -40
L 337 202 -41
L 338 204 39
L 339 202 41
D 336 203 2 337 338 339 11
L 341 206 -119
L 343 208 118
L 344 210 -120
L 345 208 -118
D 342 209 2 343 344 345 11
L 346 206 119
D 340 207 2 341 342 346 11
L 348 204 -39
D 347 203 2 337 348 339 24
D 335 205 2 336 340 347 11
L 349 200 40
D 333 201 2 334 335 349 11
L 351 212 -353
L 352 214 -354
L 353 212 353
D 350 213 2 351 352 353 11
L 358 210 120
D 357 209 2 343 358 345 24
D 356 207 2 341 357 346 24
D 355 205 2 336 356 347 24
D 354 201 2 334 355 349 24
D 332 211 2 333 350 354 11
L 361 198 352
D 360 197 2 324 361 326 24
D 359 195 2 306 360 327 24
D 304 199 2 305 332 359 11
L 365 182 358
D 364 181 2 295 365 297 24
D 363 179 2 287 364 298 24
D 362 173 2 279 363 301 24
D 277 183 2 278 304 362 11
L 367 166 89
D 366 165 2 246 367 273 24
D 244 167 2 245 277 366 11
L 369 216 -355
L 370 218 -356
L 371 216 355
D 368 217 2 369 370 371 11
L 377 214 354
D 376 213 2 351 377 353 24
D 375 211 2 333 376 354 24
D 374 199 2 305 375 359 24
D 373 183 2 278 374 362 24
D 372 167 2 245 373 366 24
D 243 215 2 244 368 372 11
L 382 148 -121
D 381 147 2 236 382 238 24
D 380 145 2 234 381 239 24
D 379 143 2 229 380 240 24
D 378 139 2 227 379 242 24
D 225 149 2 226 243 378 11
L 386 136 -435
D 385 135 2 218 386 220 24
D 384 133 2 213 385 221 24
D 383 129 2 208 384 223 24
D 206 137 2 207 225 383 11
L 389 220 -383
L 391 222 433
L 392 224 381
L 393 222 -433
D 390 223 2 391 392 393 11
L 394 220 383
D 388 221 2 389 390 394 11
L 398 226 432
L 401 228 -26
L 402 230 -27
L 403 228 26
D 400 229 2 401 402 403 11
L 404 232 25
L 406 230 27
D 405 229 2 401 406 403 24
D 399 231 2 400 404 405 11
L 407 226 -432
D 397 227 2 398 399 407 11
L 410 234 -407
L 411 236 444
L 412 234 407
D 409 235 2 410 411 412 11
L 413 238 431
L 415 236 -444
D 414 235 2 410 415 412 24
D 408 237 2 409 413 414 11
L 418 232 -25
D 417 231 2 400 418 405 24
D 416 227 2 398 417 407 24
D 396 233 2 397 408 416 11
L 421 240 230
L 423 242 -224
L 424 244 225
L 425 242 224
D 422 243 2 423 424 425 11
L 426 240 -230
D 420 241 2 421 422 426 11
L 427 246 -436
L 430 244 -225
D 429 243 2 423 430 425 24
D 428 241 2 421 429 426 24
D 419 245 2 420 427 428 11
L 433 238 -431
D 432 237 2 409 433 414 24
D 431 233 2 397 432 416 24
D 395 239 2 396 419 431 11
L 436 224 -381
D 435 223 2 391 436 393 24
D 434 221 2 389 435 394 24
D 387 225 2 388 395 434 11
L 441 218 356
D 440 217 2 369 441 371 24
D 439 215 2 244 440 372 24
D 438 149 2 226 439 378 24
D 437 137 2 207 438 383 24
D 205 219 2 206 387 437 11
L 446 124 349
D 445 123 2 155 446 199 24
D 444 99 2 153 445 202 24
D 443 97 2 151 444 203 24
D 442 95 2 149 443 204 24
D 147 125 2 148 205 442 11
L 450 248 -149
L 452 250 -137
L 453 252 136
L 454 250 137
D 451 251 2 452 453 454 11
L 455 248 149
D 449 249 2 450 451 455 11
L 458 254 -151
L 460 256 152
L 461 258 153
L 462 256 -152
D 459 257 2 460 461 462 11
L 463 254 151
D 457 255 2 458 459 463 11
L 465 260 -361
L 467 262 157
L 473 264 -158
L 474 266 159
L 475 264 158
D 472 265 2 473 474 475 11
L 477 268 165
L 479 270 -166
L 480 272 -163
L 481 270 166
D 478 271 2 479 480 481 11
L 482 268 -165
D 476 269 2 477 478 482 11
L 484 266 -159
D 483 265 2 473 484 475 24
D 471 267 2 472 476 483 11
L 485 274 169
L 489 272 163
D 488 271 2 479 489 481 24
D 487 269 2 477 488 482 24
D 486 267 2 472 487 483 24
D 470 273 2 471 485 486 11
L 491 276 -170
L 493 278 -174
L 494 280 172
L 495 278 174
D 492 279 2 493 494 495 11
L 496 276 170
D 490 277 2 491 492 496 11
L 498 274 -169
D 497 273 2 471 498 486 24
D 469 275 2 470 490 497 11
L 502 282 36
L 504 284 -37
L 505 286 -38
L 506 284 37
D 503 285 2 504 505 506 11
L 507 282 -36
D 501 283 2 502 503 507 11
L 509 288 -200
L 512 290 209
L 514 292 199
L 515 294 185
L 516 292 -199
D 513 293 2 514 515 516 11
L 517 290 -209
D 511 291 2 512 513 517 11
L 520 296 -186
L 522 298 -187
L 523 300 188
L 524 298 187
D 521 299 2 522 523 524 11
L 525 296 186
D 519 297 2 520 521 525 11
L 526 302 -189
L 529 300 -188
D 528 299 2 522 529 524 24
D 527 297 2 520 528 525 24
D 518 301 2 519 526 527 11
L 532 294 -185
D 531 293 2 514 532 516 24
D 530 291 2 512 531 517 24
D 510 295 2 511 518 530 11
L 533 288 200
D 508 289 2 509 510 533 11
L 536 286 38
D 535 285 2 504 536 506 24
D 534 283 2 502 535 507 24
D 500 287 2 501 508 534 11
L 538 304 -367
L 540 306 -211
L 541 308 210
L 542 306 211
D 539 307 2 540 541 542 11
L 543 304 367
D 537 305 2 538 539 543 11
L 548 302 189
D 547 301 2 519 548 527 24
D 546 295 2 511 547 530 24
D 545 289 2 509 546 533 24
D 544 287 2 501 545 534 24
D 499 303 2 500 537 544 11
L 552 280 -172
D 551 279 2 493 552 495 24
D 550 277 2 491 551 496 24
D 549 275 2 470 550 497 24
D 468 281 2 469 499 549 11
L 553 262 -157
D 466 263 2 467 468 553 11
L 554 260 361
D 464 261 2 465 466 554 11
L 557 258 -153
D 556 257 2 460 557 462 24
D 555 255 2 458 556 463 24
D 456 259 2 457 464 555 11
L 560 252 -136
D 559 251 2 452 560 454 24
D 558 249 2 450 559 455 24
D 448 253 2 449 456 558 11
L 563 310 -426
L 565 312 429
L 566 314 -409
L 567 312 -429
D 564 313 2 565 566 567 11
L 568 310 426
D 562 311 2 563 564 568 11
L 571 316 93
L 574 318 -16
L 575 320 15
L 576 318 16
D 573 319 2 574 575 576 11
L 577 322 -80
L 579 320 -15
D 578 319 2 574 579 576 24
D 572 321 2 573 577 578 11
L 580 316 -93
D 582 319 2 576 579 574 11
L 583 322 80
D 584 319 2 576 575 574 24
D 581 321 2 582 583 584 11
D 570 317 2 571 572 580 581
L 586 324 81
L 589 326 -17
L 590 328 18
L 591 326 17
D 588 327 2 589 590 591 11
L 592 330 -94
L 594 328 -18
D 593 327 2 589 594 591 24
D 587 329 2 588 592 593 11
L 595 324 -81
D 585 325 2 586 587 595 11
D 597 321 2 573 583 578 24
D 598 321 2 582 577 584 24
D 596 317 2 571 597 580 598
D 569 323 2 570 585 596 11
L 601 314 409
D 600 313 2 565 601 567 24
D 599 311 2 563 600 568 24
D 561 315 2 562 569 599 11
L 610 308 -210
D 609 307 2 540 610 542 24
D 608 305 2 538 609 543 24
D 607 303 2 500 608 544 24
D 606 281 2 469 607 549 24
D 605 263 2 467 606 553 24
D 604 261 2 465 605 554 24
D 603 259 2 457 604 555 24
D 602 253 2 449 603 558 24
D 447 309 2 448 561 602 11
L 616 246 436
D 615 245 2 420 616 428 24
D 614 239 2 396 615 431 24
D 613 225 2 388 614 434 24
D 612 219 2 206 613 437 24
D 611 125 2 148 612 442 24
D 146 247 2 147 447 611 11
L 621 332 -344
L 622 334 -345
L 623 332 344
D 620 333 2 621 622 623 11
L 625 336 -97
L 628 338 -23
L 629 340 24
L 630 338 23
D 627 339 2 628 629 630 11
L 631 342 84
L 633 340 -24
D 632 339 2 628 633 630 24
D 626 341 2 627 631 632 11
L 634 336 97
D 624 337 2 625 626 634 11
L 636 334 345
D 635 333 2 621 636 623 24
D 619 335 2 620 624 635 11
L 640 344 -346
L 641 346 -347
L 642 344 346
D 639 345 2 640 641 642 11
L 644 348 -359
L 646 350 -19
L 648 352 20
L 650 354 -95
L 651 356 82
L 652 354 95
D 649 355 2 650 651 652 11
L 653 352 -20
D 647 353 2 648 649 653 11
L 654 350 19
D 645 351 2 646 647 654 11
L 655 348 359
D 643 349 2 644 645 655 11
L 657 346 347
D 656 345 2 640 657 642 24
D 638 347 2 639 643 656 11
L 659 358 -414
L 662 360 428
L 665 362 -380
L 666 364 -339
L 667 362 380
D 664 363 2 665 666 667 11
L 671 366 -323
L 673 368 324
L 674 370 333
L 675 368 -324
D 672 369 2 673 674 675 11
L 676 366 323
D 670 367 2 671 672 676 11
L 677 372 445
L 680 370 -333
D 679 369 2 673 680 675 24
D 678 367 2 671 679 676 24
D 669 371 2 670 677 678 11
L 683 374 337
L 684 376 -338
L 685 374 -337
D 682 375 2 683 684 685 11
L 687 378 -424
L 688 380 -425
L 689 378 424
D 686 379 2 687 688 689 11
L 691 376 338
D 690 375 2 683 691 685 24
D 681 377 2 682 686 690 11
L 693 372 -445
D 692 371 2 670 693 678 24
D 668 373 2 669 681 692 11
L 695 364 339
D 694 363 2 665 695 667 24
D 663 365 2 664 668 694 11
L 696 360 -428
D 661 361 2 662 663 696 11
L 700 382 21
L 702 384 -22
L 704 386 96
L 705 388 -83
L 706 386 -96
D 703 387 2 704 705 706 11
L 707 384 22
D 701 385 2 702 703 707 11
L 708 382 -21
D 699 383 2 700 701 708 11
L 710 390 -395
L 713 392 98
L 714 394 -99
L 715 392 -98
D 712 393 2 713 714 715 11
L 717 396 134
L 719 398 -127
L 720 400 -135
L 721 398 127
D 718 399 2 719 720 721 11
L 722 396 -134
D 716 397 2 717 718 722 11
L 724 394 99
D 723 393 2 713 724 715 24
D 711 395 2 712 716 723 11
L 725 390 395
D 709 391 2 710 711 725 11
L 729 388 83
D 728 387 2 704 729 706 24
D 727 385 2 702 728 707 24
D 726 383 2 700 727 708 24
D 698 389 2 699 709 726 11
L 730 402 -360
L 736 400 135
D 735 399 2 719 736 721 24
D 734 397 2 717 735 722 24
D 733 395 2 712 734 723 24
D 732 391 2 710 733 725 24
D 731 389 2 699 732 726 24
D 697 401 2 698 730 731 11
D 739 363 2 665 695 667 11
D 743 369 2 675 680 673 11
D 742 367 2 676 743 671 11
D 745 369 2 675 674 673 24
D 744 367 2 676 745 671 24
D 741 371 2 742 677 744 11
D 747 375 2 685 691 683 11
D 748 375 2 685 684 683 24
D 746 377 2 747 686 748 11
D 749 371 2 742 693 744 24
D 740 373 2 741 746 749 11
D 750 363 2 665 666 667 24
D 738 365 2 739 740 750 11
D 737 361 2 696 738 662 11
D 755 387 2 706 729 704 11
D 754 385 2 707 755 702 11
D 753 383 2 708 754 700 11
D 758 393 2 715 724 713 11
D 760 399 2 721 736 719 11
D 759 397 2 722 760 717 11
D 761 393 2 715 714 713 24
D 757 395 2 758 759 761 11
D 756 391 2 710 757 725 11
D 764 387 2 706 705 704 24
D 763 385 2 707 764 702 24
D 762 383 2 708 763 700 24
D 752 389 2 753 756 762 11
D 769 399 2 721 720 719 24
D 768 397 2 722 769 717 24
D 767 395 2 758 768 761 24
D 766 391 2 710 767 725 24
D 765 389 2 753 766 762 24
D 751 401 2 752 730 765 11
L 775 380 425
D 774 379 2 687 775 689 24
D 773 377 2 682 774 690 24
D 772 373 2 669 773 692 24
D 771 365 2 664 772 694 24
D 778 377 2 747 774 748 24
D 777 373 2 741 778 749 24
D 776 365 2 739 777 750 24
D 770 361 2 662 771 696 776
D 660 381 3 661 697 737 751 770 11
L 779 358 414
D 658 359 2 659 660 779 11
L 785 356 -82
D 784 355 2 650 785 652 24
D 783 353 2 648 784 653 24
D 782 351 2 646 783 654 24
D 781 349 2 644 782 655 24
D 780 347 2 639 781 656 24
D 637 357 2 638 658 780 11
L 789 342 -84
D 788 341 2 627 789 632 24
D 787 337 2 625 788 634 24
D 786 335 2 620 787 635 24
D 618 343 2 619 637 786 11
L 794 404 -392
L 796 406 -397
L 799 408 -271
L 801 410 270
L 802 412 -277
L 803 410 -270
D 800 411 2 801 802 803 11
L 804 408 271
D 798 409 2 799 800 804 11
L 806 414 441
L 807 416 438
L 808 414 -441
D 805 415 2 806 807 808 11
L 811 412 277
D 810 411 2 801 811 803 24
D 809 409 2 799 810 804 24
D 797 413 2 798 805 809 11
L 812 406 397
D 795 407 2 796 797 812 11
L 813 404 392
D 793 405 2 794 795 813 11
L 817 418 63
L 819 420 -65
L 820 422 -64
L 821 420 65
D 818 421 2 819 820 821 11
L 822 418 -63
D 816 419 2 817 818 822 11
L 827 424 -129
L 829 426 140
L 830 428 128
L 831 426 -140
D 828 427 2 829 830 831 11
L 832 424 129
D 826 425 2 827 828 832 11
L 836 430 -102
L 837 432 100
L 838 430 102
D 835 431 2 836 837 838 11
L 840 434 -104
L 841 436 103
L 842 434 104
D 839 435 2 840 841 842 11
L 844 432 -100
D 843 431 2 836 844 838 24
D 834 433 2 835 839 843 11
L 845 438 -101
L 848 436 -103
D 847 435 2 840 848 842 24
D 846 433 2 835 847 843 24
D 833 437 2 834 845 846 11
L 851 428 -128
D 850 427 2 829 851 831 24
D 849 425 2 827 850 832 24
D 825 429 2 826 833 849 11
L 853 440 141
L 854 442 -142
L 855 440 -141
D 852 441 2 853 854 855 11
L 858 438 101
D 857 437 2 834 858 846 24
D 856 429 2 826 857 849 24
D 824 439 2 825 852 856 11
L 859 444 -348
L 862 442 142
D 861 441 2 853 862 855 24
D 860 439 2 825 861 856 24
D 823 443 2 824 859 860 11
L 865 422 64
D 864 421 2 819 865 821 24
D 863 419 2 817 864 822 24
D 815 423 2 816 823 863 11
L 868 446 396
L 869 448 -398
L 870 446 -396
D 867 447 2 868 869 870 11
L 874 450 -272
L 875 452 278
L 876 450 272
D 873 451 2 874 875 876 11
L 878 454 273
L 879 456 -442
L 880 454 -273
D 877 455 2 878 879 880 11
L 882 452 -278
D 881 451 2 874 882 876 24
D 872 453 2 873 877 881 11
L 883 458 439
L 886 456 442
D 885 455 2 878 886 880 24
D 884 453 2 873 885 881 24
D 871 457 2 872 883 884 11
L 888 448 398
D 887 447 2 868 888 870 24
D 866 449 2 867 871 887 11
L 891 444 348
D 890 443 2 824 891 860 24
D 889 423 2 816 890 863 24
D 814 445 2 815 866 889 11
L 896 416 -438
D 895 415 2 806 896 808 24
D 894 413 2 798 895 809 24
D 893 407 2 796 894 812 24
D 892 405 2 794 893 813 24
D 792 417 2 793 814 892 11
L 900 460 -391
L 902 462 234
L 904 464 233
L 905 466 -232
L 906 464 -233
D 903 465 2 904 905 906 11
L 907 462 -234
D 901 463 2 902 903 907 11
L 908 460 391
D 899 461 2 900 901 908 11
L 912 468 -378
L 914 470 -228
L 916 472 -221
L 917 474 220
L 918 472 221
D 915 473 2 916 917 918 11
L 919 470 228
D 913 471 2 914 915 919 11
L 920 468 378
D 911 469 2 912 913 920 11
L 921 476 -342
L 925 474 -220
D 924 473 2 916 925 918 24
D 923 471 2 914 924 919 24
D 922 469 2 912 923 920 24
D 910 475 2 911 921 922 11
L 926 478 -386
L 928 476 342
D 927 475 2 911 928 922 24
D 909 477 2 910 926 927 11
L 932 466 232
D 931 465 2 904 932 906 24
D 930 463 2 902 931 907 24
D 929 461 2 900 930 908 24
D 898 467 2 899 909 929 11
L 939 480 28
L 940 482 -29
L 941 480 -28
D 938 481 2 939 940 941 11
L 942 484 -85
L 944 482 29
D 943 481 2 939 944 941 24
D 937 483 2 938 942 943 11
L 945 486 -31
L 947 484 85
D 946 483 2 938 947 943 24
D 936 485 2 937 945 946 11
L 949 488 -32
L 950 490 30
L 951 488 32
D 948 489 2 949 950 951 11
L 953 486 31
D 952 485 2 937 953 946 24
D 935 487 2 936 948 952 11
L 956 492 245
L 959 494 -246
L 960 496 -247
L 961 494 246
D 958 495 2 959 960 961 11
L 963 498 -249
L 964 500 248
L 965 498 249
D 962 499 2 963 964 965 11
L 967 496 247
D 966 495 2 959 967 961 24
D 957 497 2 958 962 966 11
L 968 492 -245
D 955 493 2 956 957 968 11
L 971 502 -388
L 972 504 -390
L 973 502 388
D 970 503 2 971 972 973 11
L 976 506 255
L 978 508 -256
L 979 510 259
L 980 508 256
D 977 509 2 978 979 980 11
L 981 506 -255
D 975 507 2 976 977 981 11
L 983 512 260
L 984 514 -261
L 985 512 -260
D 982 513 2 983 984 985 11
L 988 510 -259
D 987 509 2 978 988 980 24
D 986 507 2 976 987 981 24
D 974 511 2 975 982 986 11
L 990 504 390
D 989 503 2 971 990 973 24
D 969 505 2 970 974 989 11
L 994 500 -248
D 993 499 2 963 994 965 24
D 992 497 2 958 993 966 24
D 991 493 2 956 992 968 24
D 954 501 2 955 969 991 11
L 997 490 -30
D 996 489 2 949 997 951 24
D 995 487 2 936 996 952 24
D 934 491 2 935 954 995 11
L 1000 516 -387
L 1002 518 239
L 1006 520 -238
L 1007 522 -240
L 1008 520 238
D 1005 521 2 1006 1007 1008 11
L 1010 524 241
L 1012 526 -242
L 1014 528 243
L 1015 530 -244
L 1016 528 -243
D 1013 529 2 1014 1015 1016 11
L 1017 526 242
D 1011 527 2 1012 1013 1017 11
L 1018 524 -241
D 1009 525 2 1010 1011 1018 11
L 1020 522 240
D 1019 521 2 1006 1020 1008 24
D 1004 523 2 1005 1009 1019 11
L 1022 532 235
L 1024 534 237
L 1025 536 -236
L 1026 534 -237
D 1023 535 2 1024 1025 1026 11
L 1027 532 -235
D 1021 533 2 1022 1023 1027 11
L 1032 530 244
D 1031 529 2 1014 1032 1016 24
D 1030 527 2 1012 1031 1017 24
D 1029 525 2 1010 1030 1018 24
D 1028 523 2 1005 1029 1019 24
D 1003 531 2 1004 1021 1028 11
L 1033 518 -239
D 1001 519 2 1002 1003 1033 11
L 1034 516 387
D 999 517 2 1000 1001 1034 11
L 1036 538 66
L 1038 540 -67
L 1039 542 -68
L 1040 540 67
D 1037 541 2 1038 1039 1040 11
L 1041 538 -66
D 1035 539 2 1036 1037 1041 11
L 1047 536 236
D 1046 535 2 1024 1047 1026 24
D 1045 533 2 1022 1046 1027 24
D 1044 531 2 1004 1045 1028 24
D 1043 519 2 1002 1044 1033 24
D 1042 517 2 1000 1043 1034 24
D 998 537 2 999 1035 1042 11
L 1053 514 261
D 1052 513 2 983 1053 985 24
D 1051 511 2 975 1052 986 24
D 1050 505 2 970 1051 989 24
D 1049 501 2 955 1050 991 24
D 1048 491 2 935 1049 995 24
D 933 515 2 934 998 1048 11
L 1056 478 386
D 1055 477 2 910 1056 927 24
D 1054 467 2 899 1055 929 24
D 897 479 2 898 933 1054 11
L 1061 458 -439
D 1060 457 2 872 1061 884 24
D 1059 449 2 867 1060 887 24
D 1058 445 2 815 1059 889 24
D 1057 417 2 793 1058 892 24
D 791 459 2 792 897 1057 11
L 1065 544 -292
L 1068 546 -56
L 1070 548 54
L 1071 550 -55
L 1072 548 -54
D 1069 549 2 1070 1071 1072 11
L 1073 546 56
D 1067 547 2 1068 1069 1073 11
L 1074 552 -403
L 1077 550 55
D 1076 549 2 1070 1077 1072 24
D 1075 547 2 1068 1076 1073 24
D 1066 551 2 1067 1074 1075 11
L 1078 544 292
D 1064 545 2 1065 1066 1078 11
L 1081 554 42
L 1084 556 -111
L 1085 558 110
L 1086 556 111
D 1083 557 2 1084 1085 1086 11
L 1090 560 -43
L 1091 562 -44
L 1092 560 43
D 1089 561 2 1090 1091 1092 11
L 1096 564 -114
L 1097 566 113
L 1098 564 114
D 1095 565 2 1096 1097 1098 11
L 1100 568 132
L 1103 570 -133
L 1104 572 -112
L 1105 570 133
D 1102 571 2 1103 1104 1105 11
L 1106 574 146
L 1108 572 112
D 1107 571 2 1103 1108 1105 24
D 1101 573 2 1102 1106 1107 11
L 1109 568 -132
D 1099 569 2 1100 1101 1109 11
L 1111 566 -113
D 1110 565 2 1096 1111 1098 24
D 1094 567 2 1095 1099 1110 11
L 1113 576 147
L 1114 578 -148
L 1115 576 -147
D 1112 577 2 1113 1114 1115 11
L 1119 574 -146
D 1118 573 2 1102 1119 1107 24
D 1117 569 2 1100 1118 1109 24
D 1116 567 2 1095 1117 1110 24
D 1093 575 2 1094 1112 1116 11
L 1121 562 44
D 1120 561 2 1090 1121 1092 24
D 1088 563 2 1089 1093 1120 11
L 1122 580 -350
L 1126 578 148
D 1125 577 2 1113 1126 1115 24
D 1124 575 2 1094 1125 1116 24
D 1123 563 2 1089 1124 1120 24
D 1087 579 2 1088 1122 1123 11
L 1128 558 -110
D 1127 557 2 1084 1128 1086 24
D 1082 559 2 1083 1087 1127 11
L 1129 554 -42
D 1080 555 2 1081 1082 1129 11
L 1134 582 -280
L 1137 584 281
L 1138 586 282
L 1139 584 -281
D 1136 585 2 1137 1138 1139 11
L 1141 588 440
L 1143 590 274
L 1145 592 -275
L 1146 594 -279
L 1147 592 275
D 1144 593 2 1145 1146 1147 11
L 1148 590 -274
D 1142 591 2 1143 1144 1148 11
L 1149 588 -440
D 1140 589 2 1141 1142 1149 11
L 1151 586 -282
D 1150 585 2 1137 1151 1139 24
D 1135 587 2 1136 1140 1150 11
L 1152 582 280
D 1133 583 2 1134 1135 1152 11
L 1154 596 -402
L 1157 598 283
L 1159 600 -284
L 1161 602 285
L 1162 604 -286
L 1163 602 -285
D 1160 603 2 1161 1162 1163 11
L 1164 600 284
D 1158 601 2 1159 1160 1164 11
L 1165 598 -283
D 1156 599 2 1157 1158 1165 11
L 1168 606 -288
L 1170 608 287
L 1171 610 289
L 1172 608 -287
D 1169 609 2 1170 1171 1172 11
L 1173 606 288
D 1167 607 2 1168 1169 1173 11
L 1175 612 -290
L 1176 614 291
L 1177 612 290
D 1174 613 2 1175 1176 1177 11
L 1180 610 -289
D 1179 609 2 1170 1180 1172 24
D 1178 607 2 1168 1179 1173 24
D 1166 611 2 1167 1174 1178 11
L 1184 604 286
D 1183 603 2 1161 1184 1163 24
D 1182 601 2 1159 1183 1164 24
D 1181 599 2 1157 1182 1165 24
D 1155 605 2 1156 1166 1181 11
L 1185 596 402
D 1153 597 2 1154 1155 1185 11
L 1191 594 279
D 1190 593 2 1145 1191 1147 24
D 1189 591 2 1143 1190 1148 24
D 1188 589 2 1141 1189 1149 24
D 1187 587 2 1136 1188 1150 24
D 1186 583 2 1134 1187 1152 24
D 1132 595 2 1133 1153 1186 11
L 1193 616 -49
L 1195 618 -50
L 1196 620 48
L 1197 618 50
D 1194 619 2 1195 1196 1197 11
L 1198 616 49
D 1192 617 2 1193 1194 1198 11
L 1204 614 -291
D 1203 613 2 1175 1204 1177 24
D 1202 611 2 1167 1203 1178 24
D 1201 605 2 1156 1202 1181 24
D 1200 597 2 1154 1201 1185 24
D 1199 595 2 1133 1200 1186 24
D 1131 615 2 1132 1192 1199 11
L 1208 622 -417
L 1209 624 415
L 1210 622 417
D 1207 623 2 1208 1209 1210 11
L 1213 626 -319
L 1214 628 326
L 1215 626 319
D 1212 627 2 1213 1214 1215 11
L 1217 630 320
L 1218 632 -447
L 1219 630 -320
D 1216 631 2 1217 1218 1219 11
L 1221 628 -326
D 1220 627 2 1213 1221 1215 24
D 1211 629 2 1212 1216 1220 11
L 1223 624 -415
D 1222 623 2 1208 1223 1210 24
D 1206 625 2 1207 1211 1222 11
L 1226 634 -294
L 1232 636 -297
L 1233 638 296
L 1234 636 297
D 1231 637 2 1232 1233 1234 11
L 1235 640 293
L 1237 638 -296
D 1236 637 2 1232 1237 1234 24
D 1230 639 2 1231 1235 1236 11
L 1239 642 -295
L 1241 644 -304
L 1243 646 307
L 1244 648 303
L 1245 646 -307
D 1242 647 2 1243 1244 1245 11
L 1246 644 304
D 1240 645 2 1241 1242 1246 11
L 1247 642 295
D 1238 643 2 1239 1240 1247 11
L 1249 640 -293
D 1248 639 2 1231 1249 1236 24
D 1229 641 2 1230 1238 1248 11
L 1251 650 -309
L 1252 652 308
L 1253 650 309
D 1250 651 2 1251 1252 1253 11
L 1258 648 -303
D 1257 647 2 1243 1258 1245 24
D 1256 645 2 1241 1257 1246 24
D 1255 643 2 1239 1256 1247 24
D 1254 641 2 1230 1255 1248 24
D 1228 649 2 1229 1250 1254 11
L 1259 654 -404
L 1262 652 -308
D 1261 651 2 1251 1262 1253 24
D 1260 649 2 1229 1261 1254 24
D 1227 653 2 1228 1259 1260 11
L 1263 634 294
D 1225 635 2 1226 1227 1263 11
L 1265 656 -416
L 1267 658 446
L 1269 660 317
L 1271 662 -318
L 1272 664 -325
L 1273 662 318
D 1270 663 2 1271 1272 1273 11
L 1274 660 -317
D 1268 661 2 1269 1270 1274 11
L 1275 658 -446
D 1266 659 2 1267 1268 1275 11
L 1276 656 416
D 1264 657 2 1265 1266 1276 11
L 1279 654 404
D 1278 653 2 1228 1279 1260 24
D 1277 635 2 1226 1278 1263 24
D 1224 655 2 1225 1264 1277 11
L 1283 632 447
D 1282 631 2 1217 1283 1219 24
D 1281 629 2 1212 1282 1220 24
D 1280 625 2 1207 1281 1222 24
D 1205 633 2 1206 1224 1280 11
L 1287 620 -48
D 1286 619 2 1195 1287 1197 24
D 1285 617 2 1193 1286 1198 24
D 1284 615 2 1132 1285 1199 24
D 1130 621 2 1131 1205 1284 11
L 1291 580 350
D 1290 579 2 1088 1291 1123 24
D 1289 559 2 1083 1290 1127 24
D 1288 555 2 1081 1289 1129 24
D 1079 581 2 1080 1130 1288 11
L 1294 552 403
D 1293 551 2 1067 1294 1075 24
D 1292 545 2 1065 1293 1078 24
D 1063 553 2 1064 1079 1292 11
L 1298 666 -401
L 1299 668 -364
L 1300 666 401
D 1297 667 2 1298 1299 1300 11
L 1302 670 -61
L 1305 672 212
L 1309 674 201
L 1310 676 -192
L 1311 674 -201
D 1308 675 2 1309 1310 1311 11
L 1314 678 190
L 1315 680 -191
L 1316 678 -190
D 1313 679 2 1314 1315 1316 11
L 1318 682 193
L 1319 684 -194
L 1320 682 -193
D 1317 683 2 1318 1319 1320 11
L 1322 680 191
D 1321 679 2 1314 1322 1316 24
D 1312 681 2 1313 1317 1321 11
L 1324 676 192
D 1323 675 2 1309 1324 1311 24
D 1307 677 2 1308 1312 1323 11
L 1327 686 -368
L 1329 688 213
L 1330 690 -214
L 1331 688 -213
D 1328 689 2 1329 1330 1331 11
L 1332 686 368
D 1326 687 2 1327 1328 1332 11
L 1333 692 -202
L 1336 690 214
D 1335 689 2 1329 1336 1331 24
D 1334 687 2 1327 1335 1332 24
D 1325 691 2 1326 1333 1334 11
L 1340 684 194
D 1339 683 2 1318 1340 1320 24
D 1338 681 2 1313 1339 1321 24
D 1337 677 2 1308 1338 1323 24
D 1306 685 2 1307 1325 1337 11
L 1341 672 -212
D 1304 673 2 1305 1306 1341 11
L 1343 694 -62
L 1344 696 60
L 1345 694 62
D 1342 695 2 1343 1344 1345 11
L 1349 692 202
D 1348 691 2 1326 1349 1334 24
D 1347 685 2 1307 1348 1337 24
D 1346 673 2 1305 1347 1341 24
D 1303 693 2 1304 1342 1346 11
L 1350 670 61
D 1301 671 2 1302 1303 1350 11
L 1352 668 364
D 1351 667 2 1298 1352 1300 24
D 1296 669 2 1297 1301 1351 11
L 1356 698 363
L 1358 700 -69
L 1360 702 70
L 1361 704 71
L 1362 702 -70
D 1359 703 2 1360 1361 1362 11
L 1363 700 69
D 1357 701 2 1358 1359 1363 11
L 1364 698 -363
D 1355 699 2 1356 1357 1364 11
L 1369 706 -180
L 1371 708 181
L 1372 710 182
L 1373 708 -181
D 1370 709 2 1371 1372 1373 11
L 1374 706 180
D 1368 707 2 1369 1370 1374 11
L 1377 712 184
L 1378 714 198
L 1379 712 -184
D 1376 713 2 1377 1378 1379 11
L 1381 716 -206
L 1382 718 -197
L 1383 716 206
D 1380 717 2 1381 1382 1383 11
L 1385 714 -198
D 1384 713 2 1377 1385 1379 24
D 1375 715 2 1376 1380 1384 11
L 1388 710 -182
D 1387 709 2 1371 1388 1373 24
D 1386 707 2 1369 1387 1374 24
D 1367 711 2 1368 1375 1386 11
L 1391 720 -366
L 1393 722 -208
L 1394 724 207
L 1395 722 208
D 1392 723 2 1393 1394 1395 11
L 1396 720 366
D 1390 721 2 1391 1392 1396 11
L 1397 726 -183
L 1400 724 -207
D 1399 723 2 1393 1400 1395 24
D 1398 721 2 1391 1399 1396 24
D 1389 725 2 1390 1397 1398 11
L 1404 718 197
D 1403 717 2 1381 1404 1383 24
D 1402 715 2 1376 1403 1384 24
D 1401 711 2 1368 1402 1386 24
D 1366 719 2 1367 1389 1401 11
L 1406 728 4
L 1408 730 -3
L 1411 732 -217
L 1412 734 216
L 1413 732 217
D 1410 733 2 1411 1412 1413 11
L 1414 736 -219
L 1416 734 -216
D 1415 733 2 1411 1416 1413 24
D 1409 735 2 1410 1414 1415 11
L 1417 730 3
D 1407 731 2 1408 1409 1417 11
L 1418 728 -4
D 1405 729 2 1406 1407 1418 11
L 1421 726 183
D 1420 725 2 1390 1421 1398 24
D 1419 719 2 1367 1420 1401 24
D 1365 727 2 1366 1405 1419 11
L 1425 704 -71
D 1424 703 2 1360 1425 1362 24
D 1423 701 2 1358 1424 1363 24
D 1422 699 2 1356 1423 1364 24
D 1354 705 2 1355 1365 1422 11
L 1430 738 -410
L 1432 740 -299
L 1437 742 305
L 1438 744 -306
L 1439 742 -305
D 1436 743 2 1437 1438 1439 11
L 1442 746 -300
L 1443 748 298
L 1444 746 300
D 1441 747 2 1442 1443 1444 11
L 1446 750 -302
L 1447 752 301
L 1448 750 302
D 1445 751 2 1446 1447 1448 11
L 1450 748 -298
D 1449 747 2 1442 1450 1444 24
D 1440 749 2 1441 1445 1449 11
L 1452 744 306
D 1451 743 2 1437 1452 1439 24
D 1435 745 2 1436 1440 1451 11
L 1453 754 310
L 1457 752 -301
D 1456 751 2 1446 1457 1448 24
D 1455 749 2 1441 1456 1449 24
D 1454 745 2 1436 1455 1451 24
D 1434 753 2 1435 1453 1454 11
L 1459 756 -405
L 1461 758 311
L 1462 760 -312
L 1463 758 -311
D 1460 759 2 1461 1462 1463 11
L 1464 756 405
D 1458 757 2 1459 1460 1464 11
L 1466 754 -310
D 1465 753 2 1435 1466 1454 24
D 1433 755 2 1434 1458 1465 11
L 1467 740 299
D 1431 741 2 1432 1433 1467 11
L 1468 738 410
D 1429 739 2 1430 1431 1468 11
L 1471 762 13
L 1473 764 -79
L 1474 766 -14
L 1475 764 79
D 1472 765 2 1473 1474 1475 11
L 1476 762 -13
D 1470 763 2 1471 1472 1476 11
L 1478 768 -411
L 1480 770 313
L 1482 772 -314
L 1483 774 -321
L 1484 772 314
D 1481 773 2 1482 1483 1484 11
L 1485 770 -313
D 1479 771 2 1480 1481 1485 11
L 1486 768 411
D 1477 769 2 1478 1479 1486 11
L 1489 766 14
D 1488 765 2 1473 1489 1475 24
D 1487 763 2 1471 1488 1476 24
D 1469 767 2 1470 1477 1487 11
L 1495 760 312
D 1494 759 2 1461 1495 1463 24
D 1493 757 2 1459 1494 1464 24
D 1492 755 2 1434 1493 1465 24
D 1491 741 2 1432 1492 1467 24
D 1490 739 2 1430 1491 1468 24
D 1428 761 2 1429 1469 1490 11
L 1497 776 -385
L 1499 778 -258
L 1502 780 -399
L 1504 782 -384
L 1505 784 -400
L 1506 782 384
D 1503 783 2 1504 1505 1506 11
L 1507 780 399
D 1501 781 2 1502 1503 1507 11
L 1508 786 -408
L 1511 784 400
D 1510 783 2 1504 1511 1506 24
D 1509 781 2 1502 1510 1507 24
D 1500 785 2 1501 1508 1509 11
L 1512 778 258
D 1498 779 2 1499 1500 1512 11
L 1513 776 385
D 1496 777 2 1497 1498 1513 11
L 1519 774 321
D 1518 773 2 1482 1519 1484 24
D 1517 771 2 1480 1518 1485 24
D 1516 769 2 1478 1517 1486 24
D 1515 767 2 1470 1516 1487 24
D 1514 761 2 1429 1515 1490 24
D 1427 775 2 1428 1496 1514 11
L 1521 788 -379
L 1526 790 1
L 1528 792 -2
L 1529 794 -75
L 1530 792 2
D 1527 793 2 1528 1529 1530 11
L 1531 790 -1
D 1525 791 2 1526 1527 1531 11
L 1533 796 -372
L 1535 798 -371
L 1536 800 -373
L 1537 798 371
D 1534 799 2 1535 1536 1537 11
L 1538 796 372
D 1532 797 2 1533 1534 1538 11
L 1541 794 75
D 1540 793 2 1528 1541 1530 24
D 1539 791 2 1526 1540 1531 24
D 1524 795 2 1525 1532 1539 11
L 1543 802 -420
L 1545 804 -423
L 1548 806 -332
L 1549 808 -336
L 1550 806 332
D 1547 807 2 1548 1549 1550 11
L 1552 810 443
L 1553 812 331
L 1554 810 -443
D 1551 811 2 1552 1553 1554 11
L 1556 808 336
D 1555 807 2 1548 1556 1550 24
D 1546 809 2 1547 1551 1555 11
L 1557 804 423
D 1544 805 2 1545 1546 1557 11
L 1558 802 420
D 1542 803 2 1543 1544 1558 11
L 1562 800 373
D 1561 799 2 1535 1562 1537 24
D 1560 797 2 1533 1561 1538 24
D 1559 795 2 1525 1560 1539 24
D 1523 801 2 1524 1542 1559 11
L 1567 814 -10
L 1569 816 9
L 1570 818 -77
L 1571 816 -9
D 1568 817 2 1569 1570 1571 11
L 1572 814 10
D 1566 815 2 1567 1568 1572 11
L 1574 820 -377
L 1576 822 327
L 1578 824 -328
L 1579 826 -334
L 1580 824 328
D 1577 825 2 1578 1579 1580 11
L 1581 822 -327
D 1575 823 2 1576 1577 1581 11
L 1582 820 377
D 1573 821 2 1574 1575 1582 11
L 1585 818 77
D 1584 817 2 1569 1585 1571 24
D 1583 815 2 1567 1584 1572 24
D 1565 819 2 1566 1573 1583 11
L 1587 828 -418
L 1589 830 -421
L 1590 832 -376
L 1591 830 421
D 1588 831 2 1589 1590 1591 11
L 1592 828 418
D 1586 829 2 1587 1588 1592 11
L 1597 826 334
D 1596 825 2 1578 1597 1580 24
D 1595 823 2 1576 1596 1581 24
D 1594 821 2 1574 1595 1582 24
D 1593 819 2 1566 1594 1583 24
D 1564 827 2 1565 1586 1593 11
L 1601 834 -419
L 1603 836 257
L 1606 838 -252
L 1607 840 262
L 1608 838 252
D 1605 839 2 1606 1607 1608 11
L 1611 842 253
L 1612 844 -254
L 1613 842 -253
D 1610 843 2 1611 1612 1613 11
L 1615 846 250
L 1616 848 -251
L 1617 846 -250
D 1614 847 2 1615 1616 1617 11
L 1619 844 254
D 1618 843 2 1611 1619 1613 24
D 1609 845 2 1610 1614 1618 11
L 1621 840 -262
D 1620 839 2 1606 1621 1608 24
D 1604 841 2 1605 1609 1620 11
L 1622 836 -257
D 1602 837 2 1603 1604 1622 11
L 1623 834 419
D 1600 835 2 1601 1602 1623 11
L 1626 850 -389
L 1628 852 263
L 1629 854 -264
L 1630 852 -263
D 1627 853 2 1628 1629 1630 11
L 1631 850 389
D 1625 851 2 1626 1627 1631 11
L 1633 856 -269
L 1636 858 -276
L 1637 860 268
L 1638 858 276
D 1635 859 2 1636 1637 1638 11
L 1640 862 -267
L 1642 864 -266
L 1643 866 265
L 1644 864 266
D 1641 865 2 1642 1643 1644 11
L 1645 862 267
D 1639 863 2 1640 1641 1645 11
L 1647 860 -268
D 1646 859 2 1636 1647 1638 24
D 1634 861 2 1635 1639 1646 11
L 1648 856 269
D 1632 857 2 1633 1634 1648 11
L 1651 854 264
D 1650 853 2 1628 1651 1630 24
D 1649 851 2 1626 1650 1631 24
D 1624 855 2 1625 1632 1649 11
L 1657 848 251
D 1656 847 2 1615 1657 1617 24
D 1655 845 2 1610 1656 1618 24
D 1654 841 2 1605 1655 1620 24
D 1653 837 2 1603 1654 1622 24
D 1652 835 2 1601 1653 1623 24
D 1599 849 2 1600 1624 1652 11
L 1659 868 -412
L 1662 870 11
L 1664 872 -12
L 1665 874 -78
L 1666 872 12
D 1663 873 2 1664 1665 1666 11
L 1667 870 -11
D 1661 871 2 1662 1663 1667 11
L 1670 876 -394
L 1672 878 -316
L 1674 880 315
L 1675 882 -322
L 1676 880 -315
D 1673 881 2 1674 1675 1676 11
L 1677 878 316
D 1671 879 2 1672 1673 1677 11
L 1678 876 394
D 1669 877 2 1670 1671 1678 11
L 1680 884 -422
L 1682 886 -393
L 1684 888 329
L 1686 890 -330
L 1687 892 -335
L 1688 890 330
D 1685 891 2 1686 1687 1688 11
L 1689 888 -329
D 1683 889 2 1684 1685 1689 11
L 1690 886 393
D 1681 887 2 1682 1683 1690 11
L 1691 884 422
D 1679 885 2 1680 1681 1691 11
L 1695 882 322
D 1694 881 2 1674 1695 1676 24
D 1693 879 2 1672 1694 1677 24
D 1692 877 2 1670 1693 1678 24
D 1668 883 2 1669 1679 1692 11
L 1698 874 78
D 1697 873 2 1664 1698 1666 24
D 1696 871 2 1662 1697 1667 24
D 1660 875 2 1661 1668 1696 11
L 1699 868 412
D 1658 869 2 1659 1660 1699 11
L 1706 866 -265
D 1705 865 2 1642 1706 1644 24
D 1704 863 2 1640 1705 1645 24
D 1703 861 2 1635 1704 1646 24
D 1702 857 2 1633 1703 1648 24
D 1701 855 2 1625 1702 1649 24
D 1700 849 2 1600 1701 1652 24
D 1598 867 2 1599 1658 1700 11
L 1710 832 376
D 1709 831 2 1589 1710 1591 24
D 1708 829 2 1587 1709 1592 24
D 1707 827 2 1565 1708 1593 24
D 1563 833 2 1564 1598 1707 11
L 1716 812 -331
D 1715 811 2 1552 1716 1554 24
D 1714 809 2 1547 1715 1555 24
D 1713 805 2 1545 1714 1557 24
D 1712 803 2 1543 1713 1558 24
D 1711 801 2 1524 1712 1559 24
D 1522 813 2 1523 1563 1711 11
L 1717 788 379
D 1520 789 2 1521 1522 1717 11
L 1722 786 408
D 1721 785 2 1501 1722 1509 24
D 1720 779 2 1499 1721 1512 24
D 1719 777 2 1497 1720 1513 24
D 1718 775 2 1428 1719 1514 24
D 1426 787 2 1427 1520 1718 11
L 1728 736 219
D 1727 735 2 1410 1728 1415 24
D 1726 731 2 1408 1727 1417 24
D 1725 729 2 1406 1726 1418 24
D 1724 727 2 1366 1725 1419 24
D 1723 705 2 1355 1724 1422 24
D 1353 737 2 1354 1426 1723 11
L 1733 696 -60
D 1732 695 2 1343 1733 1345 24
D 1731 693 2 1304 1732 1346 24
D 1730 671 2 1302 1731 1350 24
D 1729 669 2 1297 1730 1351 24
D 1295 697 2 1296 1353 1729 11
L 1743 664 325
D 1742 663 2 1271 1743 1273 24
D 1741 661 2 1269 1742 1274 24
D 1740 659 2 1267 1741 1275 24
D 1739 657 2 1265 1740 1276 24
D 1738 655 2 1225 1739 1277 24
D 1737 633 2 1206 1738 1280 24
D 1736 621 2 1131 1737 1284 24
D 1735 581 2 1080 1736 1288 24
D 1734 553 2 1064 1735 1292 24
D 1062 665 2 1063 1295 1734 11
L 1750 542 68
D 1749 541 2 1038 1750 1040 24
D 1748 539 2 1036 1749 1041 24
D 1747 537 2 999 1748 1042 24
D 1746 515 2 934 1747 1048 24
D 1745 479 2 898 1746 1054 24
D 1744 459 2 792 1745 1057 24
D 790 543 2 791 1062 1744 11
L 1756 402 360
D 1755 401 2 698 1756 731 24
D 1757 401 2 752 1756 765 24
D 1754 381 3 661 1755 737 1757 770 24
D 1753 359 2 659 1754 779 24
D 1752 357 2 638 1753 780 24
D 1751 343 2 619 1752 786 24
D 617 403 2 618 790 1751 11
D 1762 317 2 580 581 571 11
D 1765 327 2 591 594 589 11
L 1766 330 94
D 1767 327 2 591 590 589 24
D 1764 329 2 1765 1766 1767 11
D 1763 325 2 595 1764 586 11
D 1768 317 2 580 598 571 24
D 1761 323 2 1762 1763 1768 11
D 1760 315 2 562 1761 599 11
D 1759 309 2 448 1760 602 11
D 1758 247 2 147 1759 611 11
D 1774 339 2 630 633 628 11
D 1775 339 2 630 629 628 24
D 1773 341 2 1774 789 1775 11
D 1772 337 2 634 1773 625 11
D 1771 335 2 620 1772 635 11
D 1778 345 2 642 641 640 11
D 1779 345 2 642 657 640 24
D 1777 347 2 1778 643 1779 11
D 1783 389 2 753 709 762 11
D 1784 389 2 753 732 762 24
D 1782 401 2 1783 730 1784 11
D 1785 361 2 696 776 662 24
D 1781 381 2 737 1782 1785 11
D 1780 359 2 659 1781 779 11
D 1786 347 2 1778 781 1779 24
D 1776 357 2 1777 1780 1786 11
D 1789 341 2 1774 631 1775 24
D 1788 337 2 634 1789 625 24
D 1787 335 2 620 1788 635 24
D 1770 343 2 1771 1776 1787 11
D 1796 465 2 906 932 904 11
D 1795 463 2 907 1796 902 11
D 1794 461 2 900 1795 908 11
D 1801 473 2 918 925 916 11
D 1800 471 2 919 1801 914 11
D 1799 469 2 912 1800 920 11
D 1804 473 2 918 917 916 24
D 1803 471 2 919 1804 914 24
D 1802 469 2 912 1803 920 24
D 1798 475 2 1799 921 1802 11
D 1805 475 2 1799 928 1802 24
D 1797 477 2 1798 926 1805 11
D 1808 465 2 906 905 904 24
D 1807 463 2 907 1808 902 24
D 1806 461 2 900 1807 908 24
D 1793 467 2 1794 1797 1806 11
D 1810 477 2 1798 1056 1805 24
D 1809 467 2 1794 1810 1806 24
D 1792 479 2 1793 933 1809 11
D 1791 459 2 792 1792 1057 11
D 1812 479 2 1793 1746 1809 24
D 1811 459 2 792 1812 1057 24
D 1790 543 2 1791 1062 1811 11
D 1817 401 2 1783 1756 1784 24
D 1816 381 2 737 1817 1785 24
D 1815 359 2 659 1816 779 24
D 1814 357 2 1777 1815 1786 24
D 1819 337 2 625 788 634 1789
D 1818 335 2 620 1819 635 24
D 1813 343 3 1771 1814 619 1752 1818 24
D 1769 403 3 1770 1790 618 790 1813 11
D 1824 317 2 571 572 580 11
D 1825 317 2 571 597 580 24
D 1823 323 2 1824 1763 1825 11
D 1822 315 2 562 1823 599 11
D 1821 309 2 448 1822 602 11
D 1820 247 2 147 1821 611 11
D 1829 333 2 623 622 621 11
D 1830 333 2 623 636 621 24
D 1828 335 2 1829 1772 1830 11
D 1831 357 2 638 1780 780 11
D 1832 335 2 1829 1788 1830 24
D 1827 343 2 1828 1831 1832 11
D 1842 585 2 1139 1151 1137 11
D 1845 593 2 1147 1191 1145 11
D 1844 591 2 1148 1845 1143 11
D 1843 589 2 1141 1844 1149 11
D 1846 585 2 1139 1138 1137 24
D 1841 587 2 1842 1843 1846 11
D 1840 583 2 1152 1841 1134 11
D 1851 593 2 1147 1146 1145 24
D 1850 591 2 1148 1851 1143 24
D 1849 589 2 1141 1850 1149 24
D 1848 587 2 1842 1849 1846 24
D 1847 583 2 1152 1848 1134 24
D 1839 595 2 1840 1153 1847 11
D 1852 595 2 1840 1200 1847 24
D 1838 615 2 1839 1192 1852 11
D 1853 615 2 1839 1285 1852 24
D 1837 621 2 1838 1205 1853 11
D 1836 581 2 1080 1837 1288 11
D 1835 553 2 1064 1836 1292 11
D 1856 621 2 1838 1737 1853 24
D 1855 581 2 1080 1856 1288 24
D 1854 553 2 1064 1855 1292 24
D 1834 665 2 1835 1295 1854 11
D 1833 543 2 791 1834 1744 11
D 1858 357 2 638 1815 780 24
D 1859 335 3 620 787 1829 1788 636 24
D 1857 343 3 619 1752 1828 1858 1859 24
D 1826 403 3 1827 1833 618 790 1857 11
D 1864 251 2 454 560 452 11
D 1863 249 2 455 1864 450 11
D 1867 257 2 462 557 460 11
D 1866 255 2 463 1867 458 11
D 1869 257 2 462 461 460 24
D 1868 255 2 463 1869 458 24
D 1865 259 2 1866 464 1868 11
D 1871 251 2 454 453 452 24
D 1870 249 2 455 1871 450 24
D 1862 253 2 1863 1865 1870 11
D 1873 323 2 1824 585 1825 11
D 1872 315 2 562 1873 599 11
D 1875 259 2 1866 604 1868 24
D 1874 253 2 1863 1875 1870 24
D 1861 309 2 1862 1872 1874 11
D 1860 247 2 147 1861 611 11
D 1879 333 2 621 636 623 11
D 1880 333 2 621 622 623 24
D 1878 335 2 1879 1772 1880 11
D 1881 335 2 1879 1788 1880 24
D 1877 343 2 1878 1831 1881 11
D 1882 343 2 1878 1858 1881 24
D 1876 403 2 1877 790 1882 11
D 1888 329 2 588 1766 593 24
D 1887 325 2 586 1888 595 24
D 1886 323 2 1824 1887 1825 24
D 1885 315 2 562 1886 599 24
D 1892 329 2 1765 592 1767 24
D 1891 325 2 595 1892 586 1888
D 1890 323 2 570 1891 596 24
D 1889 315 2 562 1890 599 24
D 1894 249 2 450 559 455 1871
D 1893 253 3 449 603 1863 1875 1894 24
D 1884 309 3 1862 1885 448 1889 1893 24
D 1883 247 2 147 1884 611 24
D 145 331 5 146 617 1758 1769 1820 1826 1860 1876 1883 11
L 1897 92 375
D 1896 91 2 141 1897 143 24
D 1895 89 2 139 1896 144 24
D 137 93 2 138 145 1895 11
L 1899 86 6
D 1898 85 2 134 1899 136 24
D 132 87 2 133 137 1898 11
L 1901 82 427
D 1900 81 2 121 1901 129 24
D 119 83 2 120 132 1900 11
L 1902 74 370
D 117 75 2 118 119 1902 11
L 1906 72 -138
D 1905 71 2 111 1906 113 24
D 1904 69 2 109 1905 114 24
D 1903 67 2 104 1904 115 24
D 102 73 2 103 117 1903 11
L 1912 62 -227
D 1911 61 2 95 1912 97 24
D 1910 59 2 93 1911 98 24
D 1909 57 2 91 1910 99 24
D 1908 55 2 89 1909 100 24
D 1907 53 2 87 1908 101 24
D 85 63 2 86 102 1907 11
L 1914 50 -362
D 1913 49 2 82 1914 84 24
D 80 51 2 81 85 1913 11
L 1915 46 365
D 78 47 2 79 80 1915 11
L 1918 44 205
D 1917 43 2 71 1918 73 24
D 1916 41 2 36 1917 74 24
D 34 45 2 35 78 1916 11
L 1922 20 59
D 1921 19 2 28 1922 30 24
D 1920 17 2 26 1921 31 24
D 1919 15 2 16 1920 32 24
D 14 21 2 15 34 1919 11
L 1926 8 167
D 1925 7 2 8 1926 10 24
D 1924 5 2 6 1925 12 24
D 1923 3 2 4 1924 13 24
D 2 9 2 3 14 1923 11
L 1927 0 160
D 1931 7 2 10 1926 8 11
D 1930 5 2 12 1931 6 11
D 1929 3 2 13 1930 4 11
D 1935 11 2 20 23 18 11
D 1936 11 2 20 19 18 24
D 1934 13 2 1935 33 1936 11
D 1937 13 2 1935 21 1936 24
D 1933 15 2 1934 25 1937 11
D 1941 49 2 84 1914 82 11
D 1945 65 2 107 116 105 11
D 1947 71 2 113 1906 111 11
D 1946 69 2 114 1947 109 11
D 1948 65 2 107 106 105 24
D 1944 67 2 1945 1946 1948 11
D 1957 323 2 1762 585 1768 11
D 1956 315 2 562 1957 599 11
D 1955 309 2 448 1956 602 11
D 1954 247 2 147 1955 611 11
D 1962 345 2 640 657 642 11
D 1963 345 2 640 641 642 24
D 1961 347 2 1962 643 1963 11
D 1964 347 2 1962 781 1963 24
D 1960 357 2 1961 1780 1964 11
D 1959 343 2 1771 1960 1787 11
D 1972 703 2 1362 1425 1360 11
D 1971 701 2 1363 1972 1358 11
D 1970 699 2 1364 1971 1356 11
D 1977 709 2 1373 1388 1371 11
D 1976 707 2 1374 1977 1369 11
D 1979 713 2 1379 1385 1377 11
D 1980 717 2 1383 1404 1381 11
D 1981 713 2 1379 1378 1377 24
D 1978 715 2 1979 1980 1981 11
D 1983 709 2 1373 1372 1371 24
D 1982 707 2 1374 1983 1369 24
D 1975 711 2 1976 1978 1982 11
D 1984 725 2 1390 1421 1398 11
D 1987 717 2 1383 1382 1381 24
D 1986 715 2 1979 1987 1981 24
D 1985 711 2 1976 1986 1982 24
D 1974 719 2 1975 1984 1985 11
D 1989 731 2 1417 1409 1408 11
D 1988 729 2 1406 1407 1418 1989
D 1991 725 2 1390 1397 1398 24
D 1990 719 2 1975 1991 1985 24
D 1973 727 2 1974 1988 1990 11
D 1994 703 2 1362 1361 1360 24
D 1993 701 2 1363 1994 1358 24
D 1992 699 2 1364 1993 1356 24
D 1969 705 2 1970 1973 1992 11
D 2000 781 2 1507 1503 1502 11
D 2001 781 2 1507 1510 1502 24
D 1999 785 2 2000 1508 2001 11
D 1998 779 2 1499 1999 1512 11
D 1997 777 2 1497 1998 1513 11
D 1996 775 2 1428 1997 1514 11
D 2006 829 2 1592 1588 1587 11
D 2005 827 2 1565 2006 1593 11
D 2009 835 2 1623 1602 1601 11
D 2010 835 2 1623 1653 1601 24
D 2008 849 2 2009 1624 2010 11
D 2011 849 2 2009 1701 2010 24
D 2007 867 2 2008 1658 2011 11
D 2013 829 2 1592 1709 1587 24
D 2012 827 2 1565 2013 1593 24
D 2004 833 2 2005 2007 2012 11
D 2003 813 2 1523 2004 1711 11
D 2002 789 2 1521 2003 1717 11
D 2017 785 2 2000 1722 2001 24
D 2016 779 2 1499 2017 1512 24
D 2015 777 2 1497 2016 1513 24
D 2014 775 2 1428 2015 1514 24
D 1995 787 2 1996 2002 2014 11
D 2021 731 2 1417 1727 1408 24
D 2020 729 2 1418 2021 1406 1726
D 2019 727 2 1974 2020 1990 24
D 2018 705 2 1970 2019 1992 24
D 1968 737 2 1969 1995 2018 11
D 1967 697 2 1296 1968 1729 11
D 1966 665 2 1063 1967 1734 11
D 1965 543 2 791 1966 1744 11
D 2023 357 2 1961 1815 1964 24
D 2022 343 2 1771 2023 1787 24
D 1958 403 2 1959 1965 2022 11
D 2027 323 2 1762 1887 1768 24
D 2026 315 2 562 2027 599 24
D 2025 309 2 448 2026 602 24
D 2024 247 2 147 2025 611 24
D 1953 331 2 1954 1958 2024 11
D 1952 93 2 138 1953 1895 11
D 1951 87 2 133 1952 1898 11
D 1950 83 2 120 1951 1900 11
D 1949 75 2 118 1950 1902 11
D 2030 71 2 113 112 111 24
D 2029 69 2 114 2030 109 24
D 2028 67 2 1945 2029 1948 24
D 1943 73 2 1944 1949 2028 11
D 1942 63 2 86 1943 1907 11
D 2031 49 2 82 1914 84 11
D 2039 403 2 618 1965 1751 11
D 2041 543 2 1791 1966 1811 11
D 2040 403 3 1770 2041 618 1965 1813 11
D 2044 665 2 1835 1967 1854 11
D 2043 543 2 791 2044 1744 11
D 2042 403 3 1827 2043 618 1965 1857 11
D 2045 403 2 1877 1965 1882 11
D 2038 331 5 146 2039 1758 2040 1820 2042 1860 2045 1883 11
D 2037 93 2 138 2038 1895 11
D 2036 87 2 133 2037 1898 11
D 2035 83 2 120 2036 1900 11
D 2034 75 2 118 2035 1902 11
D 2033 73 2 103 2034 1903 11
D 2032 63 2 86 2033 1907 11
D 1940 51 3 1941 1942 2031 2032 83 11
D 1939 47 2 79 1940 1915 11
D 1938 45 2 35 1939 1916 11
D 2046 15 2 1934 1920 1937 24
D 1932 21 2 1933 1938 2046 11
D 2049 7 2 10 9 8 24
D 2048 5 2 12 2049 6 24
D 2047 3 2 13 2048 4 24
D 1928 9 2 1929 1932 2047 11
D 0 1 2 1 2 1927 1928
