c ids of sdd nodes start at 0
c sdd nodes appear bottom-up, children before parents
c
c file syntax:
c sdd count-of-sdd-nodes
c F id-of-false-sdd-node
c T id-of-true-sdd-node
c L id-of-literal-sdd-node id-of-vtree literal
c D id-of-decomposition-sdd-node id-of-vtree number-of-elements {id-of-prime id-of-sub}*
c
sdd 1409
L 1 0 -248
L 3 2 221
L 5 4 -249
L 8 6 288
L 9 8 308
L 10 6 -288
F 11
D 7 7 2 8 9 10 11
L 13 10 202
L 16 12 -158
L 17 14 -159
L 18 12 158
D 15 13 2 16 17 18 11
L 22 16 161
L 23 18 -160
L 24 16 -161
D 21 17 2 22 23 24 11
L 26 20 -163
L 28 22 -162
L 30 24 -41
L 32 26 38
L 35 28 -40
L 36 30 -42
L 37 28 40
D 34 29 2 35 36 37 11
L 39 32 -37
L 40 34 -39
L 41 32 37
D 38 33 2 39 40 41 11
L 43 30 42
T 44
D 42 29 2 35 43 37 44
D 33 31 2 34 38 42 11
L 45 26 -38
D 31 27 2 32 33 45 11
L 46 24 41
D 29 25 2 30 31 46 11
L 47 22 162
D 27 23 2 28 29 47 11
L 48 20 163
D 25 21 2 26 27 48 11
L 50 18 160
D 49 17 2 22 50 24 44
D 20 19 2 21 25 49 11
L 54 36 284
L 55 38 -155
L 56 36 -284
D 53 37 2 54 55 56 11
L 58 40 -157
L 60 42 -154
L 61 44 -156
L 62 42 154
D 59 43 2 60 61 62 11
L 63 40 157
D 57 41 2 58 59 63 11
L 65 38 155
D 64 37 2 54 65 56 44
D 52 39 2 53 57 64 11
L 69 46 -282
L 70 48 -258
L 71 46 282
D 68 47 2 69 70 71 11
L 75 50 -212
L 76 52 -302
L 77 50 212
D 74 51 2 75 76 77 11
L 79 54 -262
L 80 56 -260
L 81 54 262
D 78 55 2 79 80 81 11
L 83 52 302
D 82 51 2 75 83 77 44
D 73 53 2 74 78 82 11
L 86 58 296
L 87 60 283
L 88 58 -296
D 85 59 2 86 87 88 11
L 91 62 -291
L 92 64 -310
L 93 62 291
D 90 63 2 91 92 93 11
L 95 66 -292
L 97 68 254
L 98 70 255
L 99 68 -254
D 96 69 2 97 98 99 11
L 100 66 292
D 94 67 2 95 96 100 11
L 102 64 310
D 101 63 2 91 102 93 44
D 89 65 2 90 94 101 11
L 104 60 -283
D 103 59 2 86 104 88 44
D 84 61 2 85 89 103 11
L 107 56 260
D 106 55 2 79 107 81 44
D 105 53 2 74 106 82 44
D 72 57 2 73 84 105 11
L 109 48 258
D 108 47 2 69 109 71 44
D 67 49 2 68 72 108 11
L 114 72 304
L 116 74 -297
L 117 76 259
L 118 74 297
D 115 75 2 116 117 118 11
L 119 72 -304
D 113 73 2 114 115 119 11
L 121 78 -264
L 123 80 -218
L 124 82 -220
L 125 80 218
D 122 81 2 123 124 125 11
L 126 78 264
D 120 79 2 121 122 126 11
L 129 76 -259
D 128 75 2 116 129 118 44
D 127 73 2 114 128 119 44
D 112 77 2 113 120 127 11
L 132 84 -148
L 133 86 -146
L 134 84 148
D 131 85 2 132 133 134 11
L 136 88 -136
L 138 90 -135
L 140 92 -65
L 141 94 -66
L 142 92 65
D 139 93 2 140 141 142 11
L 143 90 135
D 137 91 2 138 139 143 11
L 144 88 136
D 135 89 2 136 137 144 11
L 146 86 146
D 145 85 2 132 146 134 44
D 130 87 2 131 135 145 11
L 150 82 220
D 149 81 2 123 150 125 44
D 148 79 2 121 149 126 44
D 147 77 2 113 148 127 44
D 111 83 2 112 130 147 11
L 155 96 74
L 157 98 -237
L 158 100 236
L 159 98 237
D 156 99 2 157 158 159 11
L 160 96 -74
D 154 97 2 155 156 160 11
L 163 102 -171
L 165 104 208
L 166 106 207
L 167 104 -208
D 164 105 2 165 166 167 11
L 168 102 171
D 162 103 2 163 164 168 11
L 170 108 -168
L 172 110 -131
L 174 112 -75
L 176 114 -32
L 177 116 31
L 178 114 32
D 175 115 2 176 177 178 11
L 179 112 75
D 173 113 2 174 175 179 11
L 180 110 131
D 171 111 2 172 173 180 11
L 181 108 168
D 169 109 2 170 171 181 11
L 184 106 -207
D 183 105 2 165 184 167 44
D 182 103 2 163 183 168 44
D 161 107 2 162 169 182 11
L 187 100 -236
D 186 99 2 157 187 159 44
D 185 97 2 155 186 160 44
D 153 101 2 154 161 185 11
L 190 118 186
L 191 120 170
L 192 118 -186
D 189 119 2 190 191 192 11
L 195 122 203
L 196 124 -204
L 197 122 -203
D 194 123 2 195 196 197 11
L 200 126 25
L 201 128 -26
L 202 126 -25
L 203 128 26
D 199 127 2 200 201 202 203
L 205 130 187
L 206 132 188
L 207 130 -187
D 204 131 2 205 206 207 11
D 208 127 2 202 201 200 203
D 198 129 2 199 204 208 11
L 210 124 204
D 209 123 2 195 210 197 44
D 193 125 2 194 198 209 11
L 212 120 -170
D 211 119 2 190 212 192 44
D 188 121 2 189 193 211 11
L 219 116 -31
D 218 115 2 176 219 178 44
D 217 113 2 174 218 179 44
D 216 111 2 172 217 180 44
D 215 109 2 170 216 181 44
D 214 107 2 162 215 182 44
D 213 101 2 154 214 185 44
D 152 117 2 153 188 213 11
L 225 134 251
L 226 136 185
L 227 134 -251
D 224 135 2 225 226 227 11
L 230 138 -309
L 231 140 174
L 232 138 309
D 229 139 2 230 231 232 11
L 234 142 273
L 235 144 195
L 236 142 -273
D 233 143 2 234 235 236 11
L 238 140 -174
D 237 139 2 230 238 232 44
D 228 141 2 229 233 237 11
L 240 136 -185
D 239 135 2 225 240 227 44
D 223 137 2 224 228 239 11
L 244 146 -103
L 246 148 -106
L 247 150 -105
L 248 148 106
D 245 149 2 246 247 248 11
L 249 146 103
D 243 147 2 244 245 249 11
L 253 152 -110
L 254 154 -100
L 255 152 110
D 252 153 2 253 254 255 11
L 256 156 -29
L 258 154 100
D 257 153 2 253 258 255 44
D 251 155 2 252 256 257 11
L 260 158 -121
L 261 160 -72
L 262 158 121
D 259 159 2 260 261 262 11
L 264 156 29
D 263 155 2 252 264 257 44
D 250 157 2 251 259 263 11
L 267 150 105
D 266 149 2 246 267 248 44
D 265 147 2 244 266 249 44
D 242 151 2 243 250 265 11
L 270 162 -92
L 271 164 -81
L 272 162 92
D 269 163 2 270 271 272 11
L 274 166 -113
L 276 168 114
L 278 170 28
L 280 172 -27
L 282 174 50
L 283 176 -49
L 284 174 -50
D 281 175 2 282 283 284 11
L 285 172 27
D 279 173 2 280 281 285 11
L 286 170 -28
D 277 171 2 278 279 286 11
L 287 168 -114
D 275 169 2 276 277 287 11
L 288 166 113
D 273 167 2 274 275 288 11
L 290 164 81
D 289 163 2 270 290 272 44
D 268 165 2 269 273 289 11
L 294 160 72
D 293 159 2 260 294 262 44
D 292 157 2 251 293 263 44
D 291 151 2 243 292 265 44
D 241 161 2 242 268 291 11
L 298 144 -195
D 297 143 2 234 298 236 44
D 296 141 2 229 297 237 44
D 295 137 2 224 296 239 44
D 222 145 2 223 241 295 11
L 302 178 -117
L 303 180 -152
L 304 178 117
D 301 179 2 302 303 304 11
L 307 182 -129
L 308 184 153
L 309 182 129
D 306 183 2 307 308 309 11
L 310 186 130
L 312 184 -153
D 311 183 2 307 312 309 44
D 305 185 2 306 310 311 11
L 314 180 152
D 313 179 2 302 314 304 44
D 300 181 2 301 305 313 11
L 317 188 118
L 319 190 -82
L 320 192 -94
L 321 190 82
D 318 191 2 319 320 321 11
L 322 188 -118
D 316 189 2 317 318 322 11
L 324 194 145
L 326 196 -79
L 327 198 -93
L 328 196 79
D 325 197 2 326 327 328 11
L 329 194 -145
D 323 195 2 324 325 329 11
L 332 192 94
D 331 191 2 319 332 321 44
D 330 189 2 317 331 322 44
D 315 193 2 316 323 330 11
L 335 186 -130
D 334 185 2 306 335 311 44
D 333 181 2 301 334 313 44
D 299 187 2 300 315 333 11
L 344 176 49
D 343 175 2 282 344 284 44
D 342 173 2 280 343 285 44
D 341 171 2 278 342 286 44
D 340 169 2 276 341 287 44
D 339 167 2 274 340 288 44
D 338 165 2 269 339 289 44
D 337 161 2 242 338 291 44
D 336 145 2 223 337 295 44
D 221 177 2 222 299 336 11
L 350 200 -238
L 351 202 -303
L 352 200 238
D 349 201 2 350 351 352 11
L 354 204 -295
L 355 206 266
L 356 204 295
D 353 205 2 354 355 356 11
L 358 202 303
D 357 201 2 350 358 352 44
D 348 203 2 349 353 357 11
L 361 208 -137
L 362 210 -120
L 363 208 137
D 360 209 2 361 362 363 11
L 365 212 -272
L 367 214 138
L 368 216 -115
L 369 214 -138
D 366 215 2 367 368 369 11
L 370 212 272
D 364 213 2 365 366 370 11
L 372 210 120
D 371 209 2 361 372 363 44
D 359 211 2 360 364 371 11
L 375 206 -266
D 374 205 2 354 375 356 44
D 373 203 2 349 374 357 44
D 347 207 2 348 359 373 11
L 379 218 -116
L 381 220 18
L 382 222 -17
L 383 220 -18
D 380 221 2 381 382 383 11
L 384 218 116
D 378 219 2 379 380 384 11
L 388 224 -15
L 389 226 16
L 390 224 15
D 387 225 2 388 389 390 11
L 392 228 12
L 393 230 -11
L 394 228 -12
D 391 229 2 392 393 394 11
L 396 226 -16
D 395 225 2 388 396 390 44
D 386 227 2 387 391 395 11
L 398 232 -178
L 400 234 -13
L 401 236 14
L 402 234 13
D 399 235 2 400 401 402 11
L 403 232 178
D 397 233 2 398 399 403 11
L 406 230 11
D 405 229 2 392 406 394 44
D 404 227 2 387 405 395 44
D 385 231 2 386 397 404 11
L 409 222 17
D 408 221 2 381 409 383 44
D 407 219 2 379 408 384 44
D 377 223 2 378 385 407 11
L 411 238 223
L 413 240 -222
L 415 242 -286
L 417 244 239
L 418 246 240
L 419 244 -239
D 416 245 2 417 418 419 11
L 420 242 286
D 414 243 2 415 416 420 11
L 421 240 222
D 412 241 2 413 414 421 11
L 422 238 -223
D 410 239 2 411 412 422 11
L 427 236 -14
D 426 235 2 400 427 402 44
D 425 233 2 398 426 403 44
D 424 231 2 386 425 404 44
D 423 223 2 378 424 407 44
D 376 237 2 377 410 423 11
L 432 216 115
D 431 215 2 367 432 369 44
D 430 213 2 365 431 370 44
D 429 211 2 360 430 371 44
D 428 207 2 348 429 373 44
D 346 217 2 347 376 428 11
L 438 248 265
L 440 250 -219
L 441 252 -217
L 442 250 219
D 439 251 2 440 441 442 11
L 443 248 -265
D 437 249 2 438 439 443 11
L 446 254 -216
L 447 256 215
L 448 254 216
D 445 255 2 446 447 448 11
L 450 258 276
L 452 260 -305
L 453 262 175
L 454 260 305
D 451 261 2 452 453 454 11
L 455 258 -276
D 449 259 2 450 451 455 11
L 457 256 -215
D 456 255 2 446 457 448 44
D 444 257 2 445 449 456 11
L 460 252 217
D 459 251 2 440 460 442 44
D 458 249 2 438 459 443 44
D 436 253 2 437 444 458 11
L 462 264 -107
L 466 266 2
L 467 268 -1
L 468 266 -2
D 465 267 2 466 467 468 11
L 469 270 -269
L 471 268 1
D 470 267 2 466 471 468 44
D 464 269 2 465 469 470 11
L 473 272 181
L 475 274 268
L 476 276 -67
L 477 274 -268
D 474 275 2 475 476 477 11
L 478 272 -181
D 472 273 2 473 474 478 11
L 480 270 269
D 479 269 2 465 480 470 44
D 463 271 2 464 472 479 11
L 481 264 107
D 461 265 2 462 463 481 11
L 486 262 -175
D 485 261 2 452 486 454 44
D 484 259 2 450 485 455 44
D 483 257 2 445 484 456 44
D 482 253 2 437 483 458 44
D 435 263 2 436 461 482 11
L 489 278 -197
L 491 280 196
L 492 282 247
L 493 280 -196
D 490 281 2 491 492 493 11
L 494 278 197
D 488 279 2 489 490 494 11
L 497 284 176
L 498 286 177
L 499 284 -176
D 496 285 2 497 498 499 11
L 501 288 232
L 502 290 250
L 503 288 -232
D 500 289 2 501 502 503 11
L 505 286 -177
D 504 285 2 497 505 499 44
D 495 287 2 496 500 504 11
L 508 282 -247
D 507 281 2 491 508 493 44
D 506 279 2 489 507 494 44
D 487 283 2 488 495 506 11
L 514 276 67
D 513 275 2 475 514 477 44
D 512 273 2 473 513 478 44
D 511 271 2 464 512 479 44
D 510 265 2 462 511 481 44
D 509 263 2 436 510 482 44
D 434 277 2 435 487 509 11
L 520 292 -98
L 521 294 -99
L 522 292 98
D 519 293 2 520 521 522 11
L 526 296 -68
L 527 298 -69
L 528 296 68
D 525 297 2 526 527 528 11
L 529 300 -95
L 531 298 69
D 530 297 2 526 531 528 44
D 524 299 2 525 529 530 11
L 533 302 -54
L 536 304 -48
L 537 306 -44
L 538 304 48
D 535 305 2 536 537 538 11
L 540 308 53
L 541 310 43
L 542 308 -53
D 539 309 2 540 541 542 11
L 544 306 44
D 543 305 2 536 544 538 44
D 534 307 2 535 539 543 11
L 545 302 54
D 532 303 2 533 534 545 11
L 547 300 95
D 546 299 2 525 547 530 44
D 523 301 2 524 532 546 11
L 549 294 99
D 548 293 2 520 549 522 44
D 518 295 2 519 523 548 11
L 552 312 -144
L 554 314 -285
L 555 316 -139
L 556 314 285
D 553 315 2 554 555 556 11
L 557 312 144
D 551 313 2 552 553 557 11
L 559 318 151
L 561 320 140
L 562 322 -150
L 563 320 -140
D 560 321 2 561 562 563 11
L 564 318 -151
D 558 319 2 559 560 564 11
L 567 316 139
D 566 315 2 554 567 556 44
D 565 313 2 552 566 557 44
D 550 317 2 551 558 565 11
L 573 310 -43
D 572 309 2 540 573 542 44
D 571 307 2 535 572 543 44
D 570 303 2 533 571 545 44
D 569 301 2 524 570 546 44
D 568 295 2 519 569 548 44
D 517 311 2 518 550 568 11
L 577 324 97
L 579 326 -147
L 580 328 30
L 581 326 147
D 578 327 2 579 580 581 11
L 582 324 -97
D 576 325 2 577 578 582 11
L 586 330 -84
L 587 332 85
L 588 330 84
D 585 331 2 586 587 588 11
L 590 334 -271
L 592 336 294
L 593 338 190
L 594 336 -294
D 591 337 2 592 593 594 11
L 595 334 271
D 589 335 2 590 591 595 11
L 597 332 -85
D 596 331 2 586 597 588 44
D 584 333 2 585 589 596 11
L 600 340 -124
L 602 342 88
L 603 344 87
L 604 342 -88
D 601 343 2 602 603 604 11
L 605 340 124
D 599 341 2 600 601 605 11
L 608 346 -257
L 610 348 10
L 611 350 -9
L 612 348 -10
D 609 349 2 610 611 612 11
L 613 346 257
D 607 347 2 608 609 613 11
L 615 352 256
L 617 354 -293
L 618 356 169
L 619 354 293
D 616 355 2 617 618 619 11
L 620 352 -256
D 614 353 2 615 616 620 11
L 623 350 9
D 622 349 2 610 623 612 44
D 621 347 2 608 622 613 44
D 606 351 2 607 614 621 11
L 626 344 -87
D 625 343 2 602 626 604 44
D 624 341 2 600 625 605 44
D 598 345 2 599 606 624 11
L 630 338 -190
D 629 337 2 592 630 594 44
D 628 335 2 590 629 595 44
D 627 333 2 585 628 596 44
D 583 339 2 584 598 627 11
L 633 328 -30
D 632 327 2 579 633 581 44
D 631 325 2 577 632 582 44
D 575 329 2 576 583 631 11
L 637 358 191
L 638 360 192
L 639 358 -191
D 636 359 2 637 638 639 11
L 641 362 173
L 642 364 241
L 643 362 -173
D 640 363 2 641 642 643 11
L 645 360 -192
D 644 359 2 637 645 639 44
D 635 361 2 636 640 644 11
L 648 366 -126
L 650 368 -125
L 651 370 -123
L 652 368 125
D 649 369 2 650 651 652 11
L 653 366 126
D 647 367 2 648 649 653 11
L 656 372 244
L 659 374 -307
L 661 376 -306
L 662 378 242
L 663 376 306
D 660 377 2 661 662 663 11
L 664 374 307
D 658 375 2 659 660 664 11
L 665 380 47
L 668 378 -242
D 667 377 2 661 668 663 44
D 666 375 2 659 667 664 44
D 657 379 2 658 665 666 11
L 669 372 -244
D 655 373 2 656 657 669 11
L 671 382 290
L 672 384 289
L 673 382 -290
D 670 383 2 671 672 673 11
L 676 380 -47
D 675 379 2 658 676 666 44
D 674 373 2 656 675 669 44
D 654 381 2 655 670 674 11
L 679 370 123
D 678 369 2 650 679 652 44
D 677 367 2 648 678 653 44
D 646 371 2 647 654 677 11
L 682 364 -241
D 681 363 2 641 682 643 44
D 680 361 2 636 681 644 44
D 634 365 2 635 646 680 11
L 689 356 -169
D 688 355 2 617 689 619 44
D 687 353 2 615 688 620 44
D 686 351 2 607 687 621 44
D 685 345 2 599 686 624 44
D 684 339 2 584 685 627 44
D 683 329 2 576 684 631 44
D 574 357 2 575 634 683 11
L 694 322 150
D 693 321 2 561 694 563 44
D 692 319 2 559 693 564 44
D 691 317 2 551 692 565 44
D 690 311 2 518 691 568 44
D 516 323 2 517 574 690 11
L 699 386 -149
L 701 388 205
L 703 390 209
L 704 392 206
L 705 390 -209
D 702 391 2 703 704 705 11
L 706 388 -205
D 700 389 2 701 702 706 11
L 707 386 149
D 698 387 2 699 700 707 11
L 710 394 -214
L 712 396 199
L 714 398 -300
L 715 400 -298
L 716 398 300
D 713 399 2 714 715 716 11
L 717 396 -199
D 711 397 2 712 713 717 11
L 718 394 214
D 709 395 2 710 711 718 11
L 721 402 -277
L 723 404 198
L 724 406 213
L 725 404 -198
D 722 405 2 723 724 725 11
L 726 402 277
D 720 403 2 721 722 726 11
L 727 408 -210
L 730 406 -213
D 729 405 2 723 730 725 44
D 728 403 2 721 729 726 44
D 719 407 2 720 727 728 11
L 734 400 298
D 733 399 2 714 734 716 44
D 732 397 2 712 733 717 44
D 731 395 2 710 732 718 44
D 708 401 2 709 719 731 11
L 738 392 -206
D 737 391 2 703 738 705 44
D 736 389 2 701 737 706 44
D 735 387 2 699 736 707 44
D 697 393 2 698 708 735 11
L 741 410 189
L 742 412 172
L 743 410 -189
D 740 411 2 741 742 743 11
L 745 414 182
L 747 416 -270
L 748 418 183
L 749 416 270
D 746 417 2 747 748 749 11
L 750 414 -182
D 744 415 2 745 746 750 11
L 752 412 -172
D 751 411 2 741 752 743 44
D 739 413 2 740 744 751 11
L 756 408 210
D 755 407 2 720 756 728 44
D 754 401 2 709 755 731 44
D 753 393 2 698 754 735 44
D 696 409 2 697 739 753 11
L 761 420 132
L 764 422 -83
L 765 424 -108
L 766 422 83
D 763 423 2 764 765 766 11
L 768 426 -96
L 769 428 134
L 770 426 96
D 767 427 2 768 769 770 11
L 772 424 108
D 771 423 2 764 772 766 44
D 762 425 2 763 767 771 11
L 773 420 -132
D 760 421 2 761 762 773 11
L 776 430 -57
L 779 432 -77
L 781 434 -62
L 784 436 -63
L 785 438 -64
L 786 436 63
D 783 437 2 784 785 786 11
L 787 440 -59
L 789 438 64
D 788 437 2 784 789 786 44
D 782 439 2 783 787 788 11
L 790 434 62
D 780 435 2 781 782 790 11
L 791 432 77
D 778 433 2 779 780 791 11
L 793 442 -36
L 795 444 -56
L 796 446 -60
L 797 444 56
D 794 445 2 795 796 797 11
L 798 442 36
D 792 443 2 793 794 798 11
L 802 440 59
D 801 439 2 783 802 788 44
D 800 435 2 781 801 790 44
D 799 433 2 779 800 791 44
D 777 441 2 778 792 799 11
L 803 430 57
D 775 431 2 776 777 803 11
L 806 448 142
L 807 450 4
L 808 448 -142
D 805 449 2 806 807 808 11
L 810 452 -3
L 812 454 35
L 814 456 -58
L 815 458 -61
L 816 456 58
D 813 457 2 814 815 816 11
L 817 454 -35
D 811 455 2 812 813 817 11
L 818 452 3
D 809 453 2 810 811 818 11
L 820 450 -4
D 819 449 2 806 820 808 44
D 804 451 2 805 809 819 11
D 821 431 2 803 777 776 11
D 823 449 2 808 807 806 11
D 824 449 2 808 820 806 44
D 822 451 2 823 809 824 11
L 828 446 60
D 827 445 2 795 828 797 44
D 826 443 2 793 827 798 44
D 825 441 2 778 826 799 44
D 774 447 3 775 804 821 822 825 11
L 832 428 -134
D 831 427 2 768 832 770 44
D 830 425 2 763 831 771 44
D 829 421 2 761 830 773 44
D 759 429 2 760 774 829 11
L 835 460 -6
L 837 462 5
L 838 464 -141
L 839 462 -5
D 836 463 2 837 838 839 11
L 840 460 6
D 841 463 2 839 838 837 11
D 834 461 2 835 836 840 841
L 844 466 -201
L 845 468 -91
L 846 466 201
D 843 467 2 844 845 846 11
L 847 470 -143
L 849 468 91
D 848 467 2 844 849 846 44
D 842 469 2 843 847 848 11
L 852 464 141
D 851 463 2 839 852 837 44
D 853 463 2 837 852 839 44
D 850 461 2 840 851 835 853
D 833 465 2 834 842 850 11
L 860 458 61
D 859 457 2 814 860 816 44
D 858 455 2 812 859 817 44
D 857 453 2 810 858 818 44
D 856 451 2 805 857 819 44
D 861 451 2 823 857 824 44
D 855 447 3 775 856 821 861 825 44
D 854 429 2 760 855 829 44
D 758 459 2 759 833 854 11
L 867 472 -225
L 868 474 211
L 869 472 225
D 866 473 2 867 868 869 11
L 871 476 224
L 872 478 -287
L 873 476 -224
D 870 477 2 871 872 873 11
L 875 474 -211
D 874 473 2 867 875 869 44
D 865 475 2 866 870 874 11
L 878 480 -281
L 879 482 231
L 880 480 281
D 877 481 2 878 879 880 11
L 882 484 246
L 884 486 -102
L 886 488 -101
L 887 490 280
L 888 488 101
D 885 489 2 886 887 888 11
L 889 486 102
D 883 487 2 884 885 889 11
L 890 484 -246
D 881 485 2 882 883 890 11
L 892 482 -231
D 891 481 2 878 892 880 44
D 876 483 2 877 881 891 11
L 895 478 287
D 894 477 2 871 895 873 44
D 893 475 2 866 894 874 44
D 864 479 2 865 876 893 11
L 899 492 229
L 901 494 278
L 902 496 -279
L 903 494 -278
D 900 495 2 901 902 903 11
L 904 492 -229
D 898 493 2 899 900 904 11
L 906 498 184
L 908 500 -230
L 909 502 194
L 910 500 230
D 907 501 2 908 909 910 11
L 911 498 -184
D 905 499 2 906 907 911 11
L 914 496 279
D 913 495 2 901 914 903 44
D 912 493 2 899 913 904 44
D 897 497 2 898 905 912 11
L 917 504 -55
L 918 506 -200
L 919 504 55
D 916 505 2 917 918 919 11
L 921 508 245
L 923 510 243
L 924 512 235
L 925 510 -243
D 922 511 2 923 924 925 11
L 926 508 -245
D 920 509 2 921 922 926 11
L 928 506 200
D 927 505 2 917 928 919 44
D 915 507 2 916 920 927 11
L 932 502 -194
D 931 501 2 908 932 910 44
D 930 499 2 906 931 911 44
D 929 497 2 898 930 912 44
D 896 503 2 897 915 929 11
L 938 490 -280
D 937 489 2 886 938 888 44
D 936 487 2 884 937 889 44
D 935 485 2 882 936 890 44
D 934 483 2 877 935 891 44
D 933 479 2 865 934 893 44
D 863 491 2 864 896 933 11
L 945 514 -109
L 946 516 -104
L 947 514 109
D 944 515 2 945 946 947 11
L 949 518 52
L 952 520 -34
L 953 522 33
L 954 520 34
D 951 521 2 952 953 954 11
L 955 524 -51
L 957 522 -33
D 956 521 2 952 957 954 44
D 950 523 2 951 955 956 11
L 958 518 -52
D 948 519 2 949 950 958 11
L 960 516 104
D 959 515 2 945 960 947 44
D 943 517 2 944 948 959 11
L 962 526 -111
L 963 528 -119
L 964 526 111
D 961 527 2 962 963 964 11
L 968 524 51
D 967 523 2 951 968 956 44
D 966 519 2 949 967 958 44
D 965 517 2 944 966 959 44
D 942 525 2 943 961 965 11
L 972 530 -299
L 973 532 267
L 974 530 299
D 971 531 2 972 973 974 11
L 976 534 46
L 977 536 -45
L 978 534 -46
D 975 535 2 976 977 978 11
L 980 532 -267
D 979 531 2 972 980 974 44
D 970 533 2 971 975 979 11
L 982 538 263
L 984 540 -301
L 985 542 261
L 986 540 301
D 983 541 2 984 985 986 11
L 987 538 -263
D 981 539 2 982 983 987 11
L 990 536 45
D 989 535 2 976 990 978 44
D 988 533 2 971 989 979 44
D 969 537 2 970 981 988 11
L 993 528 119
D 992 527 2 962 993 964 44
D 991 525 2 943 992 965 44
D 941 529 2 942 969 991 11
L 997 544 -133
L 998 546 112
L 999 544 133
D 996 545 2 997 998 999 11
L 1001 548 -80
L 1002 550 -86
L 1003 548 80
D 1000 549 2 1001 1002 1003 11
L 1005 546 -112
D 1004 545 2 997 1005 999 44
D 995 547 2 996 1000 1004 11
L 1008 552 -76
L 1009 554 -78
L 1010 552 76
D 1007 553 2 1008 1009 1010 11
L 1012 556 7
L 1013 558 -8
L 1014 556 -7
D 1011 557 2 1012 1013 1014 11
L 1016 554 78
D 1015 553 2 1008 1016 1010 44
D 1006 555 2 1007 1011 1015 11
L 1019 550 86
D 1018 549 2 1001 1019 1003 44
D 1017 547 2 996 1018 1004 44
D 994 551 2 995 1006 1017 11
L 1024 542 -261
D 1023 541 2 984 1024 986 44
D 1022 539 2 982 1023 987 44
D 1021 537 2 970 1022 988 44
D 1020 529 2 942 1021 991 44
D 940 543 2 941 994 1020 11
L 1028 560 -233
L 1029 562 -234
L 1030 560 233
D 1027 561 2 1028 1029 1030 11
L 1031 564 227
L 1033 562 234
D 1032 561 2 1028 1033 1030 44
D 1026 563 2 1027 1031 1032 11
L 1037 566 -228
L 1038 568 226
L 1039 566 228
D 1036 567 2 1037 1038 1039 11
L 1041 570 128
L 1043 572 -73
L 1044 574 -127
L 1045 572 73
D 1042 573 2 1043 1044 1045 11
L 1046 570 -128
D 1040 571 2 1041 1042 1046 11
L 1048 568 -226
D 1047 567 2 1037 1048 1039 44
D 1035 569 2 1036 1040 1047 11
L 1053 576 253
L 1054 578 -312
L 1055 576 -253
D 1052 577 2 1053 1054 1055 11
L 1057 580 -311
L 1058 582 274
L 1059 580 311
D 1056 581 2 1057 1058 1059 11
L 1061 578 312
D 1060 577 2 1053 1061 1055 44
D 1051 579 2 1052 1056 1060 11
L 1063 584 -166
L 1064 586 167
L 1065 584 166
D 1062 585 2 1063 1064 1065 11
L 1068 582 -274
D 1067 581 2 1057 1068 1059 44
D 1066 579 2 1052 1067 1060 44
D 1050 583 2 1051 1062 1066 11
L 1071 588 252
L 1073 590 -275
L 1074 592 -164
L 1075 590 275
D 1072 591 2 1073 1074 1075 11
L 1076 588 -252
D 1070 589 2 1071 1072 1076 11
L 1079 594 193
L 1080 596 180
L 1081 594 -193
D 1078 595 2 1079 1080 1081 11
L 1083 598 -165
L 1086 600 -122
L 1088 602 179
L 1089 604 -90
L 1090 602 -179
D 1087 603 2 1088 1089 1090 11
L 1091 600 122
D 1085 601 2 1086 1087 1091 11
L 1094 606 -89
L 1095 608 70
L 1096 606 89
D 1093 607 2 1094 1095 1096 11
L 1099 610 19
L 1100 612 -20
L 1101 610 -19
D 1098 611 2 1099 1100 1101 11
L 1103 614 23
L 1105 616 -24
L 1107 618 -22
L 1109 620 71
L 1110 622 21
L 1111 620 -71
D 1108 621 2 1109 1110 1111 11
L 1112 618 22
D 1106 619 2 1107 1108 1112 11
L 1113 616 24
D 1104 617 2 1105 1106 1113 11
L 1114 614 -23
D 1102 615 2 1103 1104 1114 11
L 1116 612 20
D 1115 611 2 1099 1116 1101 44
D 1097 613 2 1098 1102 1115 11
L 1118 608 -70
D 1117 607 2 1094 1118 1096 44
D 1092 609 2 1093 1097 1117 11
L 1121 604 90
D 1120 603 2 1088 1121 1090 44
D 1119 601 2 1086 1120 1091 44
D 1084 605 2 1085 1092 1119 11
L 1122 598 165
D 1082 599 2 1083 1084 1122 11
L 1124 596 -180
D 1123 595 2 1079 1124 1081 44
D 1077 597 2 1078 1082 1123 11
L 1127 592 164
D 1126 591 2 1073 1127 1075 44
D 1125 589 2 1071 1126 1076 44
D 1069 593 2 1070 1077 1125 11
L 1130 586 -167
D 1129 585 2 1063 1130 1065 44
D 1128 583 2 1051 1129 1066 44
D 1049 587 2 1050 1069 1128 11
L 1134 574 127
D 1133 573 2 1043 1134 1045 44
D 1132 571 2 1041 1133 1046 44
D 1131 569 2 1036 1132 1047 44
D 1034 575 2 1035 1049 1131 11
L 1136 564 -227
D 1135 563 2 1027 1136 1032 44
D 1025 565 2 1026 1034 1135 11
L 1141 558 8
D 1140 557 2 1012 1141 1014 44
D 1139 555 2 1007 1140 1015 44
D 1138 551 2 995 1139 1017 44
D 1137 543 2 941 1138 1020 44
D 939 559 2 940 1025 1137 11
L 1147 512 -235
D 1146 511 2 923 1147 925 44
D 1145 509 2 921 1146 926 44
D 1144 507 2 916 1145 927 44
D 1143 503 2 897 1144 929 44
D 1142 491 2 864 1143 933 44
D 862 513 2 863 939 1142 11
L 1151 470 143
D 1150 469 2 843 1151 848 44
D 1149 465 2 834 1150 850 44
D 1148 459 2 759 1149 854 44
D 757 471 2 758 862 1148 11
L 1156 418 -183
D 1155 417 2 747 1156 749 44
D 1154 415 2 745 1155 750 44
D 1153 413 2 740 1154 751 44
D 1152 409 2 697 1153 753 44
D 695 419 2 696 757 1152 11
L 1163 384 -289
D 1162 383 2 671 1163 673 44
D 1161 381 2 655 1162 674 44
D 1160 371 2 647 1161 677 44
D 1159 365 2 635 1160 680 44
D 1158 357 2 575 1159 683 44
D 1157 323 2 517 1158 690 44
D 515 385 2 516 695 1157 11
L 1168 290 -250
D 1167 289 2 501 1168 503 44
D 1166 287 2 496 1167 504 44
D 1165 283 2 488 1166 506 44
D 1164 277 2 435 1165 509 44
D 433 291 2 434 515 1164 11
D 1172 205 2 356 355 354 11
D 1171 203 2 349 1172 357 11
D 1174 205 2 356 375 354 44
D 1173 203 2 349 1174 357 44
D 1170 207 2 1171 359 1173 11
D 1175 207 2 1171 429 1173 44
D 1169 217 2 1170 376 1175 11
D 1181 293 2 522 521 520 11
D 1182 293 2 522 549 520 44
D 1180 295 2 1181 523 1182 11
D 1185 321 2 563 562 561 11
D 1184 319 2 559 1185 564 11
D 1183 317 2 551 1184 565 11
D 1186 295 2 1181 569 1182 44
D 1179 311 2 1180 1183 1186 11
D 1189 325 2 582 578 577 11
D 1190 325 2 582 632 577 44
D 1188 329 2 1189 583 1190 11
D 1191 329 2 1189 684 1190 44
D 1187 357 2 1188 634 1191 11
D 1195 321 2 563 694 561 44
D 1194 319 2 559 1195 564 44
D 1193 317 2 551 1194 565 44
D 1192 311 2 1180 1193 1186 44
D 1178 323 2 1179 1187 1192 11
D 1202 449 2 806 820 808 11
D 1203 453 2 818 811 810 11
D 1204 449 2 806 807 808 44
D 1201 451 2 1202 1203 1204 11
D 1205 431 2 776 825 803 44
D 1200 447 2 775 1201 1205 11
D 1199 429 2 760 1200 829 11
D 1207 461 2 835 836 840 11
D 1208 461 2 835 853 840 44
D 1206 465 2 1207 842 1208 11
D 1212 449 2 808 820 806 11
D 1213 449 2 808 807 806 44
D 1211 451 2 1212 1203 1213 11
D 1214 431 2 803 825 776 44
D 1210 447 2 821 1211 1214 11
D 1209 429 2 760 1210 829 11
D 1218 453 2 818 858 810 44
D 1217 451 2 1202 1218 1204 44
D 1219 451 2 1212 1218 1213 44
D 1216 447 3 775 1217 821 1219 825 44
D 1215 429 2 760 1216 829 44
D 1198 459 3 1199 1206 1209 833 1215 11
D 1221 465 2 1207 1150 1208 44
D 1220 459 3 1199 1221 1209 1149 1215 44
D 1197 471 2 1198 862 1220 11
D 1196 419 2 696 1197 1152 11
D 1223 357 2 1188 1159 1191 44
D 1222 323 2 1179 1223 1192 44
D 1177 385 2 1178 1196 1222 11
D 1176 291 2 434 1177 1164 11
D 1226 203 2 349 355 357 11
D 1227 203 2 349 375 357 44
D 1225 207 2 1226 359 1227 11
L 1233 246 -240
D 1232 245 2 417 1233 419 44
D 1231 243 2 415 1232 420 44
D 1230 241 2 413 1231 421 44
D 1229 239 2 411 1230 422 44
D 1228 237 2 377 1229 423 44
D 1234 207 2 1226 429 1227 44
D 1224 217 2 1225 1228 1234 44
D 345 247 3 346 433 1169 1176 1224 11
L 1240 198 93
D 1239 197 2 326 1240 328 44
D 1238 195 2 324 1239 329 44
D 1237 193 2 316 1238 330 44
D 1236 187 2 300 1237 333 44
D 1235 177 2 222 1236 336 44
D 220 199 2 221 345 1235 11
L 1246 132 -188
D 1245 131 2 205 1246 207 44
D 1244 129 2 199 1245 208 44
D 1243 125 2 194 1244 209 44
D 1242 121 2 189 1243 211 44
D 1241 117 2 153 1242 213 44
D 151 133 2 152 220 1241 11
L 1252 94 66
D 1251 93 2 140 1252 142 44
D 1250 91 2 138 1251 143 44
D 1249 89 2 136 1250 144 44
D 1248 87 2 131 1249 145 44
D 1247 83 2 112 1248 147 44
D 110 95 2 111 151 1247 11
L 1259 70 -255
D 1258 69 2 97 1259 99 44
D 1257 67 2 95 1258 100 44
D 1256 65 2 90 1257 101 44
D 1255 61 2 85 1256 103 44
D 1254 57 2 73 1255 105 44
D 1253 49 2 68 1254 108 44
D 66 71 2 67 110 1253 11
L 1263 44 156
D 1262 43 2 60 1263 62 44
D 1261 41 2 58 1262 63 44
D 1260 39 2 53 1261 64 44
D 51 45 2 52 66 1260 11
L 1271 34 39
D 1270 33 2 39 1271 41 44
D 1269 31 2 34 1270 42 44
D 1268 27 2 32 1269 45 44
D 1267 25 2 30 1268 46 44
D 1266 23 2 28 1267 47 44
D 1265 21 2 26 1266 48 44
D 1264 19 2 21 1265 49 44
D 19 35 2 20 51 1264 11
L 1273 14 159
D 1272 13 2 16 1273 18 44
D 14 15 2 15 19 1272 11
L 1274 10 -202
D 12 11 2 13 14 1274 11
L 1276 8 -308
D 1275 7 2 8 1276 10 44
D 6 9 2 7 12 1275 11
L 1277 4 249
D 4 5 2 5 6 1277 11
L 1278 2 -221
D 2 3 2 3 4 1278 11
L 1279 0 248
D 1283 7 2 8 1276 10 11
D 1286 13 2 16 1273 18 11
D 1289 17 2 24 23 22 11
D 1290 21 2 48 27 26 11
D 1291 17 2 24 50 22 44
D 1288 19 2 1289 1290 1291 11
D 1294 41 2 63 59 58 11
D 1293 39 2 53 1294 64 11
D 1299 85 2 132 146 134 11
D 1300 85 2 132 133 134 44
D 1298 87 2 1299 135 1300 11
D 1297 83 2 112 1298 147 11
D 1308 281 2 491 508 493 11
D 1307 279 2 489 1308 494 11
D 1310 281 2 491 492 493 44
D 1309 279 2 489 1310 494 44
D 1306 283 2 1307 495 1309 11
D 1305 277 2 435 1306 509 11
D 1316 327 2 581 580 579 11
D 1315 325 2 582 1316 577 11
D 1320 337 2 594 593 592 11
D 1319 335 2 595 1320 590 11
D 1318 333 2 585 1319 596 11
D 1323 343 2 604 626 602 11
D 1322 341 2 605 1323 600 11
D 1326 349 2 612 623 610 11
D 1325 347 2 613 1326 608 11
D 1328 355 2 619 689 617 11
D 1327 353 2 620 1328 615 11
D 1330 349 2 612 611 610 44
D 1329 347 2 613 1330 608 44
D 1324 351 2 1325 1327 1329 11
D 1332 343 2 604 603 602 44
D 1331 341 2 605 1332 600 44
D 1321 345 2 1322 1324 1331 11
D 1335 337 2 594 630 592 44
D 1334 335 2 595 1335 590 44
D 1333 333 2 585 1334 596 44
D 1317 339 2 1318 1321 1333 11
D 1337 327 2 581 633 579 44
D 1336 325 2 582 1337 577 44
D 1314 329 2 1315 1317 1336 11
D 1340 363 2 643 682 641 11
D 1339 361 2 636 1340 644 11
D 1343 369 2 652 679 650 11
D 1342 367 2 653 1343 648 11
D 1348 377 2 661 668 663 11
D 1347 375 2 659 1348 664 11
D 1350 377 2 661 662 663 44
D 1349 375 2 659 1350 664 44
D 1346 379 2 1347 665 1349 11
D 1345 373 2 669 1346 656 11
D 1352 379 2 1347 676 1349 44
D 1351 373 2 669 1352 656 44
D 1344 381 2 1345 670 1351 11
D 1354 369 2 652 651 650 44
D 1353 367 2 653 1354 648 44
D 1341 371 2 1342 1344 1353 11
D 1356 363 2 643 642 641 44
D 1355 361 2 636 1356 644 44
D 1338 365 2 1339 1341 1355 11
D 1362 355 2 619 618 617 44
D 1361 353 2 620 1362 615 44
D 1360 351 2 1325 1361 1329 44
D 1359 345 2 1322 1360 1331 44
D 1358 339 2 1318 1359 1333 44
D 1357 329 2 1315 1358 1336 44
D 1313 357 2 1314 1338 1357 11
D 1312 323 2 1179 1313 1192 11
D 1369 485 2 890 883 882 11
D 1368 483 2 877 1369 891 11
D 1367 479 2 865 1368 893 11
D 1373 511 2 925 924 923 11
D 1372 509 2 921 1373 926 11
D 1371 507 2 916 1372 927 11
D 1370 503 2 897 1371 929 11
D 1376 485 2 890 936 882 44
D 1375 483 2 877 1376 891 44
D 1374 479 2 865 1375 893 44
D 1366 491 2 1367 1370 1374 11
D 1381 511 2 925 1147 923 44
D 1380 509 2 921 1381 926 44
D 1379 507 2 916 1380 927 44
D 1378 503 2 897 1379 929 44
D 1377 491 2 1367 1378 1374 44
D 1365 513 2 1366 939 1377 11
D 1364 471 2 1198 1365 1220 11
D 1363 419 2 696 1364 1152 11
D 1386 381 2 1345 1162 1351 44
D 1385 371 2 1342 1386 1353 44
D 1384 365 2 1339 1385 1355 44
D 1383 357 2 1314 1384 1357 44
D 1382 323 2 1179 1383 1192 44
D 1311 385 2 1312 1363 1382 11
D 1388 283 2 1307 1166 1309 44
D 1387 277 2 435 1388 509 44
D 1304 291 2 1305 1311 1387 11
D 1394 325 2 577 1316 582 11
D 1395 325 2 577 1337 582 44
D 1393 329 2 1394 1317 1395 11
D 1396 329 2 1394 1358 1395 44
D 1392 357 2 1393 1338 1396 11
D 1391 323 2 517 1392 690 11
D 1398 471 2 758 1365 1148 11
D 1397 419 2 696 1398 1152 11
D 1400 357 2 1393 1384 1396 44
D 1399 323 2 517 1400 690 44
D 1390 385 2 1391 1397 1399 11
D 1389 291 2 1305 1390 1387 11
D 1303 247 3 1169 1304 346 1389 1224 11
D 1302 199 2 221 1303 1235 11
D 1301 133 2 152 1302 1241 11
D 1402 87 2 1299 1249 1300 44
D 1401 83 2 112 1402 147 44
D 1296 95 2 1297 1301 1401 11
D 1295 71 2 67 1296 1253 11
D 1404 41 2 63 1262 58 44
D 1403 39 2 53 1404 64 44
D 1292 45 2 1293 1295 1403 11
D 1406 21 2 48 1266 26 44
D 1405 19 2 1289 1406 1291 44
D 1287 35 2 1288 1292 1405 11
D 1407 13 2 16 17 18 44
D 1285 15 2 1286 1287 1407 11
D 1284 11 2 13 1285 1274 11
D 1408 7 2 8 9 10 44
D 1282 9 2 1283 1284 1408 11
D 1281 5 2 1277 1282 5 11
D 1280 3 2 3 1281 1278 11
D 0 1 2 1 2 1279 1280
