c ids of sdd nodes start at 0
c sdd nodes appear bottom-up, children before parents
c
c file syntax:
c sdd count-of-sdd-nodes
c F id-of-false-sdd-node
c T id-of-true-sdd-node
c L id-of-literal-sdd-node id-of-vtree literal
c D id-of-decomposition-sdd-node id-of-vtree number-of-elements {id-of-prime id-of-sub}*
c
sdd 1420
L 1 0 -216
L 3 2 -219
L 6 4 262
L 8 6 179
L 9 8 178
L 10 6 -179
F 11
D 7 7 2 8 9 10 11
L 12 4 -262
D 5 5 2 6 7 12 11
L 15 10 -217
L 17 12 -218
L 18 14 220
L 19 12 218
D 16 13 2 17 18 19 11
L 20 10 217
D 14 11 2 15 16 20 11
L 23 16 -208
L 25 18 -254
L 26 20 255
L 27 18 254
D 24 19 2 25 26 27 11
L 28 16 208
D 22 17 2 23 24 28 11
L 32 22 -190
L 34 24 -273
L 36 26 -19
L 37 28 20
L 38 26 19
D 35 27 2 36 37 38 11
L 39 24 273
D 33 25 2 34 35 39 11
L 40 22 190
D 31 23 2 32 33 40 11
L 44 30 157
L 45 32 -306
L 46 30 -157
D 43 31 2 44 45 46 11
L 48 34 -104
L 50 36 -103
L 51 38 -196
L 52 36 103
D 49 37 2 50 51 52 11
L 53 34 104
D 47 35 2 48 49 53 11
L 55 32 306
T 56
D 54 31 2 44 55 46 56
D 42 33 2 43 47 54 11
L 59 40 8
L 60 42 -7
L 61 40 -8
D 58 41 2 59 60 61 11
L 64 44 -25
L 65 46 26
L 66 44 25
D 63 45 2 64 65 66 11
L 68 48 189
L 70 50 24
L 71 52 -23
L 72 50 -24
D 69 51 2 70 71 72 11
L 73 48 -189
D 67 49 2 68 69 73 11
L 75 46 -26
D 74 45 2 64 75 66 56
D 62 47 2 63 67 74 11
L 77 42 7
D 76 41 2 59 77 61 56
D 57 43 2 58 62 76 11
L 81 38 196
D 80 37 2 50 81 52 56
D 79 35 2 48 80 53 56
D 78 33 2 43 79 54 56
D 41 39 2 42 57 78 11
L 85 28 -20
D 84 27 2 36 85 38 56
D 83 25 2 34 84 39 56
D 82 23 2 32 83 40 56
D 30 29 2 31 41 82 11
L 88 54 138
L 92 56 -125
L 93 58 -305
L 94 56 125
D 91 57 2 92 93 94 11
L 97 60 -285
L 98 62 -287
L 99 60 285
D 96 61 2 97 98 99 11
L 101 64 299
L 103 66 -309
L 104 68 -271
L 105 66 309
D 102 67 2 103 104 105 11
L 106 64 -299
D 100 65 2 101 102 106 11
L 108 62 287
D 107 61 2 97 108 99 56
D 95 63 2 96 100 107 11
L 110 58 305
D 109 57 2 92 110 94 56
D 90 59 2 91 95 109 11
L 113 70 -288
L 114 72 -253
L 115 70 288
D 112 71 2 113 114 115 11
L 118 74 -137
L 119 76 136
L 120 74 137
D 117 75 2 118 119 120 11
L 122 78 256
L 124 80 289
L 125 82 -290
L 126 80 -289
D 123 81 2 124 125 126 11
L 127 78 -256
D 121 79 2 122 123 127 11
L 129 76 -136
D 128 75 2 118 129 120 56
D 116 77 2 117 121 128 11
L 131 72 253
D 130 71 2 113 131 115 56
D 111 73 2 112 116 130 11
L 136 68 271
D 135 67 2 103 136 105 56
D 134 65 2 101 135 106 56
D 133 63 2 96 134 107 56
D 132 59 2 91 133 109 56
D 89 69 2 90 111 132 11
L 137 54 -138
D 87 55 2 88 89 137 11
L 141 84 221
L 142 86 222
L 143 84 -221
D 140 85 2 141 142 143 11
L 145 88 -233
L 148 90 -232
L 149 92 231
L 150 90 232
D 147 91 2 148 149 150 11
L 152 94 183
L 153 96 182
L 154 94 -183
D 151 95 2 152 153 154 11
L 156 92 -231
D 155 91 2 148 156 150 56
D 146 93 2 147 151 155 11
L 157 88 233
D 144 89 2 145 146 157 11
L 159 86 -222
D 158 85 2 141 159 143 56
D 139 87 2 140 144 158 11
L 164 98 158
L 165 100 -159
L 166 98 -158
D 163 99 2 164 165 166 11
L 169 102 170
L 170 104 283
L 171 102 -170
D 168 103 2 169 170 171 11
L 173 106 169
L 174 108 215
L 175 106 -169
D 172 107 2 173 174 175 11
L 177 104 -283
D 176 103 2 169 177 171 56
D 167 105 2 168 172 176 11
L 179 100 159
D 178 99 2 164 179 166 56
D 162 101 2 163 167 178 11
L 182 110 228
L 183 112 269
L 184 110 -228
D 181 111 2 182 183 184 11
L 188 114 -165
L 189 116 297
L 190 114 165
D 187 115 2 188 189 190 11
L 192 118 -292
L 194 120 -173
L 196 122 -166
L 197 124 -174
L 198 122 166
D 195 123 2 196 197 198 11
L 199 120 173
D 193 121 2 194 195 199 11
L 200 118 292
D 191 119 2 192 193 200 11
L 202 116 -297
D 201 115 2 188 202 190 56
D 186 117 2 187 191 201 11
L 206 126 298
L 207 128 -293
L 208 126 -298
D 205 127 2 206 207 208 11
L 209 130 -261
L 211 128 293
D 210 127 2 206 211 208 56
D 204 129 2 205 209 210 11
L 213 132 257
L 215 134 260
L 216 136 -291
L 217 134 -260
D 214 135 2 215 216 217 11
L 218 132 -257
D 212 133 2 213 214 218 11
L 220 130 261
D 219 129 2 205 220 210 56
D 203 131 2 204 212 219 11
L 225 124 174
D 224 123 2 196 225 198 56
D 223 121 2 194 224 199 56
D 222 119 2 192 223 200 56
D 221 117 2 187 222 201 56
D 185 125 2 186 203 221 11
L 227 112 -269
D 226 111 2 182 227 184 56
D 180 113 2 181 185 226 11
L 231 108 -215
D 230 107 2 173 231 175 56
D 229 105 2 168 230 176 56
D 228 101 2 163 229 178 56
D 161 109 2 162 180 228 11
L 237 138 -36
L 238 140 35
L 239 138 36
D 236 139 2 237 238 239 11
L 241 142 67
L 243 144 40
L 244 146 -39
L 245 144 -40
D 242 145 2 243 244 245 11
L 246 142 -67
D 240 143 2 241 242 246 11
L 248 140 -35
D 247 139 2 237 248 239 56
D 235 141 2 236 240 247 11
L 250 148 -134
L 252 150 43
L 253 152 -44
L 254 150 -43
D 251 151 2 252 253 254 11
L 255 148 134
D 249 149 2 250 251 255 11
L 259 146 39
D 258 145 2 243 259 245 56
D 257 143 2 241 258 246 56
D 256 141 2 236 257 247 56
D 234 147 2 235 249 256 11
L 265 154 -58
L 266 156 -133
L 267 154 58
D 264 155 2 265 266 267 11
L 269 158 -27
L 270 160 28
L 271 158 27
D 268 159 2 269 270 271 11
L 273 156 133
D 272 155 2 265 273 267 56
D 263 157 2 264 268 272 11
L 275 162 -59
L 276 164 -152
L 277 162 59
D 274 163 2 275 276 277 11
L 280 160 -28
D 279 159 2 269 280 271 56
D 278 157 2 264 279 272 56
D 262 161 2 263 274 278 11
L 284 166 -150
L 285 168 -105
L 286 166 150
D 283 167 2 284 285 286 11
L 288 170 151
L 290 172 -34
L 291 174 33
L 292 172 34
D 289 173 2 290 291 292 11
L 293 170 -151
D 287 171 2 288 289 293 11
L 295 168 105
D 294 167 2 284 295 286 56
D 282 169 2 283 287 294 11
L 298 176 66
L 299 178 -65
L 300 176 -66
D 297 177 2 298 299 300 11
L 302 180 -76
L 304 182 -46
L 305 184 45
L 306 182 46
D 303 183 2 304 305 306 11
L 307 180 76
D 301 181 2 302 303 307 11
L 309 178 65
D 308 177 2 298 309 300 56
D 296 179 2 297 301 308 11
L 313 174 -33
D 312 173 2 290 313 292 56
D 311 171 2 288 312 293 56
D 310 169 2 283 311 294 56
D 281 175 2 282 296 310 11
L 316 164 152
D 315 163 2 275 316 277 56
D 314 161 2 263 315 278 56
D 261 165 2 262 281 314 11
L 319 186 160
L 321 188 230
L 322 190 -162
L 323 188 -230
D 320 189 2 321 322 323 11
L 324 186 -160
D 318 187 2 319 320 324 11
L 327 192 -188
L 328 194 296
L 329 192 188
D 326 193 2 327 328 329 11
L 331 196 -167
L 333 198 -168
L 334 200 172
L 335 198 168
D 332 199 2 333 334 335 11
L 336 196 167
D 330 197 2 331 332 336 11
L 338 194 -296
D 337 193 2 327 338 329 56
D 325 195 2 326 330 337 11
L 341 190 162
D 340 189 2 321 341 323 56
D 339 187 2 319 340 324 56
D 317 191 2 318 325 339 11
L 347 184 -45
D 346 183 2 304 347 306 56
D 345 181 2 302 346 307 56
D 344 179 2 297 345 308 56
D 343 175 2 282 344 310 56
D 342 165 2 262 343 314 56
D 260 185 2 261 317 342 11
L 351 152 44
D 350 151 2 252 351 254 56
D 349 149 2 250 350 255 56
D 348 147 2 235 349 256 56
D 233 153 2 234 260 348 11
L 357 202 -229
L 358 204 -294
L 359 202 229
D 356 203 2 357 358 359 11
L 361 206 180
L 362 208 181
L 363 206 -180
D 360 207 2 361 362 363 11
L 365 204 294
D 364 203 2 357 365 359 56
D 355 205 2 356 360 364 11
L 368 210 -108
L 370 212 -10
L 371 214 9
L 372 212 10
D 369 213 2 370 371 372 11
L 373 210 108
D 367 211 2 368 369 373 11
L 377 216 -82
L 379 218 -97
L 380 220 -95
L 381 218 97
D 378 219 2 379 380 381 11
L 382 216 82
D 376 217 2 377 378 382 11
L 383 222 93
L 386 220 95
D 385 219 2 379 386 381 56
D 384 217 2 377 385 382 56
D 375 221 2 376 383 384 11
L 389 224 -84
L 391 226 -98
L 392 228 -79
L 393 226 98
D 390 227 2 391 392 393 11
L 394 224 84
D 388 225 2 389 390 394 11
L 396 230 78
L 397 232 94
L 398 230 -78
D 395 231 2 396 397 398 11
L 401 228 79
D 400 227 2 391 401 393 56
D 399 225 2 389 400 394 56
D 387 229 2 388 395 399 11
L 403 222 -93
D 402 221 2 376 403 384 56
D 374 223 2 375 387 402 11
L 406 214 -9
D 405 213 2 370 406 372 56
D 404 211 2 368 405 373 56
D 366 215 2 367 374 404 11
L 409 208 -181
D 408 207 2 361 409 363 56
D 407 205 2 356 408 364 56
D 354 209 2 355 366 407 11
L 414 234 -239
L 416 236 -235
L 417 238 -63
L 418 236 235
D 415 237 2 416 417 418 11
L 419 234 239
D 413 235 2 414 415 419 11
L 420 240 277
L 423 238 63
D 422 237 2 416 423 418 56
D 421 235 2 414 422 419 56
D 412 239 2 413 420 421 11
L 427 242 -278
L 428 244 -304
L 429 242 278
D 426 243 2 427 428 429 11
L 430 246 -41
L 432 244 304
D 431 243 2 427 432 429 56
D 425 245 2 426 430 431 11
L 434 248 -73
L 436 250 -282
L 437 252 -75
L 438 250 282
D 435 251 2 436 437 438 11
L 439 248 73
D 433 249 2 434 435 439 11
L 441 246 41
D 440 245 2 426 441 431 56
D 424 247 2 425 433 440 11
L 443 240 -277
D 442 239 2 413 443 421 56
D 411 241 2 412 424 442 11
L 447 254 236
L 449 256 -307
L 450 258 308
L 451 256 307
D 448 257 2 449 450 451 11
L 452 254 -236
D 446 255 2 447 448 452 11
L 455 260 238
L 456 262 249
L 457 260 -238
D 454 261 2 455 456 457 11
L 459 264 149
L 460 266 237
L 461 264 -149
D 458 265 2 459 460 461 11
L 463 262 -249
D 462 261 2 455 463 457 56
D 453 263 2 454 458 462 11
L 466 258 -308
D 465 257 2 449 466 451 56
D 464 255 2 447 465 452 56
D 445 259 2 446 453 464 11
L 471 268 198
L 472 270 199
L 473 268 -198
D 470 269 2 471 472 473 11
L 474 272 270
L 476 270 -199
D 475 269 2 471 476 473 56
D 469 271 2 470 474 475 11
L 478 274 197
L 479 276 -295
L 480 274 -197
D 477 275 2 478 479 480 11
L 482 272 -270
D 481 271 2 470 482 475 56
D 468 273 2 469 477 481 11
L 487 278 -247
L 488 280 246
L 489 278 247
D 486 279 2 487 488 489 11
L 491 282 74
L 492 284 -132
L 493 282 -74
D 490 283 2 491 492 493 11
L 495 280 -246
D 494 279 2 487 495 489 56
D 485 281 2 486 490 494 11
L 498 286 -284
L 499 288 -310
L 500 286 284
D 497 287 2 498 499 500 11
L 502 290 -300
L 503 292 272
L 504 290 300
D 501 291 2 502 503 504 11
L 506 288 310
D 505 287 2 498 506 500 56
D 496 289 2 497 501 505 11
L 509 284 132
D 508 283 2 491 509 493 56
D 507 281 2 486 508 494 56
D 484 285 2 485 496 507 11
L 512 294 286
L 514 296 -60
L 515 298 -61
L 516 296 60
D 513 297 2 514 515 516 11
L 517 294 -286
D 511 295 2 512 513 517 11
L 519 300 248
L 520 302 250
L 521 300 -248
D 518 301 2 519 520 521 11
L 524 298 61
D 523 297 2 514 524 516 56
D 522 295 2 512 523 517 56
D 510 299 2 511 518 522 11
L 528 292 -272
D 527 291 2 502 528 504 56
D 526 289 2 497 527 505 56
D 525 285 2 485 526 507 56
D 483 293 2 484 510 525 11
L 531 276 295
D 530 275 2 478 531 480 56
D 529 273 2 469 530 481 56
D 467 277 2 468 483 529 11
L 535 266 -237
D 534 265 2 459 535 461 56
D 533 263 2 454 534 462 56
D 532 259 2 446 533 464 56
D 444 267 2 445 467 532 11
L 540 252 75
D 539 251 2 436 540 438 56
D 538 249 2 434 539 439 56
D 537 247 2 425 538 440 56
D 536 241 2 412 537 442 56
D 410 253 2 411 444 536 11
L 546 232 -94
D 545 231 2 396 546 398 56
D 544 229 2 388 545 399 56
D 543 223 2 375 544 402 56
D 542 215 2 367 543 404 56
D 541 209 2 355 542 407 56
D 353 233 2 354 410 541 11
L 552 304 -114
L 553 306 -107
L 554 304 114
D 551 305 2 552 553 554 11
L 556 308 90
L 557 310 92
L 558 308 -90
D 555 309 2 556 557 558 11
L 560 306 107
D 559 305 2 552 560 554 56
D 550 307 2 551 555 559 11
L 562 312 -116
L 565 314 -89
L 567 316 -102
L 569 318 -38
L 570 320 37
L 571 318 38
D 568 319 2 569 570 571 11
L 572 316 102
D 566 317 2 567 568 572 11
L 573 314 89
D 564 315 2 565 566 573 11
L 575 322 -83
L 576 324 -115
L 577 322 83
D 574 323 2 575 576 577 11
L 581 320 -37
D 580 319 2 569 581 571 56
D 579 317 2 567 580 572 56
D 578 315 2 565 579 573 56
D 563 321 2 564 574 578 11
L 582 312 116
D 561 313 2 562 563 582 11
L 585 310 -92
D 584 309 2 556 585 558 56
D 583 307 2 551 584 559 56
D 549 311 2 550 561 583 11
L 589 326 -85
L 590 328 -86
L 591 326 85
D 588 327 2 589 590 591 11
L 593 330 -57
L 595 332 -106
L 596 334 77
L 597 332 106
D 594 333 2 595 596 597 11
L 598 330 57
D 592 331 2 593 594 598 11
L 600 328 86
D 599 327 2 589 600 591 56
D 587 329 2 588 592 599 11
L 603 336 81
L 605 338 -96
L 606 340 -80
L 607 338 96
D 604 339 2 605 606 607 11
L 608 336 -81
D 602 337 2 603 604 608 11
L 611 342 17
L 612 344 -18
L 613 342 -17
L 614 344 18
D 610 343 2 611 612 613 614
L 615 346 -135
D 616 343 2 613 612 611 614
D 609 345 2 610 615 616 11
L 619 340 80
D 618 339 2 605 619 607 56
D 617 337 2 603 618 608 56
D 601 341 2 602 609 617 11
L 623 334 -77
D 622 333 2 595 623 597 56
D 621 331 2 593 622 598 56
D 620 329 2 588 621 599 56
D 586 335 2 587 601 620 11
L 628 324 115
D 627 323 2 575 628 577 11
D 626 321 2 564 627 578 11
D 625 313 2 562 626 582 11
D 624 311 2 550 625 583 11
D 631 337 2 608 604 603 11
D 633 343 2 611 612 613 11
D 634 343 2 611 614 613 56
D 632 345 2 633 615 634 11
D 635 337 2 608 618 603 56
D 630 341 2 631 632 635 11
D 629 335 2 587 630 620 11
D 638 321 2 564 577 578 56
D 637 313 2 562 638 582 56
D 636 311 2 550 637 583 56
D 548 325 3 549 586 624 629 636 11
L 645 348 194
L 646 350 88
L 647 348 -194
D 644 349 2 645 646 647 11
L 649 352 205
L 651 354 -14
L 652 356 13
L 653 354 14
D 650 355 2 651 652 653 11
L 654 352 -205
D 648 353 2 649 650 654 11
L 656 350 -88
D 655 349 2 645 656 647 56
D 643 351 2 644 648 655 11
L 659 358 -200
L 661 360 -202
L 662 362 -201
L 663 360 202
D 660 361 2 661 662 663 11
L 664 358 200
D 658 359 2 659 660 664 11
L 668 364 -100
L 670 366 203
L 671 368 204
L 672 366 -203
D 669 367 2 670 671 672 11
L 673 364 100
D 667 365 2 668 669 673 11
L 675 370 -101
L 677 372 -16
L 678 374 15
L 679 372 16
D 676 373 2 677 678 679 11
L 680 370 101
D 674 371 2 675 676 680 11
L 683 368 -204
D 682 367 2 670 683 672 56
D 681 365 2 668 682 673 56
D 666 369 2 667 674 681 11
L 685 376 11
L 687 378 -72
L 689 380 87
L 690 382 -12
L 691 380 -87
D 688 381 2 689 690 691 11
L 692 378 72
D 686 379 2 687 688 692 11
L 693 376 -11
D 684 377 2 685 686 693 11
L 697 374 -15
D 696 373 2 677 697 679 56
D 695 371 2 675 696 680 56
D 694 369 2 667 695 681 56
D 665 375 2 666 684 694 11
L 700 362 201
D 699 361 2 661 700 663 56
D 698 359 2 659 699 664 56
D 657 363 2 658 665 698 11
L 704 356 -13
D 703 355 2 651 704 653 56
D 702 353 2 649 703 654 56
D 701 351 2 644 702 655 56
D 642 357 2 643 657 701 11
L 707 384 32
L 708 386 -31
L 709 384 -32
D 706 385 2 707 708 709 11
L 712 388 -142
L 714 390 -123
L 715 392 195
L 716 390 123
D 713 391 2 714 715 716 11
L 717 388 142
D 711 389 2 712 713 717 11
L 718 394 -70
L 721 392 -195
D 720 391 2 714 721 716 56
D 719 389 2 712 720 717 56
D 710 393 2 711 718 719 11
L 723 386 31
D 722 385 2 707 723 709 56
D 705 387 2 706 710 722 11
L 730 382 12
D 729 381 2 689 730 691 56
D 728 379 2 687 729 692 56
D 727 377 2 685 728 693 56
D 726 375 2 666 727 694 56
D 725 363 2 658 726 698 56
D 724 357 2 643 725 701 56
D 641 383 2 642 705 724 11
L 733 396 161
L 734 398 265
L 735 396 -161
D 732 397 2 733 734 735 11
L 737 400 266
L 739 402 251
L 740 404 -252
L 741 402 -251
D 738 403 2 739 740 741 11
L 742 400 -266
D 736 401 2 737 738 742 11
L 744 398 -265
D 743 397 2 733 744 735 56
D 731 399 2 732 736 743 11
L 748 394 70
D 747 393 2 711 748 719 56
D 746 387 2 706 747 722 56
D 745 383 2 642 746 724 56
D 640 395 2 641 731 745 11
L 754 406 191
L 756 408 -155
L 757 410 -91
L 758 408 155
D 755 409 2 756 757 758 11
L 759 406 -191
D 753 407 2 754 755 759 11
L 762 412 -154
L 763 414 -146
L 764 412 154
D 761 413 2 762 763 764 11
L 766 416 147
L 767 418 225
L 768 416 -147
D 765 417 2 766 767 768 11
L 770 414 146
D 769 413 2 762 770 764 56
D 760 415 2 761 765 769 11
L 773 410 91
D 772 409 2 756 773 758 56
D 771 407 2 754 772 759 56
D 752 411 2 753 760 771 11
L 775 420 -144
L 778 422 -268
L 779 424 224
L 780 422 268
D 777 423 2 778 779 780 11
L 782 426 214
L 783 428 258
L 784 426 -214
D 781 427 2 782 783 784 11
L 786 424 -224
D 785 423 2 778 786 780 56
D 776 425 2 777 781 785 11
L 787 420 144
D 774 421 2 775 776 787 11
L 791 418 -225
D 790 417 2 766 791 768 56
D 789 415 2 761 790 769 56
D 788 411 2 753 789 771 56
D 751 419 2 752 774 788 11
L 797 430 -62
L 798 432 -185
L 799 430 62
D 796 431 2 797 798 799 11
L 801 434 -64
L 802 436 -184
L 803 434 64
D 800 435 2 801 802 803 11
L 805 432 185
D 804 431 2 797 805 799 56
D 795 433 2 796 800 804 11
L 808 438 42
L 810 440 -71
L 811 442 -69
L 812 440 71
D 809 441 2 810 811 812 11
L 813 438 -42
D 807 439 2 808 809 813 11
L 816 444 -121
L 817 446 148
L 818 444 121
D 815 445 2 816 817 818 11
L 820 448 -131
L 821 450 -109
L 822 448 131
D 819 449 2 820 821 822 11
L 824 446 -148
D 823 445 2 816 824 818 56
D 814 447 2 815 819 823 11
L 827 442 69
D 826 441 2 810 827 812 56
D 825 439 2 808 826 813 56
D 806 443 2 807 814 825 11
L 830 436 184
D 829 435 2 801 830 803 56
D 828 433 2 796 829 804 56
D 794 437 2 795 806 828 11
L 833 452 29
L 834 454 -30
L 835 452 -29
D 832 453 2 833 834 835 11
L 838 456 -234
L 840 458 -264
L 841 460 263
L 842 458 264
D 839 459 2 840 841 842 11
L 843 456 234
D 837 457 2 838 839 843 11
L 845 462 -209
L 846 464 -281
L 847 462 209
D 844 463 2 845 846 847 11
L 850 460 -263
D 849 459 2 840 850 842 56
D 848 457 2 838 849 843 56
D 836 461 2 837 844 848 11
L 852 454 30
D 851 453 2 833 852 835 56
D 831 455 2 832 836 851 11
L 857 450 109
D 856 449 2 820 857 822 56
D 855 447 2 815 856 823 56
D 854 443 2 807 855 825 56
D 853 437 2 795 854 828 56
D 793 451 2 794 831 853 11
L 862 466 242
L 863 468 223
L 864 466 -242
D 861 467 2 862 863 864 11
L 866 470 -303
L 867 472 276
L 868 470 303
D 865 471 2 866 867 868 11
L 870 468 -223
D 869 467 2 862 870 864 56
D 860 469 2 861 865 869 11
L 873 474 -243
L 874 476 244
L 875 474 243
D 872 475 2 873 874 875 11
L 877 478 280
L 878 480 -279
L 879 478 -280
D 876 479 2 877 878 879 11
L 881 476 -244
D 880 475 2 873 881 875 56
D 871 477 2 872 876 880 11
L 884 472 -276
D 883 471 2 866 884 868 56
D 882 469 2 861 883 869 56
D 859 473 2 860 871 882 11
L 887 482 -245
L 888 484 206
L 889 482 245
D 886 483 2 887 888 889 11
L 891 486 207
L 893 488 -241
L 894 490 240
L 895 488 241
D 892 489 2 893 894 895 11
L 896 486 -207
D 890 487 2 891 892 896 11
L 898 484 -206
D 897 483 2 887 898 889 56
D 885 485 2 886 890 897 11
L 902 480 279
D 901 479 2 877 902 879 56
D 900 477 2 872 901 880 56
D 899 473 2 860 900 882 56
D 858 481 2 859 885 899 11
L 907 464 281
D 906 463 2 845 907 847 56
D 905 461 2 837 906 848 56
D 904 455 2 832 905 851 56
D 903 451 2 794 904 853 56
D 792 465 2 793 858 903 11
L 912 428 -258
D 911 427 2 782 912 784 56
D 910 425 2 777 911 785 56
D 909 421 2 775 910 787 56
D 908 419 2 752 909 788 56
D 750 429 2 751 792 908 11
L 917 492 -139
L 919 494 -130
L 920 496 -143
L 921 494 130
D 918 495 2 919 920 921 11
L 922 492 139
D 916 493 2 917 918 922 11
L 924 498 -171
L 926 500 -117
L 927 502 118
L 928 500 117
D 925 501 2 926 927 928 11
L 929 498 171
D 923 499 2 924 925 929 11
L 932 496 143
D 931 495 2 919 932 921 56
D 930 493 2 917 931 922 56
D 915 497 2 916 923 930 11
L 935 504 50
L 938 506 -55
L 939 508 56
L 940 506 55
D 937 507 2 938 939 940 11
L 942 510 -5
L 944 512 -48
L 945 514 -47
L 946 512 48
D 943 513 2 944 945 946 11
L 947 510 5
D 941 511 2 942 943 947 11
L 949 508 -56
D 948 507 2 938 949 940 56
D 936 509 2 937 941 948 11
L 950 504 -50
D 934 505 2 935 936 950 11
L 953 516 52
L 955 518 -6
L 958 520 -3
L 959 522 -4
L 960 520 3
D 957 521 2 958 959 960 11
L 961 524 -51
L 963 522 4
D 962 521 2 958 963 960 56
D 956 523 2 957 961 962 11
L 964 518 6
D 954 519 2 955 956 964 11
L 965 516 -52
D 952 517 2 953 954 965 11
L 968 526 -54
L 969 528 -53
L 970 526 54
D 967 527 2 968 969 970 11
L 973 530 2
L 974 532 -1
L 975 530 -2
D 972 531 2 973 974 975 11
L 976 534 -49
L 978 532 1
D 977 531 2 973 978 975 56
D 971 533 2 972 976 977 11
L 980 528 53
D 979 527 2 968 980 970 56
D 966 529 2 967 971 979 11
L 984 524 51
D 983 523 2 957 984 962 56
D 982 519 2 955 983 964 56
D 981 517 2 953 982 965 56
D 951 525 2 952 966 981 11
L 989 514 47
D 988 513 2 944 989 946 56
D 987 511 2 942 988 947 56
D 986 509 2 937 987 948 56
D 985 505 2 935 986 950 56
D 933 515 2 934 951 985 11
L 993 502 -118
D 992 501 2 926 993 928 56
D 991 499 2 924 992 929 56
D 990 497 2 916 991 930 56
D 914 503 2 915 933 990 11
L 999 536 -126
L 1000 538 -141
L 1001 536 126
D 998 537 2 999 1000 1001 11
L 1002 540 -124
L 1004 538 141
D 1003 537 2 999 1004 1001 56
D 997 539 2 998 1002 1003 11
L 1007 542 192
L 1008 544 193
L 1009 542 -192
D 1006 543 2 1007 1008 1009 11
L 1011 546 21
L 1012 548 -22
L 1013 546 -21
L 1014 548 22
D 1010 547 2 1011 1012 1013 1014
L 1016 544 -193
D 1015 543 2 1007 1016 1009 56
D 1005 545 2 1006 1010 1015 11
L 1018 540 124
D 1017 539 2 998 1018 1003 56
D 996 541 2 997 1005 1017 11
L 1021 550 267
L 1022 552 -177
L 1023 550 -267
D 1020 551 2 1021 1022 1023 11
L 1026 554 175
L 1027 556 226
L 1028 554 -175
D 1025 555 2 1026 1027 1028 11
L 1030 558 176
L 1032 560 227
L 1033 562 -68
L 1034 560 -227
D 1031 561 2 1032 1033 1034 11
L 1035 558 -176
D 1029 559 2 1030 1031 1035 11
L 1037 556 -226
D 1036 555 2 1026 1037 1028 56
D 1024 557 2 1025 1029 1036 11
L 1039 552 177
D 1038 551 2 1021 1039 1023 56
D 1019 553 2 1020 1024 1038 11
D 1042 547 2 1013 1012 1011 1014
D 1041 545 2 1006 1042 1015 56
D 1040 541 2 997 1041 1017 56
D 995 549 2 996 1019 1040 11
L 1047 564 -212
L 1048 566 -213
L 1049 564 212
D 1046 565 2 1047 1048 1049 11
L 1051 568 -259
L 1052 570 -99
L 1053 568 259
D 1050 569 2 1051 1052 1053 11
L 1055 566 213
D 1054 565 2 1047 1055 1049 56
D 1045 567 2 1046 1050 1054 11
L 1058 572 -113
L 1059 574 -111
L 1060 572 113
D 1057 573 2 1058 1059 1060 11
L 1062 576 110
L 1064 578 -112
L 1065 580 122
L 1066 578 112
D 1063 579 2 1064 1065 1066 11
L 1067 576 -110
D 1061 577 2 1062 1063 1067 11
L 1069 574 111
D 1068 573 2 1058 1069 1060 56
D 1056 575 2 1057 1061 1068 11
L 1072 570 99
D 1071 569 2 1051 1072 1053 56
D 1070 567 2 1046 1071 1054 56
D 1044 571 2 1045 1056 1070 11
L 1076 582 -140
L 1077 584 -129
L 1078 582 140
D 1075 583 2 1076 1077 1078 11
L 1081 586 120
L 1082 588 -119
L 1083 586 -120
D 1080 587 2 1081 1082 1083 11
L 1085 590 -128
L 1087 592 -127
L 1088 594 -145
L 1089 592 127
D 1086 593 2 1087 1088 1089 11
L 1090 590 128
D 1084 591 2 1085 1086 1090 11
L 1092 588 119
D 1091 587 2 1081 1092 1083 56
D 1079 589 2 1080 1084 1091 11
L 1094 584 129
D 1093 583 2 1076 1094 1078 56
D 1074 585 2 1075 1079 1093 11
L 1098 596 -210
L 1099 598 -211
L 1100 596 210
D 1097 597 2 1098 1099 1100 11
L 1102 600 163
L 1103 602 164
L 1104 600 -163
D 1101 601 2 1102 1103 1104 11
L 1106 598 211
D 1105 597 2 1098 1106 1100 56
D 1096 599 2 1097 1101 1105 11
L 1109 604 187
L 1111 606 -153
L 1112 608 186
L 1113 606 153
D 1110 607 2 1111 1112 1113 11
L 1114 604 -187
D 1108 605 2 1109 1110 1114 11
L 1117 610 -156
L 1118 612 274
L 1119 610 156
D 1116 611 2 1117 1118 1119 11
L 1121 614 275
L 1123 616 -301
L 1124 618 -302
L 1125 616 301
D 1122 617 2 1123 1124 1125 11
L 1126 614 -275
D 1120 615 2 1121 1122 1126 11
L 1128 612 -274
D 1127 611 2 1117 1128 1119 56
D 1115 613 2 1116 1120 1127 11
L 1131 608 -186
D 1130 607 2 1111 1131 1113 56
D 1129 605 2 1109 1130 1114 56
D 1107 609 2 1108 1115 1129 11
L 1134 602 -164
D 1133 601 2 1102 1134 1104 56
D 1132 599 2 1097 1133 1105 56
D 1095 603 2 1096 1107 1132 11
L 1139 594 145
D 1138 593 2 1087 1139 1089 56
D 1137 591 2 1085 1138 1090 56
D 1136 589 2 1080 1137 1091 56
D 1135 585 2 1075 1136 1093 56
D 1073 595 2 1074 1095 1135 11
L 1144 580 -122
D 1143 579 2 1064 1144 1066 56
D 1142 577 2 1062 1143 1067 56
D 1141 575 2 1057 1142 1068 56
D 1140 571 2 1045 1141 1070 56
D 1043 581 2 1044 1073 1140 11
L 1150 562 68
D 1149 561 2 1032 1150 1034 56
D 1148 559 2 1030 1149 1035 56
D 1147 557 2 1025 1148 1036 56
D 1146 553 2 1020 1147 1038 56
D 1145 549 2 996 1146 1040 56
D 994 563 2 995 1043 1145 11
L 1156 534 49
D 1155 533 2 972 1156 977 56
D 1154 529 2 967 1155 979 56
D 1153 525 2 952 1154 981 56
D 1152 515 2 934 1153 985 56
D 1151 503 2 915 1152 990 56
D 913 535 2 914 994 1151 11
L 1163 490 -240
D 1162 489 2 893 1163 895 56
D 1161 487 2 891 1162 896 56
D 1160 485 2 886 1161 897 56
D 1159 481 2 859 1160 899 56
D 1158 465 2 793 1159 903 56
D 1157 429 2 751 1158 908 56
D 749 491 2 750 913 1157 11
L 1168 404 252
D 1167 403 2 739 1168 741 56
D 1166 401 2 737 1167 742 56
D 1165 399 2 732 1166 743 56
D 1164 395 2 641 1165 745 56
D 639 405 2 640 749 1164 11
L 1173 346 135
D 1172 345 2 633 1173 634 56
D 1171 341 2 631 1172 635 56
D 1170 335 2 587 1171 620 56
D 1176 345 2 610 1173 616 56
D 1175 341 2 602 1176 617 56
D 1174 335 2 587 1175 620 56
D 1169 325 3 624 1170 549 1174 636 56
D 547 347 2 548 639 1169 11
L 1184 302 -250
D 1183 301 2 519 1184 521 56
D 1182 299 2 511 1183 522 56
D 1181 293 2 484 1182 525 56
D 1180 277 2 468 1181 529 56
D 1179 267 2 445 1180 532 56
D 1178 253 2 411 1179 536 56
D 1177 233 2 354 1178 541 56
D 352 303 2 353 547 1177 11
D 1188 151 2 254 351 252 11
D 1187 149 2 250 1188 255 11
D 1186 147 2 235 1187 256 11
D 1193 155 2 267 266 265 11
D 1194 155 2 267 273 265 56
D 1192 157 2 1193 268 1194 11
D 1195 157 2 1193 279 1194 56
D 1191 161 2 1192 274 1195 11
D 1198 171 2 293 289 288 11
D 1197 169 2 283 1198 294 11
D 1200 181 2 307 303 302 11
D 1199 179 2 297 1200 308 11
D 1202 171 2 293 312 288 56
D 1201 169 2 283 1202 294 56
D 1196 175 2 1197 1199 1201 11
D 1203 161 2 1192 315 1195 56
D 1190 165 2 1191 1196 1203 11
D 1206 193 2 327 338 329 11
D 1207 193 2 327 328 329 56
D 1205 195 2 1206 330 1207 11
D 1204 191 2 318 1205 339 11
D 1211 181 2 307 346 302 56
D 1210 179 2 297 1211 308 56
D 1209 175 2 1197 1210 1201 56
D 1208 165 2 1191 1209 1203 56
D 1189 185 2 1190 1204 1208 11
D 1214 151 2 254 253 252 56
D 1213 149 2 250 1214 255 56
D 1212 147 2 235 1213 256 56
D 1185 153 2 1186 1189 1212 11
D 1219 341 2 631 609 635 11
D 1218 335 2 587 1219 620 11
D 1217 325 3 624 1218 549 586 636 11
D 1222 341 2 631 1176 635 56
D 1221 335 2 587 1222 620 56
D 1220 325 3 624 1221 549 1174 636 56
D 1216 347 2 1217 639 1220 11
D 1215 303 2 353 1216 1177 11
L 1229 200 -172
D 1228 199 2 333 1229 335 56
D 1227 197 2 331 1228 336 56
D 1226 195 2 1206 1227 1207 56
D 1225 191 2 318 1226 339 56
D 1224 185 2 1190 1225 1208 56
D 1232 195 2 326 1227 337 56
D 1231 191 2 318 1232 339 56
D 1230 185 2 261 1231 342 56
D 1235 151 2 254 253 252 351
D 1234 149 2 250 1235 255 56
D 1233 147 2 235 1234 256 56
D 1223 153 3 1186 1224 234 1230 1233 56
D 232 201 3 233 352 1185 1215 1223 11
L 1242 136 291
D 1241 135 2 215 1242 217 56
D 1240 133 2 213 1241 218 56
D 1239 131 2 204 1240 219 56
D 1238 125 2 186 1239 221 56
D 1237 113 2 181 1238 226 56
D 1236 109 2 162 1237 228 56
D 160 137 2 161 232 1236 11
L 1247 96 -182
D 1246 95 2 152 1247 154 56
D 1245 93 2 147 1246 155 56
D 1244 89 2 145 1245 157 56
D 1243 87 2 140 1244 158 56
D 138 97 2 139 160 1243 11
D 1251 71 2 113 131 115 11
D 1254 81 2 126 125 124 11
D 1253 79 2 122 1254 127 11
D 1252 77 2 117 1253 128 11
D 1255 71 2 113 114 115 56
D 1250 73 2 1251 1252 1255 11
D 1249 69 2 90 1250 132 11
D 1248 55 2 88 1249 137 11
D 1260 111 2 182 227 184 11
D 1263 115 2 190 189 188 11
D 1266 123 2 198 225 196 11
D 1265 121 2 199 1266 194 11
D 1264 119 2 192 1265 200 11
D 1267 115 2 190 202 188 56
D 1262 117 2 1263 1264 1267 11
D 1270 135 2 215 1242 217 11
D 1269 133 2 218 1270 213 11
D 1268 131 2 204 1269 219 11
D 1274 123 2 198 197 196 56
D 1273 121 2 199 1274 194 56
D 1272 119 2 192 1273 200 56
D 1271 117 2 1263 1272 1267 56
D 1261 125 2 1262 1268 1271 11
D 1275 111 2 182 183 184 56
D 1259 113 2 1260 1261 1275 11
D 1258 109 2 162 1259 228 11
D 1281 203 2 359 365 357 11
D 1282 207 2 363 409 361 11
D 1283 203 2 359 358 357 56
D 1280 205 2 1281 1282 1283 11
D 1286 213 2 372 406 370 11
D 1285 211 2 368 1286 373 11
D 1290 219 2 379 386 381 11
D 1289 217 2 377 1290 382 11
D 1292 219 2 379 380 381 56
D 1291 217 2 377 1292 382 56
D 1288 221 2 1289 403 1291 11
D 1295 227 2 391 401 393 11
D 1294 225 2 389 1295 394 11
D 1296 231 2 398 546 396 11
D 1298 227 2 391 392 393 56
D 1297 225 2 389 1298 394 56
D 1293 229 2 1294 1296 1297 11
D 1299 221 2 1289 383 1291 56
D 1287 223 2 1288 1293 1299 11
D 1301 213 2 372 371 370 56
D 1300 211 2 368 1301 373 56
D 1284 215 2 1285 1287 1300 11
D 1303 207 2 363 362 361 56
D 1302 205 2 1281 1303 1283 56
D 1279 209 2 1280 1284 1302 11
D 1307 235 2 419 415 414 11
D 1308 235 2 419 422 414 56
D 1306 239 2 1307 420 1308 11
D 1309 239 2 1307 443 1308 56
D 1305 241 2 1306 424 1309 11
D 1313 265 2 461 460 459 11
D 1312 263 2 454 1313 462 11
D 1311 259 2 446 1312 464 11
D 1316 265 2 461 535 459 56
D 1315 263 2 454 1316 462 56
D 1314 259 2 446 1315 464 56
D 1310 267 2 1311 467 1314 11
D 1317 241 2 1306 537 1309 56
D 1304 253 2 1305 1310 1317 11
D 1322 231 2 398 397 396 56
D 1321 229 2 1294 1322 1297 56
D 1320 223 2 1288 1321 1299 56
D 1319 215 2 1285 1320 1300 56
D 1318 209 2 1280 1319 1302 56
D 1278 233 2 1279 1304 1318 11
D 1328 333 2 595 623 597 11
D 1327 331 2 593 1328 598 11
D 1326 329 2 588 1327 599 11
D 1331 333 2 595 596 597 56
D 1330 331 2 593 1331 598 56
D 1329 329 2 588 1330 599 56
D 1325 335 2 1326 601 1329 11
D 1332 335 2 1326 1219 1329 11
D 1324 325 3 549 1325 624 1332 636 11
D 1340 431 2 797 805 799 11
D 1341 435 2 801 830 803 11
D 1342 431 2 797 798 799 56
D 1339 433 2 1340 1341 1342 11
D 1345 445 2 816 824 818 11
D 1346 445 2 816 817 818 56
D 1344 447 2 1345 819 1346 11
D 1343 443 2 807 1344 825 11
D 1348 435 2 801 802 803 56
D 1347 433 2 1340 1348 1342 56
D 1338 437 2 1339 1343 1347 11
D 1351 447 2 1345 856 1346 56
D 1350 443 2 807 1351 825 56
D 1349 437 2 1339 1350 1347 56
D 1337 451 2 1338 831 1349 11
D 1352 451 2 1338 904 1349 56
D 1336 465 2 1337 858 1352 11
D 1335 429 2 751 1336 908 11
D 1358 507 2 938 949 940 11
D 1359 507 2 938 939 940 56
D 1357 509 2 1358 941 1359 11
D 1356 505 2 950 1357 935 11
D 1361 517 2 965 954 953 11
D 1363 527 2 970 969 968 11
D 1364 527 2 970 980 968 56
D 1362 529 2 1363 971 1364 11
D 1365 517 2 965 982 953 56
D 1360 525 2 1361 1362 1365 11
D 1367 509 2 1358 987 1359 56
D 1366 505 2 950 1367 935 56
D 1355 515 2 1356 1360 1366 11
D 1354 503 2 915 1355 990 11
D 1371 529 2 1363 1155 1364 56
D 1370 525 2 1361 1371 1365 56
D 1369 515 2 1356 1370 1366 56
D 1368 503 2 915 1369 990 56
D 1353 535 2 1354 994 1368 11
D 1373 465 2 1337 1159 1352 56
D 1372 429 2 751 1373 908 56
D 1334 491 2 1335 1353 1372 11
D 1333 405 2 640 1334 1164 11
D 1375 335 2 1326 1175 1329 56
D 1376 335 2 1326 1222 1329 56
D 1374 325 3 549 1375 624 1376 636 56
D 1323 347 2 1324 1333 1374 11
D 1379 267 2 1311 1180 1314 56
D 1378 253 2 1305 1379 1317 56
D 1377 233 2 1279 1378 1318 56
D 1277 303 2 1278 1323 1377 11
D 1383 335 2 1326 630 1329 11
D 1382 325 3 624 1383 549 1325 636 11
D 1385 335 2 1326 1171 1329 56
D 1384 325 3 624 1385 549 1375 636 56
D 1381 347 2 1382 1333 1384 11
D 1380 303 2 1278 1381 1377 11
D 1276 201 3 1185 1277 233 1380 1223 11
D 1391 135 2 215 216 217 56
D 1390 133 2 218 1391 213 56
D 1389 131 2 204 1390 219 56
D 1388 125 2 1262 1389 1271 56
D 1387 113 2 1260 1388 1275 56
D 1386 109 2 162 1387 228 56
D 1257 137 2 1258 1276 1386 11
D 1256 97 2 139 1257 1243 11
L 1398 82 290
D 1397 81 2 124 1398 126 56
D 1396 79 2 122 1397 127 56
D 1395 77 2 117 1396 128 56
D 1401 81 2 126 1398 124 56
D 1400 79 2 122 1401 127 56
D 1399 77 2 117 1400 128 56
D 1394 73 3 112 1395 1251 1399 115 56
D 1393 69 2 90 1394 132 56
D 1392 55 2 88 1393 137 56
D 86 83 3 87 138 1248 1256 1392 11
L 1408 52 23
D 1407 51 2 70 1408 72 56
D 1406 49 2 68 1407 73 56
D 1405 47 2 63 1406 74 56
D 1404 43 2 58 1405 76 56
D 1403 39 2 42 1404 78 56
D 1402 29 2 31 1403 82 56
D 29 53 2 30 86 1402 11
L 1411 20 -255
D 1410 19 2 25 1411 27 56
D 1409 17 2 23 1410 28 56
D 21 21 2 22 29 1409 11
L 1414 14 -220
D 1413 13 2 17 1414 19 56
D 1412 11 2 15 1413 20 56
D 13 15 2 14 21 1412 11
L 1417 8 -178
D 1416 7 2 8 1417 10 56
D 1415 5 2 6 1416 12 56
D 4 9 2 5 13 1415 11
L 1418 2 219
D 2 3 2 3 4 1418 11
L 1419 0 216
D 0 1 2 1 2 1419 11
