c ids of sdd nodes start at 0
c sdd nodes appear bottom-up, children before parents
c
c file syntax:
c sdd count-of-sdd-nodes
c F id-of-false-sdd-node
c T id-of-true-sdd-node
c L id-of-literal-sdd-node id-of-vtree literal
c D id-of-decomposition-sdd-node id-of-vtree number-of-elements {id-of-prime id-of-sub}*
c
sdd 1692
L 1 0 -244
L 3 2 394
L 5 4 -224
L 7 6 -242
L 9 8 -257
L 11 10 -225
L 13 12 -227
L 16 14 -392
L 17 16 -393
L 18 14 392
F 19
D 15 15 2 16 17 18 19
L 24 18 381
L 25 20 -207
L 26 18 -381
D 23 19 2 24 25 26 19
L 28 22 395
L 29 24 -417
L 30 22 -395
D 27 23 2 28 29 30 19
L 32 20 207
T 33
D 31 19 2 24 32 26 33
D 22 21 2 23 27 31 19
L 36 26 254
L 38 28 -245
L 39 30 -323
L 40 28 245
D 37 29 2 38 39 40 19
L 41 26 -254
D 35 27 2 36 37 41 19
L 44 32 -349
L 46 34 103
L 47 36 -104
L 48 34 -103
D 45 35 2 46 47 48 19
L 49 32 349
D 43 33 2 44 45 49 19
L 51 38 -219
L 53 40 396
L 54 42 390
L 55 40 -396
D 52 41 2 53 54 55 19
L 56 38 219
D 50 39 2 51 52 56 19
L 59 36 104
D 58 35 2 46 59 48 33
D 57 33 2 44 58 49 33
D 42 37 2 43 50 57 19
L 62 30 323
D 61 29 2 38 62 40 33
D 60 27 2 36 61 41 33
D 34 31 2 35 42 60 19
L 65 24 417
D 64 23 2 28 65 30 33
D 63 21 2 23 64 31 33
D 21 25 2 22 34 63 19
L 68 44 -258
L 70 46 243
L 72 48 305
L 74 50 303
L 75 52 304
L 76 50 -303
D 73 51 2 74 75 76 19
L 77 48 -305
D 71 49 2 72 73 77 19
L 78 46 -243
D 69 47 2 70 71 78 19
L 79 44 258
D 67 45 2 68 69 79 19
L 85 54 -214
L 87 56 -140
L 88 58 139
L 89 56 140
D 86 57 2 87 88 89 19
L 90 54 214
D 84 55 2 85 86 90 19
L 92 60 -138
L 93 62 137
L 94 60 138
D 91 61 2 92 93 94 19
L 97 58 -139
D 96 57 2 87 97 89 33
D 95 55 2 85 96 90 33
D 83 59 2 84 91 95 19
L 99 64 -206
L 102 66 -174
L 103 68 352
L 104 66 174
D 101 67 2 102 103 104 19
L 106 70 -205
L 107 72 -175
L 108 70 205
D 105 71 2 106 107 108 19
L 110 68 -352
D 109 67 2 102 110 104 33
D 100 69 2 101 105 109 19
L 111 64 206
D 98 65 2 99 100 111 19
L 114 62 -137
D 113 61 2 92 114 94 33
D 112 59 2 84 113 95 33
D 82 63 2 83 98 112 19
L 119 74 -259
L 120 76 -380
L 121 74 259
D 118 75 2 119 120 121 19
L 124 78 313
L 125 80 276
L 126 78 -313
D 123 79 2 124 125 126 19
L 128 82 -128
L 129 84 127
L 130 82 128
D 127 83 2 128 129 130 19
L 132 80 -276
D 131 79 2 124 132 126 33
D 122 81 2 123 127 131 19
L 134 76 380
D 133 75 2 119 134 121 33
D 117 77 2 118 122 133 19
L 137 86 -230
L 138 88 277
L 139 86 230
D 136 87 2 137 138 139 19
L 142 90 -416
L 143 92 398
L 144 90 416
D 141 91 2 142 143 144 19
L 147 94 -132
L 149 96 131
L 150 98 151
L 151 96 -131
D 148 97 2 149 150 151 19
L 152 94 132
D 146 95 2 147 148 152 19
L 155 100 -152
L 156 102 -397
L 157 100 152
D 154 101 2 155 156 157 19
L 159 104 162
L 160 106 -161
L 161 104 -162
D 158 105 2 159 160 161 19
L 163 102 397
D 162 101 2 155 163 157 33
D 153 103 2 154 158 162 19
L 166 98 -151
D 165 97 2 149 166 151 33
D 164 95 2 147 165 152 33
D 145 99 2 146 153 164 19
L 168 92 -398
D 167 91 2 142 168 144 33
D 140 93 2 141 145 167 19
L 170 88 -277
D 169 87 2 137 170 139 33
D 135 89 2 136 140 169 19
L 174 84 -127
D 173 83 2 128 174 130 33
D 172 81 2 123 173 131 33
D 171 77 2 118 172 133 33
D 116 85 2 117 135 171 19
L 179 108 266
L 180 110 292
L 181 108 -266
D 178 109 2 179 180 181 19
L 183 112 293
L 184 114 -365
L 185 112 -293
D 182 113 2 183 184 185 19
L 187 110 -292
D 186 109 2 179 187 181 33
D 177 111 2 178 182 186 19
L 189 116 -325
L 191 118 -319
L 192 120 267
L 193 118 319
D 190 119 2 191 192 193 19
L 194 116 325
D 188 117 2 189 190 194 19
L 197 114 365
D 196 113 2 183 197 185 33
D 195 111 2 178 196 186 33
D 176 115 2 177 188 195 19
L 201 122 -400
L 203 124 -163
L 204 126 164
L 205 124 163
D 202 125 2 203 204 205 19
L 206 122 400
D 200 123 2 201 202 206 19
L 209 128 -159
L 210 130 160
L 211 128 159
D 208 129 2 209 210 211 19
L 214 132 -385
L 215 134 -399
L 216 132 385
D 213 133 2 214 215 216 19
L 219 136 339
L 220 138 284
L 221 136 -339
D 218 137 2 219 220 221 19
L 225 140 166
L 226 142 -165
L 227 140 -166
D 224 141 2 225 226 227 19
L 229 144 -156
L 230 146 155
L 231 144 156
D 228 145 2 229 230 231 19
L 233 142 165
D 232 141 2 225 233 227 33
D 223 143 2 224 228 232 19
L 235 148 -401
L 236 150 -348
L 237 148 401
D 234 149 2 235 236 237 19
L 240 146 -155
D 239 145 2 229 240 231 33
D 238 143 2 224 239 232 33
D 222 147 2 223 234 238 19
L 242 138 -284
D 241 137 2 219 242 221 33
D 217 139 2 218 222 241 19
L 244 134 399
D 243 133 2 214 244 216 33
D 212 135 2 213 217 243 19
L 246 130 -160
D 245 129 2 209 246 211 33
D 207 131 2 208 212 245 19
L 249 126 -164
D 248 125 2 203 249 205 33
D 247 123 2 201 248 206 33
D 199 127 2 200 207 247 19
L 253 152 403
L 254 154 311
L 255 152 -403
D 252 153 2 253 254 255 19
L 257 156 -402
L 259 158 -386
L 260 160 -346
L 261 158 386
D 258 159 2 259 260 261 19
L 262 156 402
D 256 157 2 257 258 262 19
L 264 154 -311
D 263 153 2 253 264 255 33
D 251 155 2 252 256 263 19
L 267 162 389
L 268 164 388
L 269 162 -389
D 266 163 2 267 268 269 19
L 272 166 -237
L 273 168 -231
L 274 166 237
D 271 167 2 272 273 274 19
L 276 170 -387
L 277 172 -236
L 278 170 387
D 275 171 2 276 277 278 19
L 280 168 231
D 279 167 2 272 280 274 33
D 270 169 2 271 275 279 19
L 282 164 -388
D 281 163 2 267 282 269 33
D 265 165 2 266 270 281 19
L 286 160 346
D 285 159 2 259 286 261 33
D 284 157 2 257 285 262 33
D 283 155 2 252 284 263 33
D 250 161 2 251 265 283 19
L 293 150 348
D 292 149 2 235 293 237 33
D 291 147 2 223 292 238 33
D 290 139 2 218 291 241 33
D 289 135 2 213 290 243 33
D 288 131 2 208 289 245 33
D 287 127 2 200 288 247 33
D 198 151 2 199 250 287 19
L 297 120 -267
D 296 119 2 191 297 193 33
D 295 117 2 189 296 194 33
D 294 115 2 177 295 195 33
D 175 121 2 176 198 294 19
L 304 106 161
D 303 105 2 159 304 161 33
D 302 103 2 154 303 162 33
D 301 99 2 146 302 164 33
D 300 93 2 141 301 167 33
D 299 89 2 136 300 169 33
D 298 85 2 117 299 171 33
D 115 107 2 116 175 298 19
L 309 72 175
D 308 71 2 106 309 108 33
D 307 69 2 101 308 109 33
D 306 65 2 99 307 111 33
D 305 63 2 83 306 112 33
D 81 73 2 82 115 305 19
L 316 174 109
L 317 176 -110
L 318 174 -109
D 315 175 2 316 317 318 19
L 320 178 2
L 321 180 -1
L 322 178 -2
D 319 179 2 320 321 322 19
L 324 176 110
D 323 175 2 316 324 318 33
D 314 177 2 315 319 323 19
L 326 182 271
L 329 184 269
L 330 186 176
L 331 184 -269
D 328 185 2 329 330 331 19
L 333 188 270
L 335 190 -4
L 336 192 3
L 337 190 4
D 334 191 2 335 336 337 19
L 338 188 -270
D 332 189 2 333 334 338 19
L 340 186 -176
D 339 185 2 329 340 331 33
D 327 187 2 328 332 339 19
L 341 182 -271
D 325 183 2 326 327 341 19
L 344 180 1
D 343 179 2 320 344 322 33
D 342 177 2 315 343 323 33
D 313 181 2 314 325 342 19
L 347 194 -336
L 349 196 335
L 350 198 251
L 351 196 -335
D 348 197 2 349 350 351 19
L 352 194 336
D 346 195 2 347 348 352 19
L 355 200 288
L 356 202 287
L 357 200 -288
D 354 201 2 355 356 357 19
L 360 204 -235
L 361 206 -234
L 362 204 235
D 359 205 2 360 361 362 19
L 364 208 -253
L 366 210 286
L 367 212 289
L 368 210 -286
D 365 211 2 366 367 368 19
L 369 208 253
D 363 209 2 364 365 369 19
L 371 206 234
D 370 205 2 360 371 362 33
D 358 207 2 359 363 370 19
L 373 202 -287
D 372 201 2 355 373 357 33
D 353 203 2 354 358 372 19
L 376 198 -251
D 375 197 2 349 376 351 33
D 374 195 2 347 375 352 33
D 345 199 2 346 353 374 19
L 382 192 -3
D 381 191 2 335 382 337 33
D 380 189 2 333 381 338 33
D 379 187 2 328 380 339 33
D 378 183 2 326 379 341 33
D 377 181 2 314 378 342 33
D 312 193 2 313 345 377 19
L 387 214 -252
L 389 216 383
L 390 218 285
L 391 216 -383
D 388 217 2 389 390 391 19
L 392 214 252
D 386 215 2 387 388 392 19
L 395 220 -232
L 397 222 -226
L 398 224 -233
L 399 222 226
D 396 223 2 397 398 399 19
L 400 220 232
D 394 221 2 395 396 400 19
L 402 226 -382
L 403 228 384
L 404 226 382
D 401 227 2 402 403 404 19
L 407 224 233
D 406 223 2 397 407 399 33
D 405 221 2 395 406 400 33
D 393 225 2 394 401 405 19
L 410 218 -285
D 409 217 2 389 410 391 33
D 408 215 2 387 409 392 33
D 385 219 2 386 393 408 19
L 413 230 13
L 414 232 -260
L 415 230 -13
D 412 231 2 413 414 415 19
L 419 234 -16
L 420 236 15
L 421 234 16
D 418 235 2 419 420 421 19
L 423 238 -178
L 425 240 -167
L 426 242 169
L 427 240 167
D 424 241 2 425 426 427 19
L 428 238 178
D 422 239 2 423 424 428 19
L 430 236 -15
D 429 235 2 419 430 421 33
D 417 237 2 418 422 429 19
L 433 244 -189
L 435 246 -18
L 436 248 17
L 437 246 18
D 434 247 2 435 436 437 19
L 438 244 189
D 432 245 2 433 434 438 19
L 440 250 -14
L 442 252 -146
L 443 254 145
L 444 252 146
D 441 253 2 442 443 444 19
L 445 250 14
D 439 251 2 440 441 445 19
L 448 248 -17
D 447 247 2 435 448 437 33
D 446 245 2 433 447 438 33
D 431 249 2 432 439 446 19
L 452 242 -169
D 451 241 2 425 452 427 33
D 450 239 2 423 451 428 33
D 449 237 2 418 450 429 33
D 416 243 2 417 431 449 19
L 454 232 260
D 453 231 2 413 454 415 33
D 411 233 2 412 416 453 19
L 458 228 -384
D 457 227 2 402 458 404 33
D 456 225 2 394 457 405 33
D 455 219 2 386 456 408 33
D 384 229 2 385 411 455 19
L 462 256 316
L 464 258 9
L 465 260 -10
L 466 258 -9
D 463 259 2 464 465 466 19
L 467 256 -316
D 461 257 2 462 463 467 19
L 469 262 54
L 471 264 -177
L 473 266 -53
L 475 268 -76
L 476 270 75
L 477 268 76
D 474 269 2 475 476 477 19
L 478 266 53
D 472 267 2 473 474 478 19
L 479 264 177
D 470 265 2 471 472 479 19
L 480 262 -54
D 468 263 2 469 470 480 19
L 483 260 10
D 482 259 2 464 483 466 33
D 481 257 2 462 482 467 33
D 460 261 2 461 468 481 19
L 486 272 307
L 488 274 309
L 490 276 306
L 492 278 -308
L 493 280 -310
L 494 278 308
D 491 279 2 492 493 494 19
L 495 276 -306
D 489 277 2 490 491 495 19
L 496 274 -309
D 487 275 2 488 489 496 19
L 497 272 -307
D 485 273 2 486 487 497 19
L 500 282 -158
L 501 284 157
L 502 282 158
D 499 283 2 500 501 502 19
L 504 286 312
L 506 288 -144
L 507 290 143
L 508 288 144
D 505 289 2 506 507 508 19
L 509 286 -312
D 503 287 2 504 505 509 19
L 511 284 -157
D 510 283 2 500 511 502 33
D 498 285 2 499 503 510 19
L 516 280 310
D 515 279 2 492 516 494 33
D 514 277 2 490 515 495 33
D 513 275 2 488 514 496 33
D 512 273 2 486 513 497 33
D 484 281 2 485 498 512 19
L 522 270 -75
D 521 269 2 475 522 477 33
D 520 267 2 473 521 478 33
D 519 265 2 471 520 479 33
D 518 263 2 469 519 480 33
D 517 261 2 461 518 481 33
D 459 271 2 460 484 517 19
L 529 254 -145
D 528 253 2 442 529 444 33
D 527 251 2 440 528 445 33
D 526 249 2 432 527 446 33
D 525 243 2 417 526 449 33
D 524 233 2 412 525 453 33
D 523 229 2 385 524 455 33
D 383 255 2 384 459 523 19
L 536 212 -289
D 535 211 2 366 536 368 33
D 534 209 2 364 535 369 33
D 533 207 2 359 534 370 33
D 532 203 2 354 533 372 33
D 531 199 2 346 532 374 33
D 530 193 2 313 531 377 33
D 311 213 2 312 383 530 19
L 541 292 -317
L 543 294 -229
L 545 296 250
L 546 298 248
L 547 296 -250
D 544 297 2 545 546 547 19
L 548 294 229
D 542 295 2 543 544 548 19
L 549 292 317
D 540 293 2 541 542 549 19
L 553 300 -228
L 554 302 -213
L 555 300 228
D 552 301 2 553 554 555 19
L 556 304 376
L 558 302 213
D 557 301 2 553 558 555 33
D 551 303 2 552 556 557 19
L 560 306 377
L 562 308 -375
L 563 310 -212
L 564 308 375
D 561 309 2 562 563 564 19
L 565 306 -377
D 559 307 2 560 561 565 19
L 567 304 -376
D 566 303 2 552 567 557 33
D 550 305 2 551 559 566 19
L 571 298 -248
D 570 297 2 545 571 547 33
D 569 295 2 543 570 548 33
D 568 293 2 541 569 549 33
D 539 299 2 540 550 568 19
L 575 312 -198
L 576 314 -208
L 577 312 198
D 574 313 2 575 576 577 19
L 580 316 -171
L 582 318 -115
L 583 320 116
L 584 318 115
D 581 319 2 582 583 584 19
L 585 316 171
D 579 317 2 580 581 585 19
L 587 322 -172
L 588 324 -170
L 589 322 172
D 586 323 2 587 588 589 19
L 592 320 -116
D 591 319 2 582 592 584 33
D 590 317 2 580 591 585 33
D 578 321 2 579 586 590 19
L 594 314 208
D 593 313 2 575 594 577 33
D 573 315 2 574 578 593 19
L 597 326 -173
L 599 328 -39
L 600 330 40
L 601 328 39
D 598 329 2 599 600 601 19
L 602 326 173
D 596 327 2 597 598 602 19
L 605 332 -168
L 607 334 -6
L 608 336 5
L 609 334 6
D 606 335 2 607 608 609 19
L 610 332 168
D 604 333 2 605 606 610 19
L 612 338 265
L 614 340 -7
L 615 342 264
L 616 340 7
D 613 341 2 614 615 616 19
L 617 338 -265
D 611 339 2 612 613 617 19
L 620 336 -5
D 619 335 2 607 620 609 33
D 618 333 2 605 619 610 33
D 603 337 2 604 611 618 19
L 623 330 -40
D 622 329 2 599 623 601 33
D 621 327 2 597 622 602 33
D 595 331 2 596 603 621 19
L 627 324 170
D 626 323 2 587 627 589 33
D 625 321 2 579 626 590 33
D 624 315 2 574 625 593 33
D 572 325 2 573 595 624 19
L 632 310 212
D 631 309 2 562 632 564 33
D 630 307 2 560 631 565 33
D 629 305 2 551 630 566 33
D 628 299 2 540 629 568 33
D 538 311 2 539 572 628 19
L 638 344 -108
L 639 346 107
L 640 344 108
D 637 345 2 638 639 640 19
L 642 348 20
L 643 350 341
L 644 348 -20
D 641 349 2 642 643 644 19
L 646 346 -107
D 645 345 2 638 646 640 33
D 636 347 2 637 641 645 19
L 650 352 204
L 651 354 -19
L 652 352 -204
D 649 353 2 650 651 652 19
L 654 356 41
L 655 358 -42
L 656 356 -41
D 653 357 2 654 655 656 19
L 658 354 19
D 657 353 2 650 658 652 33
D 648 355 2 649 653 657 19
L 660 360 255
L 662 362 -22
L 663 364 21
L 664 362 22
D 661 363 2 662 663 664 19
L 665 360 -255
D 659 361 2 660 661 665 19
L 668 358 42
D 667 357 2 654 668 656 33
D 666 355 2 649 667 657 33
D 647 359 2 648 659 666 19
L 671 350 -341
D 670 349 2 642 671 644 33
D 669 347 2 637 670 645 33
D 635 351 2 636 647 669 19
L 676 366 414
L 678 368 -182
L 679 370 -340
L 680 368 182
D 677 369 2 678 679 680 19
L 681 366 -414
D 675 367 2 676 677 681 19
L 683 372 -181
L 685 374 11
L 686 376 -12
L 687 374 -11
D 684 375 2 685 686 687 19
L 688 372 181
D 682 373 2 683 684 688 19
L 691 370 340
D 690 369 2 678 691 680 33
D 689 367 2 676 690 681 33
D 674 371 2 675 682 689 19
L 694 378 8
L 697 380 -126
L 698 382 125
L 699 380 126
D 696 381 2 697 698 699 19
L 701 384 136
L 702 386 -135
L 703 384 -136
D 700 385 2 701 702 703 19
L 705 382 -125
D 704 381 2 697 705 699 33
D 695 383 2 696 700 704 19
L 706 378 -8
D 693 379 2 694 695 706 19
L 708 388 -321
L 710 390 320
L 711 392 -411
L 712 390 -320
D 709 391 2 710 711 712 19
L 713 388 321
D 707 389 2 708 709 713 19
L 717 386 135
D 716 385 2 701 717 703 33
D 715 383 2 696 716 704 33
D 714 379 2 694 715 706 33
D 692 387 2 693 707 714 19
L 721 376 12
D 720 375 2 685 721 687 33
D 719 373 2 683 720 688 33
D 718 371 2 675 719 689 33
D 673 377 2 674 692 718 19
L 725 394 240
L 726 396 -238
L 727 394 -240
D 724 395 2 725 726 727 19
L 729 398 -241
L 730 400 -239
L 731 398 241
D 728 399 2 729 730 731 19
L 733 396 238
D 732 395 2 725 733 727 33
D 723 397 2 724 728 732 19
L 736 402 350
L 737 404 351
L 738 402 -350
D 735 403 2 736 737 738 19
L 741 406 -364
L 743 408 298
L 745 410 -404
L 746 412 405
L 747 410 404
D 744 411 2 745 746 747 19
L 748 408 -298
D 742 409 2 743 744 748 19
L 749 406 364
D 740 407 2 741 742 749 19
L 751 414 -247
L 752 416 -246
L 753 414 247
D 750 415 2 751 752 753 19
L 757 412 -405
D 756 411 2 745 757 747 33
D 755 409 2 743 756 748 33
D 754 407 2 741 755 749 33
D 739 413 2 740 750 754 19
L 759 404 -351
D 758 403 2 736 759 738 33
D 734 405 2 735 739 758 19
L 762 400 239
D 761 399 2 729 762 731 33
D 760 397 2 724 761 732 33
D 722 401 2 723 734 760 19
L 767 392 411
D 766 391 2 710 767 712 33
D 765 389 2 708 766 713 33
D 764 387 2 693 765 714 33
D 763 377 2 674 764 718 33
D 672 393 2 673 722 763 19
L 772 364 -21
D 771 363 2 662 772 664 33
D 770 361 2 660 771 665 33
D 769 359 2 648 770 666 33
D 768 351 2 636 769 669 33
D 634 365 2 635 672 768 19
L 777 418 291
L 779 420 290
L 781 422 -37
L 782 424 38
L 783 422 37
D 780 423 2 781 782 783 19
L 784 420 -290
D 778 421 2 779 780 784 19
L 785 418 -291
D 776 419 2 777 778 785 19
L 789 426 -409
L 790 428 -406
L 791 426 409
D 788 427 2 789 790 791 19
L 793 430 407
L 794 432 -408
L 795 430 -407
D 792 431 2 793 794 795 19
L 797 428 406
D 796 427 2 789 797 791 33
D 787 429 2 788 792 796 19
L 799 434 -329
L 801 436 31
L 802 438 328
L 803 436 -31
D 800 437 2 801 802 803 19
L 804 434 329
D 798 435 2 799 800 804 19
L 807 432 408
D 806 431 2 793 807 795 33
D 805 429 2 788 806 796 33
D 786 433 2 787 798 805 19
L 811 424 -38
D 810 423 2 781 811 783 33
D 809 421 2 779 810 784 33
D 808 419 2 777 809 785 33
D 775 425 2 776 786 808 19
L 816 440 -360
L 818 442 -413
L 820 444 353
L 821 446 361
L 822 444 -353
D 819 445 2 820 821 822 19
L 823 442 413
D 817 443 2 818 819 823 19
L 824 440 360
D 815 441 2 816 817 824 19
L 827 448 -356
L 829 450 268
L 830 452 357
L 831 450 -268
D 828 451 2 829 830 831 19
L 832 448 356
D 826 449 2 827 828 832 19
L 834 454 141
L 835 456 -142
L 836 454 -141
D 833 455 2 834 835 836 19
L 839 452 -357
D 838 451 2 829 839 831 33
D 837 449 2 827 838 832 33
D 825 453 2 826 833 837 19
L 843 446 -361
D 842 445 2 820 843 822 33
D 841 443 2 818 842 823 33
D 840 441 2 816 841 824 33
D 814 447 2 815 825 840 19
L 848 458 -338
L 850 460 354
L 851 462 -215
L 852 460 -354
D 849 461 2 850 851 852 19
L 853 458 338
D 847 459 2 848 849 853 19
L 855 464 95
L 856 466 -94
L 857 464 -95
D 854 465 2 855 856 857 19
L 860 462 215
D 859 461 2 850 860 852 33
D 858 459 2 848 859 853 33
D 846 463 2 847 854 858 19
L 862 468 28
L 863 470 -415
L 864 468 -28
D 861 469 2 862 863 864 19
L 867 466 94
D 866 465 2 855 867 857 33
D 865 463 2 847 866 858 33
D 845 467 2 846 861 865 19
L 870 472 278
L 871 474 355
L 872 472 -278
D 869 473 2 870 871 872 19
L 874 476 379
L 876 478 -378
L 877 480 -217
L 878 478 378
D 875 479 2 876 877 878 19
L 879 476 -379
D 873 477 2 874 875 879 19
L 881 474 -355
D 880 473 2 870 881 872 33
D 868 475 2 869 873 880 19
L 884 470 415
D 883 469 2 862 884 864 33
D 882 467 2 846 883 865 33
D 844 471 2 845 868 882 19
L 888 456 142
D 887 455 2 834 888 836 33
D 886 453 2 826 887 837 33
D 885 447 2 815 886 840 33
D 813 457 2 814 844 885 19
L 892 482 -32
L 894 484 249
L 895 486 -180
L 896 484 -249
D 893 485 2 894 895 896 19
L 897 482 32
D 891 483 2 892 893 897 19
L 899 488 -282
L 901 490 -279
L 903 492 -179
L 905 494 77
L 906 496 -78
L 907 494 -77
D 904 495 2 905 906 907 19
L 908 492 179
D 902 493 2 903 904 908 19
L 909 490 279
D 900 491 2 901 902 909 19
L 910 488 282
D 898 489 2 899 900 910 19
L 913 486 180
D 912 485 2 894 913 896 33
D 911 483 2 892 912 897 33
D 890 487 2 891 898 911 19
L 917 498 363
L 918 500 314
L 919 498 -363
D 916 499 2 917 918 919 19
L 920 502 -274
L 922 500 -314
D 921 499 2 917 922 919 33
D 915 501 2 916 920 921 19
L 925 504 283
L 926 506 273
L 927 504 -283
D 924 505 2 925 926 927 19
L 929 508 281
L 931 510 272
L 932 512 -347
L 933 510 -272
D 930 511 2 931 932 933 19
L 934 508 -281
D 928 509 2 929 930 934 19
L 936 506 -273
D 935 505 2 925 936 927 33
D 923 507 2 924 928 935 19
L 938 502 274
D 937 501 2 916 938 921 33
D 914 503 2 915 923 937 19
L 944 496 78
D 943 495 2 905 944 907 33
D 942 493 2 903 943 908 33
D 941 491 2 901 942 909 33
D 940 489 2 899 941 910 33
D 939 487 2 891 940 911 33
D 889 497 2 890 914 939 19
L 950 480 217
D 949 479 2 876 950 878 33
D 948 477 2 874 949 879 33
D 947 475 2 869 948 880 33
D 946 471 2 845 947 882 33
D 945 457 2 814 946 885 33
D 812 481 2 813 889 945 19
L 955 438 -328
D 954 437 2 801 955 803 33
D 953 435 2 799 954 804 33
D 952 433 2 787 953 805 33
D 951 425 2 776 952 808 33
D 774 439 2 775 812 951 19
L 961 514 -59
L 962 516 60
L 963 514 59
D 960 515 2 961 962 963 19
L 965 518 302
L 967 520 -374
L 968 522 301
L 969 520 374
D 966 521 2 967 968 969 19
L 970 518 -302
D 964 519 2 965 966 970 19
L 972 516 -60
D 971 515 2 961 972 963 33
D 959 517 2 960 964 971 19
L 974 524 -324
L 976 526 -332
L 977 528 -412
L 978 526 332
D 975 527 2 976 977 978 19
L 979 524 324
D 973 525 2 974 975 979 19
L 983 522 -301
D 982 521 2 967 983 969 33
D 981 519 2 965 982 970 33
D 980 517 2 960 981 971 33
D 958 523 2 959 973 980 19
L 987 530 327
L 989 532 -92
L 990 534 93
L 991 532 92
D 988 533 2 989 990 991 19
L 992 530 -327
D 986 531 2 987 988 992 19
L 995 536 -262
L 997 538 -121
L 998 540 122
L 999 538 121
D 996 539 2 997 998 999 19
L 1000 536 262
D 994 537 2 995 996 1000 19
L 1002 542 -202
L 1004 544 43
L 1005 546 -44
L 1006 544 -43
D 1003 545 2 1004 1005 1006 19
L 1007 542 202
D 1001 543 2 1002 1003 1007 19
L 1010 540 -122
D 1009 539 2 997 1010 999 33
D 1008 537 2 995 1009 1000 33
D 993 541 2 994 1001 1008 19
L 1013 534 -93
D 1012 533 2 989 1013 991 33
D 1011 531 2 987 1012 992 33
D 985 535 2 986 993 1011 19
L 1017 548 300
L 1018 550 -203
L 1019 548 -300
D 1016 549 2 1017 1018 1019 19
L 1021 552 -410
L 1023 554 -27
L 1024 556 299
L 1025 554 27
D 1022 555 2 1023 1024 1025 19
L 1026 552 410
D 1020 553 2 1021 1022 1026 19
L 1028 550 203
D 1027 549 2 1017 1028 1019 33
D 1015 551 2 1016 1020 1027 19
L 1031 558 -216
L 1033 560 -334
L 1034 562 333
L 1035 560 334
D 1032 561 2 1033 1034 1035 19
L 1036 558 216
D 1030 559 2 1031 1032 1036 19
L 1038 564 -326
L 1040 566 261
L 1041 568 256
L 1042 566 -261
D 1039 567 2 1040 1041 1042 19
L 1043 564 326
D 1037 565 2 1038 1039 1043 19
L 1046 562 -333
D 1045 561 2 1033 1046 1035 33
D 1044 559 2 1031 1045 1036 33
D 1029 563 2 1030 1037 1044 19
L 1050 556 -299
D 1049 555 2 1023 1050 1025 33
D 1048 553 2 1021 1049 1026 33
D 1047 551 2 1016 1048 1027 33
D 1014 557 2 1015 1029 1047 19
L 1055 546 44
D 1054 545 2 1004 1055 1006 33
D 1053 543 2 1002 1054 1007 33
D 1052 541 2 994 1053 1008 33
D 1051 535 2 986 1052 1011 33
D 984 547 2 985 1014 1051 19
L 1059 528 412
D 1058 527 2 976 1059 978 33
D 1057 525 2 974 1058 979 33
D 1056 523 2 959 1057 980 33
D 957 529 2 958 984 1056 19
L 1065 570 -210
L 1066 572 34
L 1067 570 210
D 1064 571 2 1065 1066 1067 19
L 1069 574 -211
L 1071 576 62
L 1072 578 -61
L 1073 576 -62
D 1070 577 2 1071 1072 1073 19
L 1074 574 211
D 1068 575 2 1069 1070 1074 19
L 1076 572 -34
D 1075 571 2 1065 1076 1067 33
D 1063 573 2 1064 1068 1075 19
L 1080 580 -188
L 1082 582 30
L 1083 584 -29
L 1084 582 -30
D 1081 583 2 1082 1083 1084 19
L 1085 580 188
D 1079 581 2 1080 1081 1085 19
L 1087 586 -318
L 1088 588 191
L 1089 586 318
D 1086 587 2 1087 1088 1089 19
L 1092 584 29
D 1091 583 2 1082 1092 1084 33
D 1090 581 2 1080 1091 1085 33
D 1078 585 2 1079 1086 1090 19
L 1094 590 73
L 1097 592 -96
L 1098 594 97
L 1099 592 96
D 1096 593 2 1097 1098 1099 19
L 1100 596 -74
L 1102 594 -97
D 1101 593 2 1097 1102 1099 33
D 1095 595 2 1096 1100 1101 19
L 1103 590 -73
D 1093 591 2 1094 1095 1103 19
L 1106 588 -191
D 1105 587 2 1087 1106 1089 33
D 1104 585 2 1079 1105 1090 33
D 1077 589 2 1078 1093 1104 19
L 1110 578 61
D 1109 577 2 1071 1110 1073 33
D 1108 575 2 1069 1109 1074 33
D 1107 573 2 1064 1108 1075 33
D 1062 579 2 1063 1077 1107 19
L 1113 598 184
L 1115 600 -119
L 1117 602 120
L 1119 604 -183
L 1121 606 51
L 1122 608 -52
L 1123 606 -51
D 1120 607 2 1121 1122 1123 19
L 1124 604 183
D 1118 605 2 1119 1120 1124 19
L 1125 602 -120
D 1116 603 2 1117 1118 1125 19
L 1126 600 119
D 1114 601 2 1115 1116 1126 19
L 1127 598 -184
D 1112 599 2 1113 1114 1127 19
L 1131 610 -57
L 1132 612 58
L 1133 610 57
D 1130 611 2 1131 1132 1133 19
L 1135 614 -186
L 1137 616 71
L 1138 618 -72
L 1139 616 -71
D 1136 617 2 1137 1138 1139 19
L 1140 614 186
D 1134 615 2 1135 1136 1140 19
L 1142 612 -58
D 1141 611 2 1131 1142 1133 33
D 1129 613 2 1130 1134 1141 19
L 1145 620 -221
L 1147 622 330
L 1148 624 -220
L 1149 622 -330
D 1146 623 2 1147 1148 1149 19
L 1150 620 221
D 1144 621 2 1145 1146 1150 19
L 1152 626 50
L 1155 628 -49
L 1157 630 66
L 1158 632 -65
L 1159 630 -66
D 1156 631 2 1157 1158 1159 19
L 1160 628 49
D 1154 629 2 1155 1156 1160 19
L 1161 634 -192
L 1164 632 65
D 1163 631 2 1157 1164 1159 33
D 1162 629 2 1155 1163 1160 33
D 1153 633 2 1154 1161 1162 19
L 1165 626 -50
D 1151 627 2 1152 1153 1165 19
L 1168 624 220
D 1167 623 2 1147 1168 1149 33
D 1166 621 2 1145 1167 1150 33
D 1143 625 2 1144 1151 1166 19
L 1172 618 72
D 1171 617 2 1137 1172 1139 33
D 1170 615 2 1135 1171 1140 33
D 1169 613 2 1130 1170 1141 33
D 1128 619 2 1129 1143 1169 19
L 1178 608 52
D 1177 607 2 1121 1178 1123 33
D 1176 605 2 1119 1177 1124 33
D 1175 603 2 1117 1176 1125 33
D 1174 601 2 1115 1175 1126 33
D 1173 599 2 1113 1174 1127 33
D 1111 609 2 1112 1128 1173 19
L 1183 596 74
D 1182 595 2 1096 1183 1101 33
D 1181 591 2 1094 1182 1103 33
D 1180 589 2 1078 1181 1104 33
D 1179 579 2 1063 1180 1107 33
D 1061 597 2 1062 1111 1179 19
L 1188 636 -366
L 1189 638 294
L 1190 636 366
D 1187 637 2 1188 1189 1190 19
L 1193 640 150
L 1194 642 -149
L 1195 640 -150
D 1192 641 2 1193 1194 1195 19
L 1196 644 295
L 1198 642 149
D 1197 641 2 1193 1198 1195 33
D 1191 643 2 1192 1196 1197 19
L 1200 638 -294
D 1199 637 2 1188 1200 1190 33
D 1186 639 2 1187 1191 1199 19
L 1204 646 -79
L 1205 648 80
L 1206 646 79
D 1203 647 2 1204 1205 1206 19
L 1209 650 -63
L 1210 652 64
L 1211 650 63
D 1208 651 2 1209 1210 1211 19
L 1213 654 101
L 1214 656 -102
L 1215 654 -101
D 1212 655 2 1213 1214 1215 19
L 1217 652 -64
D 1216 651 2 1209 1217 1211 33
D 1207 653 2 1208 1212 1216 19
L 1219 648 -80
D 1218 647 2 1204 1219 1206 33
D 1202 649 2 1203 1207 1218 19
L 1222 658 -345
L 1224 660 134
L 1225 662 -133
L 1226 660 -134
D 1223 661 2 1224 1225 1226 19
L 1227 658 345
D 1221 659 2 1222 1223 1227 19
L 1229 664 113
L 1230 666 -114
L 1231 664 -113
D 1228 665 2 1229 1230 1231 19
L 1234 662 133
D 1233 661 2 1224 1234 1226 33
D 1232 659 2 1222 1233 1227 33
D 1220 663 2 1221 1228 1232 19
L 1238 656 102
D 1237 655 2 1213 1238 1215 33
D 1236 653 2 1208 1237 1216 33
D 1235 649 2 1203 1236 1218 33
D 1201 657 2 1202 1220 1235 19
L 1241 644 -295
D 1240 643 2 1192 1241 1197 33
D 1239 639 2 1187 1240 1199 33
D 1185 645 2 1186 1201 1239 19
L 1246 668 297
L 1248 670 -194
L 1250 672 112
L 1251 674 -111
L 1252 672 -112
D 1249 673 2 1250 1251 1252 19
L 1253 670 194
D 1247 671 2 1248 1249 1253 19
L 1254 668 -297
D 1245 669 2 1246 1247 1254 19
L 1256 676 -190
L 1258 678 -106
L 1260 680 -337
L 1262 682 105
L 1264 684 -70
L 1265 686 69
L 1266 684 70
D 1263 685 2 1264 1265 1266 19
L 1267 682 -105
D 1261 683 2 1262 1263 1267 19
L 1268 680 337
D 1259 681 2 1260 1261 1268 19
L 1269 678 106
D 1257 679 2 1258 1259 1269 19
L 1270 676 190
D 1255 677 2 1256 1257 1270 19
L 1274 674 111
D 1273 673 2 1250 1274 1252 33
D 1272 671 2 1248 1273 1253 33
D 1271 669 2 1246 1272 1254 33
D 1244 675 2 1245 1255 1271 19
L 1277 688 -344
L 1279 690 -343
L 1280 692 275
L 1281 690 343
D 1278 691 2 1279 1280 1281 19
L 1282 688 344
D 1276 689 2 1277 1278 1282 19
L 1284 694 -367
L 1288 696 -153
L 1289 698 154
L 1290 696 153
D 1287 697 2 1288 1289 1290 19
L 1291 700 -130
L 1293 698 -154
D 1292 697 2 1288 1293 1290 33
D 1286 699 2 1287 1291 1292 19
L 1294 702 129
L 1296 700 130
D 1295 699 2 1287 1296 1292 33
D 1285 701 2 1286 1294 1295 19
L 1297 694 367
D 1283 695 2 1284 1285 1297 19
L 1300 692 -275
D 1299 691 2 1279 1300 1281 33
D 1298 689 2 1277 1299 1282 33
D 1275 693 2 1276 1283 1298 19
L 1307 686 -69
D 1306 685 2 1264 1307 1266 33
D 1305 683 2 1262 1306 1267 33
D 1304 681 2 1260 1305 1268 33
D 1303 679 2 1258 1304 1269 33
D 1302 677 2 1256 1303 1270 33
D 1301 675 2 1245 1302 1271 33
D 1243 687 2 1244 1275 1301 19
L 1314 704 36
L 1315 706 -35
L 1316 704 -36
L 1317 706 35
D 1313 705 2 1314 1315 1316 1317
L 1319 708 280
L 1320 710 -222
L 1321 708 -280
D 1318 709 2 1319 1320 1321 19
D 1322 705 2 1316 1315 1314 1317
D 1312 707 2 1313 1318 1322 19
L 1324 712 359
L 1325 714 -358
L 1326 712 -359
D 1323 713 2 1324 1325 1326 19
L 1329 710 222
D 1328 709 2 1319 1329 1321 33
D 1327 707 2 1313 1328 1322 33
D 1311 711 2 1312 1323 1327 19
L 1332 716 -368
L 1334 718 370
L 1335 720 369
L 1336 718 -370
D 1333 719 2 1334 1335 1336 19
L 1337 716 368
D 1331 717 2 1332 1333 1337 19
L 1340 722 -371
L 1341 724 372
L 1342 722 371
D 1339 723 2 1340 1341 1342 19
L 1344 726 373
L 1345 728 331
L 1346 726 -373
D 1343 727 2 1344 1345 1346 19
L 1348 724 -372
D 1347 723 2 1340 1348 1342 33
D 1338 725 2 1339 1343 1347 19
L 1351 720 -369
D 1350 719 2 1334 1351 1336 33
D 1349 717 2 1332 1350 1337 33
D 1330 721 2 1331 1338 1349 19
L 1354 714 358
D 1353 713 2 1324 1354 1326 33
D 1352 711 2 1312 1353 1327 33
D 1310 715 2 1311 1330 1352 19
L 1357 730 24
L 1360 732 -45
L 1361 734 46
L 1362 732 45
D 1359 733 2 1360 1361 1362 19
L 1364 736 -201
L 1366 738 47
L 1367 740 -48
L 1368 738 -47
D 1365 739 2 1366 1367 1368 19
L 1369 736 201
D 1363 737 2 1364 1365 1369 19
L 1371 734 -46
D 1370 733 2 1360 1371 1362 33
D 1358 735 2 1359 1363 1370 19
L 1372 730 -24
D 1356 731 2 1357 1358 1372 19
L 1375 742 -200
L 1378 744 -197
L 1380 746 -196
L 1381 748 187
L 1382 746 196
D 1379 747 2 1380 1381 1382 19
L 1383 744 197
D 1377 745 2 1378 1379 1383 19
L 1386 750 -23
L 1387 752 88
L 1388 750 23
D 1385 751 2 1386 1387 1388 19
L 1390 754 85
L 1391 756 -86
L 1392 754 -85
D 1389 755 2 1390 1391 1392 19
L 1394 752 -88
D 1393 751 2 1386 1394 1388 33
D 1384 753 2 1385 1389 1393 19
L 1397 748 -187
D 1396 747 2 1380 1397 1382 33
D 1395 745 2 1378 1396 1383 33
D 1376 749 2 1377 1384 1395 19
L 1398 742 200
D 1374 743 2 1375 1376 1398 19
L 1403 758 -87
L 1404 760 -89
L 1405 758 87
D 1402 759 2 1403 1404 1405 19
L 1407 762 99
L 1408 764 -98
L 1409 762 -99
D 1406 763 2 1407 1408 1409 19
L 1411 760 89
D 1410 759 2 1403 1411 1405 33
D 1401 761 2 1402 1406 1410 19
L 1414 766 -82
L 1415 768 81
L 1416 766 82
D 1413 767 2 1414 1415 1416 19
L 1418 770 -56
L 1419 772 55
L 1420 770 56
D 1417 771 2 1418 1419 1420 19
L 1422 768 -81
D 1421 767 2 1414 1422 1416 33
D 1412 769 2 1413 1417 1421 19
L 1425 764 98
D 1424 763 2 1407 1425 1409 33
D 1423 761 2 1402 1424 1410 33
D 1400 765 2 1401 1412 1423 19
L 1428 774 83
L 1430 776 -84
L 1431 778 -100
L 1432 776 84
D 1429 777 2 1430 1431 1432 19
L 1433 774 -83
D 1427 775 2 1428 1429 1433 19
L 1435 780 -199
L 1437 782 25
L 1438 784 -26
L 1439 782 -25
D 1436 783 2 1437 1438 1439 19
L 1440 780 199
D 1434 781 2 1435 1436 1440 19
L 1443 778 100
D 1442 777 2 1430 1443 1432 33
D 1441 775 2 1428 1442 1433 33
D 1426 779 2 1427 1434 1441 19
L 1447 772 -55
D 1446 771 2 1418 1447 1420 33
D 1445 769 2 1413 1446 1421 33
D 1444 765 2 1401 1445 1423 33
D 1399 773 2 1400 1426 1444 19
L 1452 756 86
D 1451 755 2 1390 1452 1392 33
D 1450 753 2 1385 1451 1393 33
D 1449 749 2 1377 1450 1395 33
D 1448 743 2 1375 1449 1398 33
D 1373 757 2 1374 1399 1448 19
L 1457 740 48
D 1456 739 2 1366 1457 1368 33
D 1455 737 2 1364 1456 1369 33
D 1454 735 2 1359 1455 1370 33
D 1453 731 2 1357 1454 1372 33
D 1355 741 2 1356 1373 1453 19
L 1462 728 -331
D 1461 727 2 1344 1462 1346 33
D 1460 725 2 1339 1461 1347 33
D 1459 721 2 1331 1460 1349 33
D 1458 715 2 1311 1459 1352 33
D 1309 729 2 1310 1355 1458 19
L 1466 786 -322
L 1468 788 -195
L 1469 790 -193
L 1470 788 195
D 1467 789 2 1468 1469 1470 19
L 1471 786 322
D 1465 787 2 1466 1467 1471 19
L 1474 792 -90
L 1475 794 91
L 1476 792 90
D 1473 793 2 1474 1475 1476 19
L 1479 796 -124
L 1480 798 123
L 1481 796 124
D 1478 797 2 1479 1480 1481 19
L 1483 800 -68
L 1484 802 67
L 1485 800 68
D 1482 801 2 1483 1484 1485 19
L 1487 798 -123
D 1486 797 2 1479 1487 1481 33
D 1477 799 2 1478 1482 1486 19
L 1489 794 -91
D 1488 793 2 1474 1489 1476 33
D 1472 795 2 1473 1477 1488 19
L 1492 790 193
D 1491 789 2 1468 1492 1470 33
D 1490 787 2 1466 1491 1471 33
D 1464 791 2 1465 1472 1490 19
L 1496 804 -342
L 1497 806 296
L 1498 804 342
D 1495 805 2 1496 1497 1498 19
L 1500 808 -209
L 1502 810 147
L 1503 812 -148
L 1504 810 -147
D 1501 811 2 1502 1503 1504 19
L 1505 808 209
D 1499 809 2 1500 1501 1505 19
L 1507 806 -296
D 1506 805 2 1496 1507 1498 33
D 1494 807 2 1495 1499 1506 19
L 1511 814 -185
L 1513 816 -117
L 1514 818 118
L 1515 816 117
D 1512 817 2 1513 1514 1515 19
L 1516 814 185
D 1510 815 2 1511 1512 1516 19
L 1517 820 -33
L 1520 818 -118
D 1519 817 2 1513 1520 1515 33
D 1518 815 2 1511 1519 1516 33
D 1509 819 2 1510 1517 1518 19
L 1523 822 362
L 1525 824 315
L 1527 826 -223
L 1528 828 -218
L 1529 826 223
D 1526 827 2 1527 1528 1529 19
L 1530 824 -315
D 1524 825 2 1525 1526 1530 19
L 1531 822 -362
D 1522 823 2 1523 1524 1531 19
L 1533 830 391
L 1534 832 -263
L 1535 830 -391
D 1532 831 2 1533 1534 1535 19
L 1539 828 218
D 1538 827 2 1527 1539 1529 33
D 1537 825 2 1525 1538 1530 33
D 1536 823 2 1523 1537 1531 33
D 1521 829 2 1522 1532 1536 19
L 1541 820 33
D 1540 819 2 1510 1541 1518 33
D 1508 821 2 1509 1521 1540 19
L 1545 812 148
D 1544 811 2 1502 1545 1504 33
D 1543 809 2 1500 1544 1505 33
D 1542 807 2 1495 1543 1506 33
D 1493 813 2 1494 1508 1542 19
L 1550 802 -67
D 1549 801 2 1483 1550 1485 33
D 1548 799 2 1478 1549 1486 33
D 1547 795 2 1473 1548 1488 33
D 1546 791 2 1465 1547 1490 33
D 1463 803 2 1464 1493 1546 19
L 1558 784 26
D 1557 783 2 1437 1558 1439 33
D 1556 781 2 1435 1557 1440 33
D 1555 779 2 1427 1556 1441 33
D 1554 773 2 1400 1555 1444 33
D 1553 757 2 1374 1554 1448 33
D 1552 741 2 1356 1553 1453 33
D 1551 729 2 1310 1552 1458 33
D 1308 785 2 1309 1463 1551 19
L 1563 702 -129
D 1562 701 2 1286 1563 1295 33
D 1561 695 2 1284 1562 1297 33
D 1560 693 2 1276 1561 1298 33
D 1559 687 2 1244 1560 1301 33
D 1242 703 2 1243 1308 1559 19
L 1568 666 114
D 1567 665 2 1229 1568 1231 33
D 1566 663 2 1221 1567 1232 33
D 1565 657 2 1202 1566 1235 33
D 1564 645 2 1186 1565 1239 33
D 1184 667 2 1185 1242 1564 19
L 1575 634 192
D 1574 633 2 1154 1575 1162 33
D 1573 627 2 1152 1574 1165 33
D 1572 625 2 1144 1573 1166 33
D 1571 619 2 1129 1572 1169 33
D 1570 609 2 1112 1571 1173 33
D 1569 597 2 1062 1570 1179 33
D 1060 635 2 1061 1184 1569 19
L 1582 568 -256
D 1581 567 2 1040 1582 1042 33
D 1580 565 2 1038 1581 1043 33
D 1579 563 2 1030 1580 1044 33
D 1578 557 2 1015 1579 1047 33
D 1577 547 2 985 1578 1051 33
D 1576 529 2 958 1577 1056 33
D 956 569 2 957 1060 1576 19
L 1590 512 347
D 1589 511 2 931 1590 933 33
D 1588 509 2 929 1589 934 33
D 1587 507 2 924 1588 935 33
D 1586 503 2 915 1587 937 33
D 1585 497 2 890 1586 939 33
D 1584 481 2 813 1585 945 33
D 1583 439 2 775 1584 951 33
D 773 513 2 774 956 1583 19
L 1597 416 246
D 1596 415 2 751 1597 753 33
D 1595 413 2 740 1596 754 33
D 1594 405 2 735 1595 758 33
D 1593 401 2 723 1594 760 33
D 1592 393 2 673 1593 763 33
D 1591 365 2 635 1592 768 33
D 633 417 2 634 773 1591 19
L 1604 342 -264
D 1603 341 2 614 1604 616 33
D 1602 339 2 612 1603 617 33
D 1601 337 2 604 1602 618 33
D 1600 331 2 596 1601 621 33
D 1599 325 2 573 1600 624 33
D 1598 311 2 539 1599 628 33
D 537 343 2 538 633 1598 19
L 1612 290 -143
D 1611 289 2 506 1612 508 33
D 1610 287 2 504 1611 509 33
D 1609 285 2 499 1610 510 33
D 1608 281 2 485 1609 512 33
D 1607 271 2 460 1608 517 33
D 1606 255 2 384 1607 523 33
D 1605 213 2 312 1606 530 33
D 310 291 2 311 537 1605 19
L 1621 172 236
D 1620 171 2 276 1621 278 33
D 1619 169 2 271 1620 279 33
D 1618 165 2 266 1619 281 33
D 1617 161 2 251 1618 283 33
D 1616 151 2 199 1617 287 33
D 1615 121 2 176 1616 294 33
D 1614 107 2 116 1615 298 33
D 1613 73 2 82 1614 305 33
D 80 173 2 81 310 1613 19
D 1623 47 2 78 71 70 19
D 1622 45 2 68 1623 79 19
D 1629 293 2 549 542 541 19
D 1630 293 2 549 569 541 33
D 1628 299 2 1629 550 1630 19
D 1634 329 2 601 623 599 19
D 1633 327 2 597 1634 602 19
D 1637 335 2 609 620 607 19
D 1636 333 2 605 1637 610 19
D 1639 335 2 609 608 607 33
D 1638 333 2 605 1639 610 33
D 1635 337 2 1636 611 1638 19
D 1641 329 2 601 600 599 33
D 1640 327 2 597 1641 602 33
D 1632 331 2 1633 1635 1640 19
D 1631 325 2 573 1632 624 19
D 1642 299 2 1629 629 1630 33
D 1627 311 2 1628 1631 1642 19
D 1648 353 2 652 651 650 19
D 1649 353 2 652 658 650 33
D 1647 355 2 1648 653 1649 19
D 1651 363 2 664 772 662 19
D 1650 361 2 660 1651 665 19
D 1652 355 2 1648 667 1649 33
D 1646 359 2 1647 1650 1652 19
D 1645 351 2 636 1646 669 19
D 1656 363 2 664 663 662 33
D 1655 361 2 660 1656 665 33
D 1654 359 2 1647 1655 1652 33
D 1653 351 2 636 1654 669 33
D 1644 365 2 1645 672 1653 19
D 1662 501 2 916 938 921 19
D 1663 501 2 916 920 921 33
D 1661 503 2 1662 923 1663 19
D 1660 497 2 890 1661 939 19
D 1659 481 2 813 1660 945 19
D 1658 439 2 775 1659 951 19
D 1667 503 2 1662 1587 1663 33
D 1666 497 2 890 1667 939 33
D 1665 481 2 813 1666 945 33
D 1664 439 2 775 1665 951 33
D 1657 513 2 1658 956 1664 19
D 1668 365 2 1645 1592 1653 33
D 1643 417 2 1644 1657 1668 19
D 1672 337 2 1636 1602 1638 33
D 1671 331 2 1633 1672 1640 33
D 1670 325 2 573 1671 624 33
D 1669 311 2 1628 1670 1642 33
D 1626 343 2 1627 1643 1669 19
D 1625 291 2 311 1626 1605 19
D 1624 173 2 81 1625 1613 19
L 1676 52 -304
D 1675 51 2 74 1676 76 33
D 1674 49 2 72 1675 77 33
D 1673 45 2 68 1674 79 33
D 66 53 3 67 80 1622 1624 1673 19
L 1682 42 -390
D 1681 41 2 53 1682 55 33
D 1680 39 2 51 1681 56 33
D 1679 37 2 43 1680 57 33
D 1678 31 2 35 1679 60 33
D 1677 25 2 22 1678 63 33
D 20 43 2 21 66 1677 19
L 1684 16 393
D 1683 15 2 16 1684 18 33
D 14 17 2 15 20 1683 19
L 1685 12 227
D 12 13 2 13 14 1685 19
L 1686 10 225
D 10 11 2 11 12 1686 19
L 1687 8 257
D 8 9 2 9 10 1687 19
L 1688 6 242
D 6 7 2 7 8 1688 19
L 1689 4 224
D 4 5 2 5 6 1689 19
L 1690 2 -394
D 2 3 2 3 4 1690 19
L 1691 0 244
D 0 1 2 1 2 1691 19
